29 0.19683257918552036 0.7714723926380368 0.167420814479638 0.13190184049079753
29 0.7963800904977375 0.7714723926380368 0.167420814479638 0.13190184049079753
29 0.18665158371040724 0.21088957055214724 0.1244343891402715 0.11503067484662577
29 0.7861990950226244 0.21088957055214724 0.1244343891402715 0.11503067484662577
29 0.501131221719457 0.11503067484662577 0.18778280542986425 0.1687116564417178
29 0.48868778280542985 0.8788343558282209 0.16289592760180996 0.147239263803681
12 0.11990950226244344 0.09662576687116564 0.06787330316742081 0.049079754601226995
15 0.07239819004524888 0.5513803680981595 0.06787330316742081 0.05061349693251534
1 0.09728506787330317 0.6894171779141104 0.07692307692307693 0.0598159509202454
6 0.09502262443438914 0.651840490797546 0.13574660633484162 0.10429447852760736
7 0.22737556561085973 0.12193251533742332 0.04751131221719457 0.04754601226993865
9 0.6504524886877828 0.6587423312883436 0.11085972850678733 0.07515337423312883
5 0.1583710407239819 0.49693251533742333 0.06787330316742081 0.049079754601226995
13 0.6312217194570136 0.6142638036809815 0.09502262443438914 0.06901840490797546
1 0.581447963800905 0.5115030674846626 0.07692307692307693 0.0598159509202454
24 0.41968325791855204 0.9164110429447853 0.0746606334841629 0.029141104294478526
25 0.5237556561085973 0.4179447852760736 0.1425339366515837 0.07208588957055215
28 0.5723981900452488 0.8980061349693251 0.1085972850678733 0.08128834355828221
