29 0.19683257918552036 0.7714723926380368 0.167420814479638 0.13190184049079753
29 0.7963800904977375 0.7714723926380368 0.167420814479638 0.13190184049079753
29 0.18665158371040724 0.21088957055214724 0.1244343891402715 0.11503067484662577
29 0.7861990950226244 0.21088957055214724 0.1244343891402715 0.11503067484662577
29 0.501131221719457 0.11503067484662577 0.18778280542986425 0.1687116564417178
29 0.48868778280542985 0.8788343558282209 0.16289592760180996 0.147239263803681
8 0.582579185520362 0.41411042944785276 0.16968325791855204 0.1196319018404908
4 0.6289592760180995 0.629601226993865 0.12217194570135746 0.09969325153374232
14 0.3031674208144796 0.07131901840490798 0.049773755656108594 0.04447852760736196
5 0.07918552036199095 0.7361963190184049 0.06787330316742081 0.049079754601226995
21 0.2658371040723982 0.4838957055214724 0.1334841628959276 0.10276073619631902
7 0.6414027149321267 0.370398773006135 0.05203619909502263 0.04141104294478527
