29 0.19683257918552036 0.7714723926380368 0.167420814479638 0.13190184049079753
29 0.7963800904977375 0.7714723926380368 0.167420814479638 0.13190184049079753
29 0.18665158371040724 0.21088957055214724 0.1244343891402715 0.11503067484662577
29 0.7861990950226244 0.21088957055214724 0.1244343891402715 0.11503067484662577
29 0.501131221719457 0.11503067484662577 0.18778280542986425 0.1687116564417178
29 0.48868778280542985 0.8788343558282209 0.16289592760180996 0.147239263803681
20 0.05429864253393665 0.3964723926380368 0.04524886877828054 0.03834355828220859
0 0.5610859728506787 0.5897239263803681 0.05429864253393665 0.05368098159509203
13 0.6719457013574661 0.5452453987730062 0.09502262443438914 0.06901840490797546
10 0.3574660633484163 0.6081288343558282 0.12669683257918551 0.14570552147239263
6 0.8733031674208145 0.6656441717791411 0.13574660633484162 0.10429447852760736
12 0.2228506787330317 0.661042944785276 0.083710407239819 0.06748466257668712
25 0.8959276018099548 0.5375766871165644 0.13122171945701358 0.09662576687116564
28 0.1832579185520362 0.7246932515337423 0.1085972850678733 0.08128834355828221
