29 0.19683257918552036 0.7714723926380368 0.167420814479638 0.13190184049079753
29 0.7963800904977375 0.7714723926380368 0.167420814479638 0.13190184049079753
29 0.18665158371040724 0.21088957055214724 0.1244343891402715 0.11503067484662577
29 0.7861990950226244 0.21088957055214724 0.1244343891402715 0.11503067484662577
29 0.501131221719457 0.11503067484662577 0.18778280542986425 0.1687116564417178
29 0.48868778280542985 0.8788343558282209 0.16289592760180996 0.147239263803681
7 0.05203619909502263 0.31671779141104295 0.06334841628959276 0.05368098159509203
13 0.5509049773755657 0.575920245398773 0.09728506787330317 0.07208588957055215
10 0.8778280542986425 0.6081288343558282 0.12669683257918551 0.14570552147239263
22 0.07239819004524888 0.5107361963190185 0.12217194570135746 0.0950920245398773
19 0.6199095022624435 0.4325153374233129 0.13122171945701358 0.13190184049079753
2 0.45475113122171945 0.5291411042944786 0.07692307692307693 0.0950920245398773
20 0.10407239819004525 0.6679447852760736 0.04524886877828054 0.03834355828220859
18 0.083710407239819 0.9340490797546013 0.04072398190045249 0.05828220858895705
14 0.05203619909502263 0.2875766871165644 0.049773755656108594 0.04447852760736196
11 0.3902714932126697 0.49616564417177916 0.1334841628959276 0.07515337423312883
27 0.5531674208144797 0.7898773006134969 0.07013574660633484 0.05521472392638037
28 0.915158371040724 0.2822085889570552 0.083710407239819 0.08895705521472393
26 0.9117647058823529 0.17331288343558282 0.10407239819004525 0.0705521472392638
