29 0.19683257918552036 0.7714723926380368 0.167420814479638 0.13190184049079753
29 0.7963800904977375 0.7714723926380368 0.167420814479638 0.13190184049079753
29 0.18665158371040724 0.21088957055214724 0.1244343891402715 0.11503067484662577
29 0.7861990950226244 0.21088957055214724 0.1244343891402715 0.11503067484662577
29 0.501131221719457 0.11503067484662577 0.18778280542986425 0.1687116564417178
29 0.48868778280542985 0.8788343558282209 0.16289592760180996 0.147239263803681
13 0.8065610859728507 0.4946319018404908 0.09728506787330317 0.07208588957055215
18 0.04524886877828054 0.2691717791411043 0.04524886877828054 0.05368098159509203
11 0.6380090497737556 0.5881901840490797 0.08144796380090498 0.1058282208588957
19 0.5678733031674208 0.3665644171779141 0.13122171945701358 0.13190184049079753
3 0.2873303167420814 0.6349693251533742 0.058823529411764705 0.06134969325153374
1 0.6742081447963801 0.4746932515337423 0.07692307692307693 0.0598159509202454
22 0.19230769230769232 0.5 0.12217194570135746 0.0950920245398773
27 0.3020361990950226 0.7584355828220859 0.06108597285067873 0.05368098159509203
28 0.6165158371040724 0.40644171779141103 0.083710407239819 0.08895705521472393
