29 0.19683257918552036 0.7714723926380368 0.167420814479638 0.13190184049079753
29 0.7963800904977375 0.7714723926380368 0.167420814479638 0.13190184049079753
29 0.18665158371040724 0.21088957055214724 0.1244343891402715 0.11503067484662577
29 0.7861990950226244 0.21088957055214724 0.1244343891402715 0.11503067484662577
29 0.501131221719457 0.11503067484662577 0.18778280542986425 0.1687116564417178
29 0.48868778280542985 0.8788343558282209 0.16289592760180996 0.147239263803681
4 0.8687782805429864 0.4762269938650307 0.12217194570135746 0.09969325153374232
7 0.4276018099547511 0.47929447852760737 0.06334841628959276 0.05368098159509203
11 0.35294117647058826 0.46932515337423314 0.09502262443438914 0.07668711656441718
19 0.6312217194570136 0.27607361963190186 0.13122171945701358 0.13190184049079753
22 0.4796380090497738 0.4708588957055215 0.12217194570135746 0.0950920245398773
24 0.6595022624434389 0.3773006134969325 0.07918552036199095 0.03374233128834356
28 0.48755656108597284 0.8596625766871165 0.10180995475113122 0.05368098159509203
27 0.5667420814479638 0.43558282208588955 0.07013574660633484 0.05521472392638037
