29 0.19683257918552036 0.7714723926380368 0.167420814479638 0.13190184049079753
29 0.7963800904977375 0.7714723926380368 0.167420814479638 0.13190184049079753
29 0.18665158371040724 0.21088957055214724 0.1244343891402715 0.11503067484662577
29 0.7861990950226244 0.21088957055214724 0.1244343891402715 0.11503067484662577
29 0.501131221719457 0.11503067484662577 0.18778280542986425 0.1687116564417178
29 0.48868778280542985 0.8788343558282209 0.16289592760180996 0.147239263803681
17 0.5180995475113123 0.5743865030674846 0.10407239819004525 0.08742331288343558
20 0.19230769230769232 0.12039877300613497 0.04524886877828054 0.03834355828220859
21 0.5565610859728507 0.7223926380368099 0.1493212669683258 0.08895705521472393
15 0.5972850678733032 0.31671779141104295 0.08144796380090498 0.0598159509202454
14 0.21266968325791855 0.6319018404907976 0.03167420814479638 0.03067484662576687
10 0.14705882352941177 0.5866564417177914 0.12669683257918551 0.14570552147239263
2 0.3936651583710407 0.5398773006134969 0.07692307692307693 0.0950920245398773
9 0.17081447963800905 0.5575153374233128 0.07918552036199095 0.07208588957055215
7 0.32918552036199095 0.683282208588957 0.04751131221719457 0.04754601226993865
