29 0.19683257918552036 0.7714723926380368 0.167420814479638 0.13190184049079753
29 0.7963800904977375 0.7714723926380368 0.167420814479638 0.13190184049079753
29 0.18665158371040724 0.21088957055214724 0.1244343891402715 0.11503067484662577
29 0.7861990950226244 0.21088957055214724 0.1244343891402715 0.11503067484662577
29 0.501131221719457 0.11503067484662577 0.18778280542986425 0.1687116564417178
29 0.48868778280542985 0.8788343558282209 0.16289592760180996 0.147239263803681
10 0.07239819004524888 0.6771472392638037 0.12669683257918551 0.14570552147239263
18 0.37895927601809953 0.5621165644171779 0.042986425339366516 0.05674846625766871
22 0.5384615384615384 0.3496932515337423 0.12217194570135746 0.0950920245398773
21 0.14819004524886878 0.647239263803681 0.1425339366515837 0.07975460122699386
23 0.6040723981900452 0.6656441717791411 0.05429864253393665 0.09202453987730061
8 0.2160633484162896 0.5797546012269938 0.16968325791855204 0.1196319018404908
4 0.4762443438914027 0.575920245398773 0.11990950226244344 0.09355828220858896
14 0.6832579185520362 0.24003067484662577 0.05429864253393665 0.0352760736196319
26 0.7669683257918553 0.38496932515337423 0.10407239819004525 0.0705521472392638
