29 0.19683257918552036 0.7714723926380368 0.167420814479638 0.13190184049079753
29 0.7963800904977375 0.7714723926380368 0.167420814479638 0.13190184049079753
29 0.18665158371040724 0.21088957055214724 0.1244343891402715 0.11503067484662577
29 0.7861990950226244 0.21088957055214724 0.1244343891402715 0.11503067484662577
29 0.501131221719457 0.11503067484662577 0.18778280542986425 0.1687116564417178
29 0.48868778280542985 0.8788343558282209 0.16289592760180996 0.147239263803681
8 0.6334841628959276 0.6280674846625767 0.167420814479638 0.11809815950920245
0 0.04638009049773756 0.9248466257668712 0.07013574660633484 0.049079754601226995
4 0.7680995475113123 0.5590490797546013 0.11990950226244344 0.09355828220858896
21 0.19796380090497737 0.536042944785276 0.1334841628959276 0.10276073619631902
22 0.3914027149321267 0.4647239263803681 0.12217194570135746 0.0950920245398773
2 0.5350678733031674 0.7361963190184049 0.0746606334841629 0.08895705521472393
24 0.7737556561085973 0.5820552147239264 0.08597285067873303 0.04447852760736196
27 0.06221719457013575 0.6058282208588958 0.07013574660633484 0.05521472392638037
25 0.4626696832579186 0.5958588957055214 0.1425339366515837 0.07208588957055215
