29 0.19683257918552036 0.7714723926380368 0.167420814479638 0.13190184049079753
29 0.7963800904977375 0.7714723926380368 0.167420814479638 0.13190184049079753
29 0.18665158371040724 0.21088957055214724 0.1244343891402715 0.11503067484662577
29 0.7861990950226244 0.21088957055214724 0.1244343891402715 0.11503067484662577
29 0.501131221719457 0.11503067484662577 0.18778280542986425 0.1687116564417178
29 0.48868778280542985 0.8788343558282209 0.16289592760180996 0.147239263803681
21 0.6549773755656109 0.651840490797546 0.1425339366515837 0.07975460122699386
12 0.0667420814479638 0.6794478527607362 0.083710407239819 0.06748466257668712
5 0.3246606334841629 0.02147239263803681 0.0746606334841629 0.03680981595092025
18 0.8099547511312217 0.6855828220858896 0.04072398190045249 0.05828220858895705
7 0.7409502262443439 0.6924846625766872 0.05203619909502263 0.04141104294478527
14 0.083710407239819 0.9501533742331288 0.05429864253393665 0.0352760736196319
26 0.8438914027149321 0.566717791411043 0.09954751131221719 0.06595092024539877
28 0.9490950226244343 0.656441717791411 0.083710407239819 0.08895705521472393
25 0.8427601809954751 0.09279141104294479 0.1425339366515837 0.07208588957055215
28 0.3766968325791855 0.7776073619631901 0.083710407239819 0.08895705521472393
