29 0.19683257918552036 0.7714723926380368 0.167420814479638 0.13190184049079753
29 0.7963800904977375 0.7714723926380368 0.167420814479638 0.13190184049079753
29 0.18665158371040724 0.21088957055214724 0.1244343891402715 0.11503067484662577
29 0.7861990950226244 0.21088957055214724 0.1244343891402715 0.11503067484662577
29 0.501131221719457 0.11503067484662577 0.18778280542986425 0.1687116564417178
29 0.48868778280542985 0.8788343558282209 0.16289592760180996 0.147239263803681
19 0.5407239819004525 0.6840490797546013 0.13122171945701358 0.13190184049079753
15 0.5882352941176471 0.2223926380368098 0.08144796380090498 0.046012269938650305
22 0.17873303167420815 0.5782208588957055 0.12217194570135746 0.0950920245398773
8 0.20588235294117646 0.5682515337423313 0.167420814479638 0.11809815950920245
5 0.8755656108597285 0.48773006134969327 0.06787330316742081 0.049079754601226995
6 0.4117647058823529 0.6441717791411042 0.16289592760180996 0.10122699386503067
13 0.4807692307692308 0.4869631901840491 0.09728506787330317 0.07208588957055215
20 0.7352941176470589 0.5145705521472392 0.04524886877828054 0.03834355828220859
7 0.5101809954751131 0.47776073619631904 0.05203619909502263 0.04141104294478527
4 0.8088235294117647 0.5544478527607362 0.11990950226244344 0.09355828220858896
24 0.9445701357466063 0.3159509202453988 0.07918552036199095 0.03374233128834356
