29 0.19683257918552036 0.7714723926380368 0.167420814479638 0.13190184049079753
29 0.7963800904977375 0.7714723926380368 0.167420814479638 0.13190184049079753
29 0.18665158371040724 0.21088957055214724 0.1244343891402715 0.11503067484662577
29 0.7861990950226244 0.21088957055214724 0.1244343891402715 0.11503067484662577
29 0.501131221719457 0.11503067484662577 0.18778280542986425 0.1687116564417178
29 0.48868778280542985 0.8788343558282209 0.16289592760180996 0.147239263803681
2 0.1414027149321267 0.602760736196319 0.0746606334841629 0.08895705521472393
18 0.7217194570135747 0.651840490797546 0.04072398190045249 0.05828220858895705
22 0.5859728506787331 0.2607361963190184 0.12217194570135746 0.0950920245398773
6 0.24434389140271492 0.5 0.13574660633484162 0.10429447852760736
5 0.6199095022624435 0.7438650306748467 0.06787330316742081 0.049079754601226995
16 0.5509049773755657 0.7384969325153374 0.10180995475113122 0.0598159509202454
1 0.20135746606334842 0.5529141104294478 0.07692307692307693 0.0598159509202454
24 0.3212669683257919 0.6096625766871165 0.08597285067873303 0.04447852760736196
27 0.5282805429864253 0.04754601226993865 0.07013574660633484 0.05521472392638037
25 0.43665158371040724 0.31058282208588955 0.13122171945701358 0.09662576687116564
26 0.8936651583710408 0.38880368098159507 0.09954751131221719 0.06595092024539877
