29 0.19683257918552036 0.7714723926380368 0.167420814479638 0.13190184049079753
29 0.7963800904977375 0.7714723926380368 0.167420814479638 0.13190184049079753
29 0.18665158371040724 0.21088957055214724 0.1244343891402715 0.11503067484662577
29 0.7861990950226244 0.21088957055214724 0.1244343891402715 0.11503067484662577
29 0.501131221719457 0.11503067484662577 0.18778280542986425 0.1687116564417178
29 0.48868778280542985 0.8788343558282209 0.16289592760180996 0.147239263803681
1 0.4660633484162896 0.41180981595092025 0.09049773755656108 0.06595092024539877
21 0.35180995475113125 0.575920245398773 0.1334841628959276 0.10276073619631902
19 0.8280542986425339 0.5107361963190185 0.13122171945701358 0.13190184049079753
13 0.27149321266968324 0.03450920245398773 0.09502262443438914 0.06901840490797546
17 0.20361990950226244 0.6480061349693251 0.10407239819004525 0.08742331288343558
11 0.5859728506787331 0.683282208588957 0.13574660633484162 0.07515337423312883
10 0.07013574660633484 0.522239263803681 0.12669683257918551 0.14570552147239263
3 0.05090497737556561 0.4371165644171779 0.05203619909502263 0.06134969325153374
2 0.3993212669683258 0.46319018404907975 0.0746606334841629 0.08895705521472393
28 0.497737556561086 0.6556748466257669 0.1085972850678733 0.08128834355828221
27 0.05995475113122172 0.2062883435582822 0.06108597285067873 0.05368098159509203
