29 0.19683257918552036 0.7714723926380368 0.167420814479638 0.13190184049079753
29 0.7963800904977375 0.7714723926380368 0.167420814479638 0.13190184049079753
29 0.18665158371040724 0.21088957055214724 0.1244343891402715 0.11503067484662577
29 0.7861990950226244 0.21088957055214724 0.1244343891402715 0.11503067484662577
29 0.501131221719457 0.11503067484662577 0.18778280542986425 0.1687116564417178
29 0.48868778280542985 0.8788343558282209 0.16289592760180996 0.147239263803681
9 0.5203619909502263 0.6088957055214724 0.11312217194570136 0.0736196319018405
10 0.5701357466063348 0.5253067484662577 0.12669683257918551 0.14570552147239263
19 0.12669683257918551 0.5230061349693251 0.13122171945701358 0.13190184049079753
15 0.2850678733031674 0.5237730061349694 0.06787330316742081 0.05061349693251534
8 0.09728506787330317 0.059049079754601226 0.167420814479638 0.11809815950920245
4 0.584841628959276 0.5391104294478528 0.11990950226244344 0.09662576687116564
0 0.18778280542986425 0.04984662576687116 0.05429864253393665 0.05368098159509203
20 0.6447963800904978 0.45475460122699385 0.04524886877828054 0.03834355828220859
16 0.05542986425339366 0.9608895705521472 0.10180995475113122 0.0598159509202454
21 0.5373303167420814 0.4624233128834356 0.1334841628959276 0.10276073619631902
