29 0.19683257918552036 0.7714723926380368 0.167420814479638 0.13190184049079753
29 0.7963800904977375 0.7714723926380368 0.167420814479638 0.13190184049079753
29 0.18665158371040724 0.21088957055214724 0.1244343891402715 0.11503067484662577
29 0.7861990950226244 0.21088957055214724 0.1244343891402715 0.11503067484662577
29 0.501131221719457 0.11503067484662577 0.18778280542986425 0.1687116564417178
29 0.48868778280542985 0.8788343558282209 0.16289592760180996 0.147239263803681
20 0.3438914027149321 0.4378834355828221 0.04524886877828054 0.03834355828220859
12 0.5339366515837104 0.6288343558282209 0.06787330316742081 0.049079754601226995
2 0.8461538461538461 0.495398773006135 0.07692307692307693 0.0950920245398773
22 0.6244343891402715 0.6196319018404908 0.12217194570135746 0.0950920245398773
10 0.4751131221719457 0.6664110429447853 0.12669683257918551 0.14570552147239263
7 0.0757918552036199 0.0651840490797546 0.04751131221719457 0.04754601226993865
8 0.1165158371040724 0.6119631901840491 0.16968325791855204 0.1196319018404908
3 0.8665158371040724 0.5107361963190185 0.058823529411764705 0.06134969325153374
5 0.6595022624434389 0.6809815950920245 0.0746606334841629 0.03680981595092025
13 0.4626696832579186 0.6878834355828221 0.09728506787330317 0.07208588957055215
24 0.2918552036199095 0.5697852760736196 0.08597285067873303 0.04447852760736196
28 0.26131221719457015 0.3151840490797546 0.10180995475113122 0.05368098159509203
25 0.1753393665158371 0.4838957055214724 0.1425339366515837 0.07208588957055215
