29 0.19683257918552036 0.7714723926380368 0.167420814479638 0.13190184049079753
29 0.7963800904977375 0.7714723926380368 0.167420814479638 0.13190184049079753
29 0.18665158371040724 0.21088957055214724 0.1244343891402715 0.11503067484662577
29 0.7861990950226244 0.21088957055214724 0.1244343891402715 0.11503067484662577
29 0.501131221719457 0.11503067484662577 0.18778280542986425 0.1687116564417178
29 0.48868778280542985 0.8788343558282209 0.16289592760180996 0.147239263803681
18 0.0916289592760181 0.48006134969325154 0.05203619909502263 0.06134969325153374
14 0.5588235294117647 0.4808282208588957 0.05429864253393665 0.0352760736196319
2 0.3495475113122172 0.0705521472392638 0.0746606334841629 0.08895705521472393
3 0.6753393665158371 0.48006134969325154 0.05203619909502263 0.06134969325153374
4 0.6029411764705882 0.4915644171779141 0.11990950226244344 0.09662576687116564
20 0.6289592760180995 0.5053680981595092 0.04524886877828054 0.03834355828220859
8 0.166289592760181 0.6134969325153374 0.16968325791855204 0.1196319018404908
18 0.8665158371040724 0.48466257668711654 0.04072398190045249 0.05828220858895705
25 0.7386877828054299 0.8228527607361963 0.1425339366515837 0.07208588957055215
