29 0.19683257918552036 0.7714723926380368 0.167420814479638 0.13190184049079753
29 0.7963800904977375 0.7714723926380368 0.167420814479638 0.13190184049079753
29 0.18665158371040724 0.21088957055214724 0.1244343891402715 0.11503067484662577
29 0.7861990950226244 0.21088957055214724 0.1244343891402715 0.11503067484662577
29 0.501131221719457 0.11503067484662577 0.18778280542986425 0.1687116564417178
29 0.48868778280542985 0.8788343558282209 0.16289592760180996 0.147239263803681
8 0.75 0.5828220858895705 0.16968325791855204 0.1196319018404908
13 0.47058823529411764 0.4746932515337423 0.09502262443438914 0.06901840490797546
14 0.5463800904977375 0.4378834355828221 0.038461538461538464 0.029141104294478526
7 0.6187782805429864 0.6480061349693251 0.05203619909502263 0.04141104294478527
4 0.5350678733031674 0.43941717791411045 0.11990950226244344 0.09662576687116564
6 0.13009049773755657 0.6595092024539877 0.11085972850678733 0.11042944785276074
16 0.5418552036199095 0.7400306748466258 0.09728506787330317 0.06901840490797546
18 0.07805429864253394 0.9079754601226994 0.0746606334841629 0.06134969325153374
9 0.5542986425339367 0.6687116564417178 0.11312217194570136 0.0736196319018405
28 0.7138009049773756 0.803680981595092 0.08823529411764706 0.06441717791411043
27 0.10294117647058823 0.5682515337423313 0.06108597285067873 0.05368098159509203
