29 0.19683257918552036 0.7714723926380368 0.167420814479638 0.13190184049079753
29 0.7963800904977375 0.7714723926380368 0.167420814479638 0.13190184049079753
29 0.18665158371040724 0.21088957055214724 0.1244343891402715 0.11503067484662577
29 0.7861990950226244 0.21088957055214724 0.1244343891402715 0.11503067484662577
29 0.501131221719457 0.11503067484662577 0.18778280542986425 0.1687116564417178
29 0.48868778280542985 0.8788343558282209 0.16289592760180996 0.147239263803681
18 0.33597285067873306 0.03374233128834356 0.05203619909502263 0.06134969325153374
1 0.3778280542986425 0.5544478527607362 0.07692307692307693 0.0598159509202454
25 0.7929864253393665 0.5038343558282209 0.1425339366515837 0.07208588957055215
24 0.13800904977375567 0.8427914110429447 0.08597285067873303 0.04447852760736196
27 0.08484162895927602 0.37576687116564417 0.07013574660633484 0.05521472392638037
