29 0.19683257918552036 0.7714723926380368 0.167420814479638 0.13190184049079753
29 0.7963800904977375 0.7714723926380368 0.167420814479638 0.13190184049079753
29 0.18665158371040724 0.21088957055214724 0.1244343891402715 0.11503067484662577
29 0.7861990950226244 0.21088957055214724 0.1244343891402715 0.11503067484662577
29 0.501131221719457 0.11503067484662577 0.18778280542986425 0.1687116564417178
29 0.48868778280542985 0.8788343558282209 0.16289592760180996 0.147239263803681
10 0.43891402714932126 0.49923312883435583 0.12669683257918551 0.14570552147239263
22 0.7986425339366516 0.6257668711656442 0.12217194570135746 0.0950920245398773
21 0.19004524886877827 0.5138036809815951 0.1493212669683258 0.08895705521472393
22 0.5248868778280543 0.647239263803681 0.12217194570135746 0.0950920245398773
4 0.25452488687782804 0.07745398773006135 0.11990950226244344 0.09355828220858896
7 0.333710407239819 0.8872699386503068 0.04751131221719457 0.04754601226993865
27 0.8416289592760181 0.1388036809815951 0.058823529411764705 0.05061349693251534
24 0.4264705882352941 0.6173312883435583 0.0746606334841629 0.029141104294478526
25 0.15384615384615385 0.21855828220858894 0.13122171945701358 0.09662576687116564
26 0.7963800904977375 0.20168711656441718 0.10407239819004525 0.07208588957055215
