29 0.19683257918552036 0.7714723926380368 0.167420814479638 0.13190184049079753
29 0.7963800904977375 0.7714723926380368 0.167420814479638 0.13190184049079753
29 0.18665158371040724 0.21088957055214724 0.1244343891402715 0.11503067484662577
29 0.7861990950226244 0.21088957055214724 0.1244343891402715 0.11503067484662577
29 0.501131221719457 0.11503067484662577 0.18778280542986425 0.1687116564417178
29 0.48868778280542985 0.8788343558282209 0.16289592760180996 0.147239263803681
7 0.47398190045248867 0.23542944785276074 0.04751131221719457 0.04754601226993865
20 0.16515837104072398 0.526840490797546 0.04524886877828054 0.03834355828220859
15 0.4117647058823529 0.6702453987730062 0.08144796380090498 0.046012269938650305
13 0.7217194570135747 0.4976993865030675 0.09502262443438914 0.06901840490797546
12 0.4592760180995475 0.2684049079754601 0.06787330316742081 0.049079754601226995
5 0.669683257918552 0.6763803680981595 0.06787330316742081 0.049079754601226995
22 0.4253393665158371 0.5153374233128835 0.12217194570135746 0.0950920245398773
23 0.19683257918552036 0.06441717791411043 0.05429864253393665 0.09202453987730061
