29 0.19683257918552036 0.7714723926380368 0.167420814479638 0.13190184049079753
29 0.7963800904977375 0.7714723926380368 0.167420814479638 0.13190184049079753
29 0.18665158371040724 0.21088957055214724 0.1244343891402715 0.11503067484662577
29 0.7861990950226244 0.21088957055214724 0.1244343891402715 0.11503067484662577
29 0.501131221719457 0.11503067484662577 0.18778280542986425 0.1687116564417178
29 0.48868778280542985 0.8788343558282209 0.16289592760180996 0.147239263803681
17 0.35294117647058826 0.09125766871165644 0.10407239819004525 0.09049079754601227
15 0.36199095022624433 0.6081288343558282 0.06787330316742081 0.05061349693251534
7 0.830316742081448 0.49003067484662577 0.06334841628959276 0.05368098159509203
11 0.1085972850678733 0.5843558282208589 0.09502262443438914 0.07668711656441718
16 0.333710407239819 0.07285276073619631 0.10180995475113122 0.0598159509202454
3 0.7658371040723982 0.5483128834355828 0.06561085972850679 0.05674846625766871
18 0.6040723981900452 0.6556748466257669 0.07692307692307693 0.05368098159509203
2 0.3065610859728507 0.5659509202453987 0.0746606334841629 0.08895705521472393
