29 0.19683257918552036 0.7714723926380368 0.167420814479638 0.13190184049079753
29 0.7963800904977375 0.7714723926380368 0.167420814479638 0.13190184049079753
29 0.18665158371040724 0.21088957055214724 0.1244343891402715 0.11503067484662577
29 0.7861990950226244 0.21088957055214724 0.1244343891402715 0.11503067484662577
29 0.501131221719457 0.11503067484662577 0.18778280542986425 0.1687116564417178
29 0.48868778280542985 0.8788343558282209 0.16289592760180996 0.147239263803681
17 0.5452488687782805 0.5927914110429447 0.10407239819004525 0.08742331288343558
12 0.5904977375565611 0.4003067484662577 0.06787330316742081 0.049079754601226995
15 0.3438914027149321 0.6510736196319018 0.08144796380090498 0.0598159509202454
23 0.6176470588235294 0.5996932515337423 0.06334841628959276 0.08588957055214724
1 0.581447963800905 0.2476993865030675 0.07692307692307693 0.0598159509202454
9 0.5690045248868778 0.5866564417177914 0.07918552036199095 0.07208588957055215
18 0.4343891402714932 0.7223926380368099 0.04072398190045249 0.05828220858895705
5 0.5101809954751131 0.6119631901840491 0.0746606334841629 0.03680981595092025
