29 0.19683257918552036 0.7714723926380368 0.167420814479638 0.13190184049079753
29 0.7963800904977375 0.7714723926380368 0.167420814479638 0.13190184049079753
29 0.18665158371040724 0.21088957055214724 0.1244343891402715 0.11503067484662577
29 0.7861990950226244 0.21088957055214724 0.1244343891402715 0.11503067484662577
29 0.501131221719457 0.11503067484662577 0.18778280542986425 0.1687116564417178
29 0.48868778280542985 0.8788343558282209 0.16289592760180996 0.147239263803681
17 0.7420814479638009 0.6372699386503068 0.10407239819004525 0.09049079754601227
6 0.501131221719457 0.3006134969325153 0.11085972850678733 0.11042944785276074
12 0.2986425339366516 0.09355828220858896 0.06787330316742081 0.049079754601226995
1 0.5656108597285068 0.5437116564417178 0.09049773755656108 0.06595092024539877
20 0.9253393665158371 0.6234662576687117 0.04524886877828054 0.03834355828220859
9 0.6165158371040724 0.2983128834355828 0.07918552036199095 0.07208588957055215
16 0.6549773755656109 0.4409509202453988 0.083710407239819 0.05674846625766871
22 0.9004524886877828 0.5 0.12217194570135746 0.0950920245398773
13 0.2341628959276018 0.6004601226993865 0.09728506787330317 0.07208588957055215
