29 0.19683257918552036 0.7714723926380368 0.167420814479638 0.13190184049079753
29 0.7963800904977375 0.7714723926380368 0.167420814479638 0.13190184049079753
29 0.18665158371040724 0.21088957055214724 0.1244343891402715 0.11503067484662577
29 0.7861990950226244 0.21088957055214724 0.1244343891402715 0.11503067484662577
29 0.501131221719457 0.11503067484662577 0.18778280542986425 0.1687116564417178
29 0.48868778280542985 0.8788343558282209 0.16289592760180996 0.147239263803681
28 0.09276018099547512 0.5897239263803681 0.1085972850678733 0.08128834355828221
25 0.7002262443438914 0.11273006134969325 0.1425339366515837 0.07208588957055215
27 0.4479638009049774 0.10352760736196319 0.058823529411764705 0.05061349693251534
24 0.8755656108597285 0.6779141104294478 0.03167420814479638 0.03067484662576687
