29 0.19683257918552036 0.7714723926380368 0.167420814479638 0.13190184049079753
29 0.7963800904977375 0.7714723926380368 0.167420814479638 0.13190184049079753
29 0.18665158371040724 0.21088957055214724 0.1244343891402715 0.11503067484662577
29 0.7861990950226244 0.21088957055214724 0.1244343891402715 0.11503067484662577
29 0.501131221719457 0.11503067484662577 0.18778280542986425 0.1687116564417178
29 0.48868778280542985 0.8788343558282209 0.16289592760180996 0.147239263803681
6 0.5282805429864253 0.5521472392638037 0.11085972850678733 0.11042944785276074
23 0.4638009049773756 0.6111963190184049 0.09502262443438914 0.0598159509202454
17 0.45701357466063347 0.6280674846625767 0.10407239819004525 0.09049079754601227
19 0.34841628959276016 0.5644171779141104 0.13122171945701358 0.13190184049079753
18 0.6617647058823529 0.3121165644171779 0.042986425339366516 0.05674846625766871
21 0.3269230769230769 0.6104294478527608 0.1425339366515837 0.07975460122699386
1 0.2330316742081448 0.0299079754601227 0.07692307692307693 0.0598159509202454
14 0.8235294117647058 0.6955521472392638 0.05429864253393665 0.0352760736196319
26 0.746606334841629 0.4746932515337423 0.10407239819004525 0.07208588957055215
24 0.07013574660633484 0.4854294478527607 0.08597285067873303 0.04447852760736196
