29 0.19683257918552036 0.7714723926380368 0.167420814479638 0.13190184049079753
29 0.7963800904977375 0.7714723926380368 0.167420814479638 0.13190184049079753
29 0.18665158371040724 0.21088957055214724 0.1244343891402715 0.11503067484662577
29 0.7861990950226244 0.21088957055214724 0.1244343891402715 0.11503067484662577
29 0.501131221719457 0.11503067484662577 0.18778280542986425 0.1687116564417178
29 0.48868778280542985 0.8788343558282209 0.16289592760180996 0.147239263803681
12 0.7432126696832579 0.6088957055214724 0.083710407239819 0.06748466257668712
9 0.6210407239819005 0.27223926380368096 0.07918552036199095 0.07208588957055215
8 0.6719457013574661 0.48849693251533743 0.167420814479638 0.11809815950920245
1 0.8619909502262444 0.6388036809815951 0.07692307692307693 0.0598159509202454
15 0.6583710407239819 0.36503067484662577 0.08597285067873303 0.049079754601226995
25 0.9230769230769231 0.38726993865030673 0.13122171945701358 0.09662576687116564
28 0.5079185520361991 0.3282208588957055 0.08823529411764706 0.06441717791411043
