29 0.19683257918552036 0.7714723926380368 0.167420814479638 0.13190184049079753
29 0.7963800904977375 0.7714723926380368 0.167420814479638 0.13190184049079753
29 0.18665158371040724 0.21088957055214724 0.1244343891402715 0.11503067484662577
29 0.7861990950226244 0.21088957055214724 0.1244343891402715 0.11503067484662577
29 0.501131221719457 0.11503067484662577 0.18778280542986425 0.1687116564417178
29 0.48868778280542985 0.8788343558282209 0.16289592760180996 0.147239263803681
14 0.7839366515837104 0.4447852760736196 0.05656108597285068 0.049079754601226995
16 0.1165158371040724 0.63420245398773 0.09728506787330317 0.06901840490797546
12 0.36764705882352944 0.5720858895705522 0.083710407239819 0.06748466257668712
2 0.22624434389140272 0.5475460122699386 0.07692307692307693 0.0950920245398773
13 0.27828054298642535 0.49003067484662577 0.09502262443438914 0.06901840490797546
22 0.34615384615384615 0.4754601226993865 0.12217194570135746 0.0950920245398773
19 0.5542986425339367 0.3558282208588957 0.13122171945701358 0.13190184049079753
4 0.10520361990950226 0.495398773006135 0.11085972850678733 0.08895705521472393
21 0.5871040723981901 0.3374233128834356 0.1425339366515837 0.07975460122699386
9 0.40271493212669685 0.5467791411042945 0.10407239819004525 0.07515337423312883
25 0.6889140271493213 0.39493865030674846 0.1425339366515837 0.07208588957055215
27 0.8857466063348416 0.5927914110429447 0.06108597285067873 0.05368098159509203
28 0.5452488687782805 0.5084355828220859 0.1085972850678733 0.08128834355828221
