29 0.19683257918552036 0.7714723926380368 0.167420814479638 0.13190184049079753
29 0.7963800904977375 0.7714723926380368 0.167420814479638 0.13190184049079753
29 0.18665158371040724 0.21088957055214724 0.1244343891402715 0.11503067484662577
29 0.7861990950226244 0.21088957055214724 0.1244343891402715 0.11503067484662577
29 0.501131221719457 0.11503067484662577 0.18778280542986425 0.1687116564417178
29 0.48868778280542985 0.8788343558282209 0.16289592760180996 0.147239263803681
22 0.22624434389140272 0.5996932515337423 0.12217194570135746 0.0950920245398773
11 0.05656108597285068 0.054447852760736194 0.08144796380090498 0.1058282208588957
15 0.09502262443438914 0.2799079754601227 0.08144796380090498 0.05674846625766871
8 0.38461538461538464 0.6572085889570553 0.167420814479638 0.11809815950920245
5 0.2748868778280543 0.5398773006134969 0.0746606334841629 0.03680981595092025
12 0.1504524886877828 0.5076687116564417 0.083710407239819 0.06748466257668712
26 0.5248868778280543 0.6587423312883436 0.10407239819004525 0.07208588957055215
