29 0.19683257918552036 0.7714723926380368 0.167420814479638 0.13190184049079753
29 0.7963800904977375 0.7714723926380368 0.167420814479638 0.13190184049079753
29 0.18665158371040724 0.21088957055214724 0.1244343891402715 0.11503067484662577
29 0.7861990950226244 0.21088957055214724 0.1244343891402715 0.11503067484662577
29 0.501131221719457 0.11503067484662577 0.18778280542986425 0.1687116564417178
29 0.48868778280542985 0.8788343558282209 0.16289592760180996 0.147239263803681
18 0.4423076923076923 0.3289877300613497 0.042986425339366516 0.05674846625766871
23 0.04524886877828054 0.35276073619631904 0.06334841628959276 0.08588957055214724
10 0.6787330316742082 0.5636503067484663 0.12669683257918551 0.14570552147239263
9 0.7205882352941176 0.5368098159509203 0.10180995475113122 0.11042944785276074
26 0.29411764705882354 0.4049079754601227 0.10407239819004525 0.0705521472392638
25 0.3585972850678733 0.4976993865030675 0.1425339366515837 0.07208588957055215
27 0.05542986425339366 0.4486196319018405 0.06108597285067873 0.05368098159509203
24 0.8936651583710408 0.46932515337423314 0.03167420814479638 0.03067484662576687
