29 0.19683257918552036 0.7714723926380368 0.167420814479638 0.13190184049079753
29 0.7963800904977375 0.7714723926380368 0.167420814479638 0.13190184049079753
29 0.18665158371040724 0.21088957055214724 0.1244343891402715 0.11503067484662577
29 0.7861990950226244 0.21088957055214724 0.1244343891402715 0.11503067484662577
29 0.501131221719457 0.11503067484662577 0.18778280542986425 0.1687116564417178
29 0.48868778280542985 0.8788343558282209 0.16289592760180996 0.147239263803681
2 0.5610859728506787 0.3726993865030675 0.07692307692307693 0.0950920245398773
19 0.8800904977375565 0.6319018404907976 0.13122171945701358 0.13190184049079753
17 0.2669683257918552 0.5145705521472392 0.10407239819004525 0.09049079754601227
8 0.7680995475113123 0.5966257668711656 0.16968325791855204 0.1196319018404908
9 0.7092760180995475 0.4762269938650307 0.07918552036199095 0.07208588957055215
6 0.5158371040723982 0.31901840490797545 0.13574660633484162 0.10429447852760736
21 0.7364253393665159 0.5061349693251533 0.1425339366515837 0.07975460122699386
28 0.6210407239819005 0.38190184049079756 0.08823529411764706 0.06441717791411043
24 0.7601809954751131 0.8588957055214724 0.03167420814479638 0.03067484662576687
26 0.24660633484162897 0.4639570552147239 0.09954751131221719 0.06595092024539877
