29 0.19683257918552036 0.7714723926380368 0.167420814479638 0.13190184049079753
29 0.7963800904977375 0.7714723926380368 0.167420814479638 0.13190184049079753
29 0.18665158371040724 0.21088957055214724 0.1244343891402715 0.11503067484662577
29 0.7861990950226244 0.21088957055214724 0.1244343891402715 0.11503067484662577
29 0.501131221719457 0.11503067484662577 0.18778280542986425 0.1687116564417178
29 0.48868778280542985 0.8788343558282209 0.16289592760180996 0.147239263803681
4 0.6549773755656109 0.3289877300613497 0.11990950226244344 0.09355828220858896
2 0.582579185520362 0.7515337423312883 0.0746606334841629 0.08895705521472393
13 0.21945701357466063 0.06978527607361963 0.09502262443438914 0.06901840490797546
15 0.6515837104072398 0.4371165644171779 0.08597285067873303 0.049079754601226995
21 0.6346153846153846 0.6503067484662577 0.1425339366515837 0.07975460122699386
9 0.47058823529411764 0.38420245398773006 0.10407239819004525 0.07515337423312883
6 0.27828054298642535 0.5260736196319018 0.16289592760180996 0.10122699386503067
12 0.6957013574660633 0.6395705521472392 0.083710407239819 0.06748466257668712
8 0.915158371040724 0.5076687116564417 0.16968325791855204 0.1196319018404908
0 0.027149321266968326 0.629601226993865 0.05429864253393665 0.05368098159509203
