29 0.19683257918552036 0.7714723926380368 0.167420814479638 0.13190184049079753
29 0.7963800904977375 0.7714723926380368 0.167420814479638 0.13190184049079753
29 0.18665158371040724 0.21088957055214724 0.1244343891402715 0.11503067484662577
29 0.7861990950226244 0.21088957055214724 0.1244343891402715 0.11503067484662577
29 0.501131221719457 0.11503067484662577 0.18778280542986425 0.1687116564417178
29 0.48868778280542985 0.8788343558282209 0.16289592760180996 0.147239263803681
0 0.32918552036199095 0.6441717791411042 0.05656108597285068 0.05828220858895705
23 0.4298642533936652 0.4624233128834356 0.09502262443438914 0.0598159509202454
9 0.5757918552036199 0.3458588957055215 0.07918552036199095 0.07208588957055215
8 0.8416289592760181 0.5176380368098159 0.167420814479638 0.11809815950920245
