29 0.19683257918552036 0.7714723926380368 0.167420814479638 0.13190184049079753
29 0.7963800904977375 0.7714723926380368 0.167420814479638 0.13190184049079753
29 0.18665158371040724 0.21088957055214724 0.1244343891402715 0.11503067484662577
29 0.7861990950226244 0.21088957055214724 0.1244343891402715 0.11503067484662577
29 0.501131221719457 0.11503067484662577 0.18778280542986425 0.1687116564417178
29 0.48868778280542985 0.8788343558282209 0.16289592760180996 0.147239263803681
17 0.6085972850678733 0.3090490797546012 0.10407239819004525 0.08742331288343558
22 0.29638009049773756 0.09202453987730061 0.12217194570135746 0.0950920245398773
16 0.15723981900452488 0.6081288343558282 0.083710407239819 0.05674846625766871
11 0.7319004524886877 0.5467791411042945 0.1334841628959276 0.07515337423312883
5 0.8269230769230769 0.700920245398773 0.0746606334841629 0.03680981595092025
17 0.6877828054298643 0.5483128834355828 0.10407239819004525 0.09049079754601227
3 0.38235294117647056 0.6855828220858896 0.049773755656108594 0.05521472392638037
20 0.4660633484162896 0.5207055214723927 0.04524886877828054 0.03834355828220859
8 0.3054298642533937 0.5053680981595092 0.167420814479638 0.11809815950920245
0 0.11425339366515837 0.6226993865030674 0.05656108597285068 0.05828220858895705
27 0.8981900452488688 0.6526073619631901 0.058823529411764705 0.05061349693251534
25 0.8755656108597285 0.30598159509202455 0.13122171945701358 0.09662576687116564
