29 0.19683257918552036 0.7714723926380368 0.167420814479638 0.13190184049079753
29 0.7963800904977375 0.7714723926380368 0.167420814479638 0.13190184049079753
29 0.18665158371040724 0.21088957055214724 0.1244343891402715 0.11503067484662577
29 0.7861990950226244 0.21088957055214724 0.1244343891402715 0.11503067484662577
29 0.501131221719457 0.11503067484662577 0.18778280542986425 0.1687116564417178
29 0.48868778280542985 0.8788343558282209 0.16289592760180996 0.147239263803681
16 0.1595022624434389 0.5345092024539877 0.083710407239819 0.05674846625766871
21 0.21380090497737556 0.47162576687116564 0.1334841628959276 0.10276073619631902
4 0.4807692307692308 0.33358895705521474 0.11990950226244344 0.09662576687116564
24 0.36538461538461536 0.9171779141104295 0.07918552036199095 0.03374233128834356
