29 0.19683257918552036 0.7714723926380368 0.167420814479638 0.13190184049079753
29 0.7963800904977375 0.7714723926380368 0.167420814479638 0.13190184049079753
29 0.18665158371040724 0.21088957055214724 0.1244343891402715 0.11503067484662577
29 0.7861990950226244 0.21088957055214724 0.1244343891402715 0.11503067484662577
29 0.501131221719457 0.11503067484662577 0.18778280542986425 0.1687116564417178
29 0.48868778280542985 0.8788343558282209 0.16289592760180996 0.147239263803681
3 0.13914027149321267 0.625 0.06561085972850679 0.05674846625766871
18 0.06221719457013575 0.6188650306748467 0.042986425339366516 0.05674846625766871
21 0.745475113122172 0.5958588957055214 0.1334841628959276 0.10276073619631902
23 0.8800904977375565 0.6549079754601227 0.05429864253393665 0.09202453987730061
14 0.5690045248868778 0.5966257668711656 0.05656108597285068 0.049079754601226995
0 0.7861990950226244 0.5245398773006135 0.05656108597285068 0.05828220858895705
6 0.3755656108597285 0.4677914110429448 0.167420814479638 0.09815950920245399
4 0.48755656108597284 0.47162576687116564 0.11990950226244344 0.09355828220858896
16 0.47398190045248867 0.34892638036809814 0.10180995475113122 0.0598159509202454
24 0.45475113122171945 0.13957055214723926 0.03167420814479638 0.03067484662576687
28 0.13009049773755657 0.13496932515337423 0.08823529411764706 0.06441717791411043
25 0.38461538461538464 0.07745398773006135 0.13122171945701358 0.09662576687116564
