29 0.19683257918552036 0.7714723926380368 0.167420814479638 0.13190184049079753
29 0.7963800904977375 0.7714723926380368 0.167420814479638 0.13190184049079753
29 0.18665158371040724 0.21088957055214724 0.1244343891402715 0.11503067484662577
29 0.7861990950226244 0.21088957055214724 0.1244343891402715 0.11503067484662577
29 0.501131221719457 0.11503067484662577 0.18778280542986425 0.1687116564417178
29 0.48868778280542985 0.8788343558282209 0.16289592760180996 0.147239263803681
0 0.10180995475113122 0.5552147239263804 0.07692307692307693 0.046012269938650305
14 0.01809954751131222 0.843558282208589 0.03167420814479638 0.03067484662576687
17 0.579185520361991 0.6004601226993865 0.10407239819004525 0.09049079754601227
19 0.5294117647058824 0.40950920245398775 0.13122171945701358 0.13190184049079753
21 0.4807692307692308 0.6717791411042945 0.1425339366515837 0.07975460122699386
23 0.5361990950226244 0.31441717791411045 0.06334841628959276 0.08588957055214724
9 0.4852941176470588 0.4976993865030675 0.07918552036199095 0.07208588957055215
27 0.3416289592760181 0.24309815950920247 0.058823529411764705 0.05061349693251534
25 0.6742081447963801 0.06978527607361963 0.13122171945701358 0.09662576687116564
26 0.13800904977375567 0.14493865030674846 0.09954751131221719 0.06595092024539877
