29 0.19683257918552036 0.7714723926380368 0.167420814479638 0.13190184049079753
29 0.7963800904977375 0.7714723926380368 0.167420814479638 0.13190184049079753
29 0.18665158371040724 0.21088957055214724 0.1244343891402715 0.11503067484662577
29 0.7861990950226244 0.21088957055214724 0.1244343891402715 0.11503067484662577
29 0.501131221719457 0.11503067484662577 0.18778280542986425 0.1687116564417178
29 0.48868778280542985 0.8788343558282209 0.16289592760180996 0.147239263803681
7 0.1244343891402715 0.036042944785276074 0.06334841628959276 0.05368098159509203
11 0.6809954751131222 0.4148773006134969 0.08144796380090498 0.1058282208588957
2 0.9558823529411765 0.5444785276073619 0.0746606334841629 0.08895705521472393
18 0.6515837104072398 0.33819018404907975 0.07692307692307693 0.05368098159509203
