29 0.19683257918552036 0.7714723926380368 0.167420814479638 0.13190184049079753
29 0.7963800904977375 0.7714723926380368 0.167420814479638 0.13190184049079753
29 0.18665158371040724 0.21088957055214724 0.1244343891402715 0.11503067484662577
29 0.7861990950226244 0.21088957055214724 0.1244343891402715 0.11503067484662577
29 0.501131221719457 0.11503067484662577 0.18778280542986425 0.1687116564417178
29 0.48868778280542985 0.8788343558282209 0.16289592760180996 0.147239263803681
12 0.7703619909502263 0.48773006134969327 0.083710407239819 0.06748466257668712
4 0.498868778280543 0.678680981595092 0.11990950226244344 0.09662576687116564
6 0.5554298642533937 0.5337423312883436 0.11085972850678733 0.11042944785276074
13 0.6538461538461539 0.48236196319018404 0.09502262443438914 0.06901840490797546
25 0.10407239819004525 0.2476993865030675 0.13122171945701358 0.09662576687116564
27 0.6255656108597285 0.8826687116564417 0.06108597285067873 0.05368098159509203
28 0.9004524886877828 0.276840490797546 0.1085972850678733 0.08128834355828221
24 0.9061085972850679 0.01687116564417178 0.07918552036199095 0.03374233128834356
