29 0.19683257918552036 0.7714723926380368 0.167420814479638 0.13190184049079753
29 0.7963800904977375 0.7714723926380368 0.167420814479638 0.13190184049079753
29 0.18665158371040724 0.21088957055214724 0.1244343891402715 0.11503067484662577
29 0.7861990950226244 0.21088957055214724 0.1244343891402715 0.11503067484662577
29 0.501131221719457 0.11503067484662577 0.18778280542986425 0.1687116564417178
29 0.48868778280542985 0.8788343558282209 0.16289592760180996 0.147239263803681
7 0.25452488687782804 0.6449386503067485 0.05203619909502263 0.04141104294478527
3 0.9332579185520362 0.5897239263803681 0.05203619909502263 0.0843558282208589
4 0.11425339366515837 0.05291411042944785 0.11990950226244344 0.09662576687116564
0 0.5938914027149321 0.6242331288343558 0.06108597285067873 0.05214723926380368
1 0.0746606334841629 0.5743865030674846 0.09049773755656108 0.06595092024539877
12 0.9140271493212669 0.6779141104294478 0.06787330316742081 0.049079754601226995
14 0.5463800904977375 0.6111963190184049 0.04751131221719457 0.03834355828220859
10 0.3031674208144796 0.07745398773006135 0.12669683257918551 0.14570552147239263
8 0.6357466063348416 0.2645705521472393 0.167420814479638 0.11809815950920245
