29 0.19683257918552036 0.7714723926380368 0.167420814479638 0.13190184049079753
29 0.7963800904977375 0.7714723926380368 0.167420814479638 0.13190184049079753
29 0.18665158371040724 0.21088957055214724 0.1244343891402715 0.11503067484662577
29 0.7861990950226244 0.21088957055214724 0.1244343891402715 0.11503067484662577
29 0.501131221719457 0.11503067484662577 0.18778280542986425 0.1687116564417178
29 0.48868778280542985 0.8788343558282209 0.16289592760180996 0.147239263803681
3 0.038461538461538464 0.8312883435582822 0.049773755656108594 0.05521472392638037
6 0.20361990950226244 0.5260736196319018 0.13574660633484162 0.10429447852760736
14 0.03506787330316742 0.35276073619631904 0.05656108597285068 0.049079754601226995
28 0.8857466063348416 0.13496932515337423 0.08823529411764706 0.06441717791411043
24 0.5441176470588235 0.1334355828220859 0.07918552036199095 0.03374233128834356
