29 0.19683257918552036 0.7714723926380368 0.167420814479638 0.13190184049079753
29 0.7963800904977375 0.7714723926380368 0.167420814479638 0.13190184049079753
29 0.18665158371040724 0.21088957055214724 0.1244343891402715 0.11503067484662577
29 0.7861990950226244 0.21088957055214724 0.1244343891402715 0.11503067484662577
29 0.501131221719457 0.11503067484662577 0.18778280542986425 0.1687116564417178
29 0.48868778280542985 0.8788343558282209 0.16289592760180996 0.147239263803681
15 0.5271493212669683 0.23006134969325154 0.08144796380090498 0.046012269938650305
4 0.5282805429864253 0.2476993865030675 0.11990950226244344 0.09355828220858896
18 0.25904977375565613 0.05291411042944785 0.042986425339366516 0.05674846625766871
20 0.8800904977375565 0.6602760736196319 0.04524886877828054 0.03834355828220859
19 0.6470588235294118 0.5720858895705522 0.13122171945701358 0.13190184049079753
22 0.7126696832579186 0.6303680981595092 0.12217194570135746 0.0950920245398773
3 0.6776018099547512 0.7331288343558282 0.05203619909502263 0.06134969325153374
2 0.8880090497737556 0.5797546012269938 0.0746606334841629 0.08895705521472393
3 0.25 0.11042944785276074 0.05203619909502263 0.06134969325153374
19 0.7805429864253394 0.5230061349693251 0.13122171945701358 0.13190184049079753
27 0.15723981900452488 0.7170245398773006 0.06108597285067873 0.05368098159509203
