29 0.19683257918552036 0.7714723926380368 0.167420814479638 0.13190184049079753
29 0.7963800904977375 0.7714723926380368 0.167420814479638 0.13190184049079753
29 0.18665158371040724 0.21088957055214724 0.1244343891402715 0.11503067484662577
29 0.7861990950226244 0.21088957055214724 0.1244343891402715 0.11503067484662577
29 0.501131221719457 0.11503067484662577 0.18778280542986425 0.1687116564417178
29 0.48868778280542985 0.8788343558282209 0.16289592760180996 0.147239263803681
23 0.5384615384615384 0.6855828220858896 0.06334841628959276 0.08588957055214724
7 0.3563348416289593 0.10966257668711657 0.04751131221719457 0.04754601226993865
10 0.8552036199095022 0.6357361963190185 0.12669683257918551 0.14570552147239263
17 0.5588235294117647 0.531441717791411 0.10407239819004525 0.09049079754601227
22 0.6628959276018099 0.745398773006135 0.12217194570135746 0.0950920245398773
13 0.0746606334841629 0.32745398773006135 0.09502262443438914 0.06901840490797546
14 0.5294117647058824 0.7323619631901841 0.049773755656108594 0.04447852760736196
1 0.07918552036199095 0.22469325153374234 0.07692307692307693 0.0598159509202454
0 0.06221719457013575 0.47392638036809814 0.07013574660633484 0.049079754601226995
25 0.920814479638009 0.5820552147239264 0.13122171945701358 0.09662576687116564
24 0.7669683257918553 0.7469325153374233 0.03167420814479638 0.03067484662576687
28 0.7058823529411765 0.8013803680981595 0.1085972850678733 0.08128834355828221
