29 0.19683257918552036 0.7714723926380368 0.167420814479638 0.13190184049079753
29 0.7963800904977375 0.7714723926380368 0.167420814479638 0.13190184049079753
29 0.18665158371040724 0.21088957055214724 0.1244343891402715 0.11503067484662577
29 0.7861990950226244 0.21088957055214724 0.1244343891402715 0.11503067484662577
29 0.501131221719457 0.11503067484662577 0.18778280542986425 0.1687116564417178
29 0.48868778280542985 0.8788343558282209 0.16289592760180996 0.147239263803681
16 0.47398190045248867 0.4026073619631902 0.10180995475113122 0.0598159509202454
4 0.9377828054298643 0.63420245398773 0.11990950226244344 0.09662576687116564
15 0.08823529411764706 0.6771472392638037 0.06787330316742081 0.05061349693251534
18 0.08031674208144797 0.5199386503067485 0.05203619909502263 0.06134969325153374
0 0.5282805429864253 0.49233128834355827 0.05656108597285068 0.05828220858895705
21 0.7692307692307693 0.48006134969325154 0.1493212669683258 0.08895705521472393
1 0.07013574660633484 0.9102760736196319 0.09049773755656108 0.06595092024539877
26 0.34615384615384615 0.33819018404907975 0.10407239819004525 0.07208588957055215
