29 0.19683257918552036 0.7714723926380368 0.167420814479638 0.13190184049079753
29 0.7963800904977375 0.7714723926380368 0.167420814479638 0.13190184049079753
29 0.18665158371040724 0.21088957055214724 0.1244343891402715 0.11503067484662577
29 0.7861990950226244 0.21088957055214724 0.1244343891402715 0.11503067484662577
29 0.501131221719457 0.11503067484662577 0.18778280542986425 0.1687116564417178
29 0.48868778280542985 0.8788343558282209 0.16289592760180996 0.147239263803681
7 0.5531674208144797 0.6234662576687117 0.04751131221719457 0.04754601226993865
2 0.07692307692307693 0.5521472392638037 0.07692307692307693 0.0950920245398773
10 0.5113122171945701 0.27223926380368096 0.12669683257918551 0.14570552147239263
0 0.8178733031674208 0.4624233128834356 0.06561085972850679 0.05368098159509203
14 0.16855203619909503 0.0705521472392638 0.05656108597285068 0.049079754601226995
17 0.8416289592760181 0.6464723926380368 0.10407239819004525 0.08742331288343558
4 0.5995475113122172 0.3044478527607362 0.12217194570135746 0.09969325153374232
13 0.5271493212669683 0.6464723926380368 0.09502262443438914 0.06901840490797546
18 0.3088235294117647 0.6004601226993865 0.042986425339366516 0.05674846625766871
28 0.5859728506787331 0.36273006134969327 0.1085972850678733 0.08128834355828221
