29 0.19683257918552036 0.7714723926380368 0.167420814479638 0.13190184049079753
29 0.7963800904977375 0.7714723926380368 0.167420814479638 0.13190184049079753
29 0.18665158371040724 0.21088957055214724 0.1244343891402715 0.11503067484662577
29 0.7861990950226244 0.21088957055214724 0.1244343891402715 0.11503067484662577
29 0.501131221719457 0.11503067484662577 0.18778280542986425 0.1687116564417178
29 0.48868778280542985 0.8788343558282209 0.16289592760180996 0.147239263803681
22 0.34615384615384615 0.6104294478527608 0.12217194570135746 0.0950920245398773
5 0.4762443438914027 0.41411042944785276 0.0746606334841629 0.03680981595092025
20 0.30995475113122173 0.062116564417177916 0.04524886877828054 0.03834355828220859
26 0.19230769230769232 0.5743865030674846 0.09954751131221719 0.06595092024539877
28 0.49321266968325794 0.23696319018404907 0.1085972850678733 0.08128834355828221
