29 0.19683257918552036 0.7714723926380368 0.167420814479638 0.13190184049079753
29 0.7963800904977375 0.7714723926380368 0.167420814479638 0.13190184049079753
29 0.18665158371040724 0.21088957055214724 0.1244343891402715 0.11503067484662577
29 0.7861990950226244 0.21088957055214724 0.1244343891402715 0.11503067484662577
29 0.501131221719457 0.11503067484662577 0.18778280542986425 0.1687116564417178
29 0.48868778280542985 0.8788343558282209 0.16289592760180996 0.147239263803681
8 0.6300904977375565 0.6595092024539877 0.16968325791855204 0.1196319018404908
19 0.47285067873303166 0.3052147239263804 0.13122171945701358 0.13190184049079753
16 0.0667420814479638 0.4302147239263804 0.10180995475113122 0.0598159509202454
20 0.32805429864253394 0.4915644171779141 0.04524886877828054 0.03834355828220859
17 0.5 0.7476993865030674 0.10407239819004525 0.08742331288343558
5 0.9434389140271493 0.5705521472392638 0.06787330316742081 0.049079754601226995
10 0.832579185520362 0.5237730061349694 0.12669683257918551 0.14570552147239263
13 0.2873303167420814 0.1142638036809816 0.09502262443438914 0.06901840490797546
7 0.39592760180995473 0.5176380368098159 0.06334841628959276 0.05368098159509203
15 0.5972850678733032 0.5805214723926381 0.06787330316742081 0.05061349693251534
24 0.833710407239819 0.3075153374233129 0.0746606334841629 0.029141104294478526
24 0.6414027149321267 0.06748466257668712 0.07918552036199095 0.03374233128834356
