29 0.19683257918552036 0.7714723926380368 0.167420814479638 0.13190184049079753
29 0.7963800904977375 0.7714723926380368 0.167420814479638 0.13190184049079753
29 0.18665158371040724 0.21088957055214724 0.1244343891402715 0.11503067484662577
29 0.7861990950226244 0.21088957055214724 0.1244343891402715 0.11503067484662577
29 0.501131221719457 0.11503067484662577 0.18778280542986425 0.1687116564417178
29 0.48868778280542985 0.8788343558282209 0.16289592760180996 0.147239263803681
5 0.5384615384615384 0.4708588957055215 0.06787330316742081 0.049079754601226995
12 0.12669683257918551 0.5659509202453987 0.06787330316742081 0.049079754601226995
18 0.3042986425339366 0.47392638036809814 0.0746606334841629 0.06134969325153374
28 0.8246606334841629 0.13957055214723926 0.08823529411764706 0.06441717791411043
26 0.832579185520362 0.8957055214723927 0.10407239819004525 0.0705521472392638
24 0.9434389140271493 0.6556748466257669 0.08597285067873303 0.04447852760736196
28 0.34502262443438914 0.504601226993865 0.083710407239819 0.08895705521472393
