29 0.19683257918552036 0.7714723926380368 0.167420814479638 0.13190184049079753
29 0.7963800904977375 0.7714723926380368 0.167420814479638 0.13190184049079753
29 0.18665158371040724 0.21088957055214724 0.1244343891402715 0.11503067484662577
29 0.7861990950226244 0.21088957055214724 0.1244343891402715 0.11503067484662577
29 0.501131221719457 0.11503067484662577 0.18778280542986425 0.1687116564417178
29 0.48868778280542985 0.8788343558282209 0.16289592760180996 0.147239263803681
23 0.830316742081448 0.5337423312883436 0.06334841628959276 0.08588957055214724
4 0.05542986425339366 0.42484662576687116 0.11085972850678733 0.08895705521472393
9 0.24547511312217193 0.575920245398773 0.07918552036199095 0.07208588957055215
16 0.05542986425339366 0.928680981595092 0.10180995475113122 0.0598159509202454
2 0.07692307692307693 0.1165644171779141 0.07692307692307693 0.0950920245398773
22 0.6877828054298643 0.6380368098159509 0.12217194570135746 0.0950920245398773
18 0.4830316742081448 0.7346625766871165 0.0746606334841629 0.06134969325153374
26 0.7895927601809954 0.8888036809815951 0.09954751131221719 0.06595092024539877
