29 0.19683257918552036 0.7714723926380368 0.167420814479638 0.13190184049079753
29 0.7963800904977375 0.7714723926380368 0.167420814479638 0.13190184049079753
29 0.18665158371040724 0.21088957055214724 0.1244343891402715 0.11503067484662577
29 0.7861990950226244 0.21088957055214724 0.1244343891402715 0.11503067484662577
29 0.501131221719457 0.11503067484662577 0.18778280542986425 0.1687116564417178
29 0.48868778280542985 0.8788343558282209 0.16289592760180996 0.147239263803681
6 0.8438914027149321 0.6134969325153374 0.16289592760180996 0.10122699386503067
15 0.6312217194570136 0.2960122699386503 0.08597285067873303 0.049079754601226995
19 0.33031674208144796 0.5797546012269938 0.13122171945701358 0.13190184049079753
8 0.1504524886877828 0.5429447852760736 0.16968325791855204 0.1196319018404908
22 0.579185520361991 0.5705521472392638 0.12217194570135746 0.0950920245398773
0 0.6515837104072398 0.27223926380368096 0.049773755656108594 0.04754601226993865
3 0.5972850678733032 0.6150306748466258 0.058823529411764705 0.06134969325153374
12 0.7805429864253394 0.47392638036809814 0.06787330316742081 0.049079754601226995
4 0.39705882352941174 0.4938650306748466 0.11085972850678733 0.08895705521472393
5 0.5463800904977375 0.26993865030674846 0.0746606334841629 0.03680981595092025
