29 0.19683257918552036 0.7714723926380368 0.167420814479638 0.13190184049079753
29 0.7963800904977375 0.7714723926380368 0.167420814479638 0.13190184049079753
29 0.18665158371040724 0.21088957055214724 0.1244343891402715 0.11503067484662577
29 0.7861990950226244 0.21088957055214724 0.1244343891402715 0.11503067484662577
29 0.501131221719457 0.11503067484662577 0.18778280542986425 0.1687116564417178
29 0.48868778280542985 0.8788343558282209 0.16289592760180996 0.147239263803681
14 0.7002262443438914 0.2921779141104294 0.04751131221719457 0.03834355828220859
18 0.49095022624434387 0.3090490797546012 0.07692307692307693 0.05368098159509203
0 0.503393665158371 0.6196319018404908 0.07013574660633484 0.049079754601226995
3 0.831447963800905 0.6134969325153374 0.05203619909502263 0.06134969325153374
5 0.7884615384615384 0.6226993865030674 0.0746606334841629 0.03680981595092025
20 0.4230769230769231 0.5191717791411042 0.04524886877828054 0.03834355828220859
22 0.46153846153846156 0.5598159509202454 0.12217194570135746 0.0950920245398773
0 0.45361990950226244 0.7162576687116564 0.07013574660633484 0.049079754601226995
11 0.3031674208144796 0.6802147239263804 0.06787330316742081 0.07822085889570553
14 0.8190045248868778 0.6595092024539877 0.04072398190045249 0.03067484662576687
24 0.43891402714932126 0.6748466257668712 0.03167420814479638 0.03067484662576687
27 0.2341628959276018 0.40797546012269936 0.07013574660633484 0.05521472392638037
28 0.5690045248868778 0.2561349693251534 0.083710407239819 0.08895705521472393
