29 0.19683257918552036 0.7714723926380368 0.167420814479638 0.13190184049079753
29 0.7963800904977375 0.7714723926380368 0.167420814479638 0.13190184049079753
29 0.18665158371040724 0.21088957055214724 0.1244343891402715 0.11503067484662577
29 0.7861990950226244 0.21088957055214724 0.1244343891402715 0.11503067484662577
29 0.501131221719457 0.11503067484662577 0.18778280542986425 0.1687116564417178
29 0.48868778280542985 0.8788343558282209 0.16289592760180996 0.147239263803681
5 0.49547511312217196 0.6702453987730062 0.06787330316742081 0.049079754601226995
4 0.05995475113122172 0.933282208588957 0.11990950226244344 0.09662576687116564
21 0.7816742081447964 0.5191717791411042 0.1334841628959276 0.10276073619631902
12 0.5305429864253394 0.6150306748466258 0.083710407239819 0.06748466257668712
4 0.6436651583710408 0.27070552147239263 0.11990950226244344 0.09355828220858896
27 0.38122171945701355 0.1058282208588957 0.07013574660633484 0.05521472392638037
