29 0.19683257918552036 0.7714723926380368 0.167420814479638 0.13190184049079753
29 0.7963800904977375 0.7714723926380368 0.167420814479638 0.13190184049079753
29 0.18665158371040724 0.21088957055214724 0.1244343891402715 0.11503067484662577
29 0.7861990950226244 0.21088957055214724 0.1244343891402715 0.11503067484662577
29 0.501131221719457 0.11503067484662577 0.18778280542986425 0.1687116564417178
29 0.48868778280542985 0.8788343558282209 0.16289592760180996 0.147239263803681
17 0.8393665158371041 0.5651840490797546 0.10407239819004525 0.08742331288343558
9 0.16855203619909503 0.09355828220858896 0.10180995475113122 0.11042944785276074
7 0.6233031674208145 0.6311349693251533 0.04751131221719457 0.04754601226993865
6 0.8710407239819005 0.6702453987730062 0.167420814479638 0.09815950920245399
10 0.3190045248868778 0.5283742331288344 0.12669683257918551 0.14570552147239263
25 0.5328054298642534 0.5789877300613497 0.1425339366515837 0.07208588957055215
