29 0.19683257918552036 0.7714723926380368 0.167420814479638 0.13190184049079753
29 0.7963800904977375 0.7714723926380368 0.167420814479638 0.13190184049079753
29 0.18665158371040724 0.21088957055214724 0.1244343891402715 0.11503067484662577
29 0.7861990950226244 0.21088957055214724 0.1244343891402715 0.11503067484662577
29 0.501131221719457 0.11503067484662577 0.18778280542986425 0.1687116564417178
29 0.48868778280542985 0.8788343558282209 0.16289592760180996 0.147239263803681
16 0.12330316742081449 0.5559815950920245 0.10180995475113122 0.0598159509202454
10 0.581447963800905 0.6265337423312883 0.12669683257918551 0.14570552147239263
18 0.36199095022624433 0.032208588957055216 0.04072398190045249 0.05828220858895705
9 0.30995475113122173 0.5506134969325154 0.11312217194570136 0.0736196319018405
23 0.4796380090497738 0.4371165644171779 0.05429864253393665 0.09202453987730061
12 0.2341628959276018 0.11809815950920245 0.083710407239819 0.06748466257668712
20 0.7194570135746606 0.6848159509202454 0.04524886877828054 0.03834355828220859
25 0.5328054298642534 0.24309815950920247 0.1425339366515837 0.07208588957055215
27 0.5576923076923077 0.38266871165644173 0.06108597285067873 0.05368098159509203
