29 0.19683257918552036 0.7714723926380368 0.167420814479638 0.13190184049079753
29 0.7963800904977375 0.7714723926380368 0.167420814479638 0.13190184049079753
29 0.18665158371040724 0.21088957055214724 0.1244343891402715 0.11503067484662577
29 0.7861990950226244 0.21088957055214724 0.1244343891402715 0.11503067484662577
29 0.501131221719457 0.11503067484662577 0.18778280542986425 0.1687116564417178
29 0.48868778280542985 0.8788343558282209 0.16289592760180996 0.147239263803681
9 0.8585972850678733 0.45475460122699385 0.07918552036199095 0.07208588957055215
21 0.7047511312217195 0.549079754601227 0.1425339366515837 0.07975460122699386
7 0.9061085972850679 0.678680981595092 0.05203619909502263 0.04141104294478527
2 0.5542986425339367 0.4432515337423313 0.07692307692307693 0.0950920245398773
3 0.20701357466063347 0.598159509202454 0.05203619909502263 0.06134969325153374
4 0.26357466063348417 0.5674846625766872 0.11085972850678733 0.08895705521472393
25 0.3009049773755656 0.7154907975460123 0.13122171945701358 0.09662576687116564
24 0.6527149321266968 0.6349693251533742 0.07918552036199095 0.03374233128834356
26 0.37104072398190047 0.8458588957055214 0.10407239819004525 0.07208588957055215
27 0.833710407239819 0.941717791411043 0.07013574660633484 0.05521472392638037
