29 0.19683257918552036 0.7714723926380368 0.167420814479638 0.13190184049079753
29 0.7963800904977375 0.7714723926380368 0.167420814479638 0.13190184049079753
29 0.18665158371040724 0.21088957055214724 0.1244343891402715 0.11503067484662577
29 0.7861990950226244 0.21088957055214724 0.1244343891402715 0.11503067484662577
29 0.501131221719457 0.11503067484662577 0.18778280542986425 0.1687116564417178
29 0.48868778280542985 0.8788343558282209 0.16289592760180996 0.147239263803681
17 0.8552036199095022 0.4700920245398773 0.10407239819004525 0.08742331288343558
23 0.2986425339366516 0.48006134969325154 0.05429864253393665 0.09202453987730061
5 0.2703619909502262 0.10122699386503067 0.0746606334841629 0.03680981595092025
0 0.3246606334841629 0.4892638036809816 0.05656108597285068 0.05828220858895705
1 0.13122171945701358 0.4624233128834356 0.09049773755656108 0.06595092024539877
9 0.503393665158371 0.6572085889570553 0.11085972850678733 0.07515337423312883
16 0.9536199095022625 0.629601226993865 0.083710407239819 0.05674846625766871
14 0.5780542986425339 0.3412576687116564 0.04751131221719457 0.03834355828220859
12 0.06447963800904978 0.4171779141104294 0.083710407239819 0.06748466257668712
11 0.06561085972850679 0.7891104294478528 0.08144796380090498 0.1058282208588957
28 0.4287330316742081 0.6134969325153374 0.083710407239819 0.08895705521472393
28 0.21832579185520362 0.5460122699386503 0.083710407239819 0.08895705521472393
25 0.5746606334841629 0.7553680981595092 0.13122171945701358 0.09662576687116564
