29 0.19683257918552036 0.7714723926380368 0.167420814479638 0.13190184049079753
29 0.7963800904977375 0.7714723926380368 0.167420814479638 0.13190184049079753
29 0.18665158371040724 0.21088957055214724 0.1244343891402715 0.11503067484662577
29 0.7861990950226244 0.21088957055214724 0.1244343891402715 0.11503067484662577
29 0.501131221719457 0.11503067484662577 0.18778280542986425 0.1687116564417178
29 0.48868778280542985 0.8788343558282209 0.16289592760180996 0.147239263803681
12 0.6119909502262444 0.26380368098159507 0.083710407239819 0.06748466257668712
21 0.4309954751131222 0.6004601226993865 0.1334841628959276 0.10276073619631902
0 0.6312217194570136 0.37576687116564417 0.07692307692307693 0.046012269938650305
13 0.8619909502262444 0.4808282208588957 0.09502262443438914 0.06901840490797546
1 0.251131221719457 0.48236196319018404 0.07692307692307693 0.0598159509202454
18 0.25 0.47776073619631904 0.042986425339366516 0.05674846625766871
12 0.5067873303167421 0.24539877300613497 0.06787330316742081 0.049079754601226995
16 0.8970588235294118 0.5283742331288344 0.083710407239819 0.05674846625766871
26 0.45701357466063347 0.15107361963190183 0.10407239819004525 0.07208588957055215
28 0.36312217194570134 0.07515337423312883 0.083710407239819 0.08895705521472393
27 0.6368778280542986 0.2753067484662577 0.06108597285067873 0.05368098159509203
25 0.166289592760181 0.10199386503067484 0.1425339366515837 0.07208588957055215
