29 0.19683257918552036 0.7714723926380368 0.167420814479638 0.13190184049079753
29 0.7963800904977375 0.7714723926380368 0.167420814479638 0.13190184049079753
29 0.18665158371040724 0.21088957055214724 0.1244343891402715 0.11503067484662577
29 0.7861990950226244 0.21088957055214724 0.1244343891402715 0.11503067484662577
29 0.501131221719457 0.11503067484662577 0.18778280542986425 0.1687116564417178
29 0.48868778280542985 0.8788343558282209 0.16289592760180996 0.147239263803681
5 0.6595022624434389 0.24539877300613497 0.0746606334841629 0.03680981595092025
23 0.4479638009049774 0.27607361963190186 0.06334841628959276 0.08588957055214724
22 0.3733031674208145 0.48006134969325154 0.12217194570135746 0.0950920245398773
1 0.8597285067873304 0.6188650306748467 0.09049773755656108 0.06595092024539877
7 0.3042986425339366 0.6725460122699386 0.05203619909502263 0.04141104294478527
10 0.5203619909502263 0.6756134969325154 0.12669683257918551 0.14570552147239263
13 0.13914027149321267 0.057515337423312884 0.09728506787330317 0.07208588957055215
17 0.17194570135746606 0.059049079754601226 0.10407239819004525 0.08742331288343558
24 0.3156108597285068 0.6234662576687117 0.0746606334841629 0.029141104294478526
26 0.43891402714932126 0.7016871165644172 0.10407239819004525 0.07208588957055215
