29 0.19683257918552036 0.7714723926380368 0.167420814479638 0.13190184049079753
29 0.7963800904977375 0.7714723926380368 0.167420814479638 0.13190184049079753
29 0.18665158371040724 0.21088957055214724 0.1244343891402715 0.11503067484662577
29 0.7861990950226244 0.21088957055214724 0.1244343891402715 0.11503067484662577
29 0.501131221719457 0.11503067484662577 0.18778280542986425 0.1687116564417178
29 0.48868778280542985 0.8788343558282209 0.16289592760180996 0.147239263803681
19 0.16289592760180996 0.08282208588957055 0.13122171945701358 0.13190184049079753
6 0.5859728506787331 0.3696319018404908 0.17647058823529413 0.11042944785276074
0 0.10633484162895927 0.5674846625766872 0.07692307692307693 0.046012269938650305
23 0.5158371040723982 0.6625766871165644 0.06334841628959276 0.08588957055214724
11 0.7579185520361991 0.6503067484662577 0.09502262443438914 0.07668711656441718
14 0.22624434389140272 0.10736196319018405 0.04072398190045249 0.03067484662576687
4 0.17307692307692307 0.08665644171779141 0.11990950226244344 0.09355828220858896
18 0.9671945701357466 0.6319018404907976 0.05203619909502263 0.06134969325153374
1 0.22850678733031674 0.48236196319018404 0.09049773755656108 0.06595092024539877
