29 0.19683257918552036 0.7714723926380368 0.167420814479638 0.13190184049079753
29 0.7963800904977375 0.7714723926380368 0.167420814479638 0.13190184049079753
29 0.18665158371040724 0.21088957055214724 0.1244343891402715 0.11503067484662577
29 0.7861990950226244 0.21088957055214724 0.1244343891402715 0.11503067484662577
29 0.501131221719457 0.11503067484662577 0.18778280542986425 0.1687116564417178
29 0.48868778280542985 0.8788343558282209 0.16289592760180996 0.147239263803681
1 0.05203619909502263 0.5881901840490797 0.09049773755656108 0.06595092024539877
7 0.8823529411764706 0.6081288343558282 0.06334841628959276 0.05368098159509203
23 0.9434389140271493 0.48466257668711654 0.05429864253393665 0.09202453987730061
18 0.6097285067873304 0.6947852760736196 0.05203619909502263 0.06134969325153374
21 0.27262443438914025 0.08205521472392638 0.1334841628959276 0.10276073619631902
6 0.6357466063348416 0.6733128834355828 0.13574660633484162 0.10429447852760736
17 0.19909502262443438 0.5544478527607362 0.10407239819004525 0.08742331288343558
26 0.6153846153846154 0.7829754601226994 0.09954751131221719 0.06595092024539877
25 0.6459276018099548 0.17101226993865032 0.1425339366515837 0.07208588957055215
