29 0.19683257918552036 0.7714723926380368 0.167420814479638 0.13190184049079753
29 0.7963800904977375 0.7714723926380368 0.167420814479638 0.13190184049079753
29 0.18665158371040724 0.21088957055214724 0.1244343891402715 0.11503067484662577
29 0.7861990950226244 0.21088957055214724 0.1244343891402715 0.11503067484662577
29 0.501131221719457 0.11503067484662577 0.18778280542986425 0.1687116564417178
29 0.48868778280542985 0.8788343558282209 0.16289592760180996 0.147239263803681
23 0.1334841628959276 0.04294478527607362 0.06334841628959276 0.08588957055214724
2 0.07239819004524888 0.15644171779141106 0.07692307692307693 0.0950920245398773
4 0.6142533936651584 0.25690184049079756 0.11990950226244344 0.09662576687116564
9 0.49434389140271495 0.6196319018404908 0.10180995475113122 0.11042944785276074
15 0.0667420814479638 0.933282208588957 0.07013574660633484 0.04754601226993865
24 0.9083710407239819 0.718558282208589 0.0746606334841629 0.029141104294478526
28 0.18891402714932126 0.4171779141104294 0.08823529411764706 0.06441717791411043
25 0.504524886877828 0.5927914110429447 0.13122171945701358 0.09662576687116564
