29 0.19683257918552036 0.7714723926380368 0.167420814479638 0.13190184049079753
29 0.7963800904977375 0.7714723926380368 0.167420814479638 0.13190184049079753
29 0.18665158371040724 0.21088957055214724 0.1244343891402715 0.11503067484662577
29 0.7861990950226244 0.21088957055214724 0.1244343891402715 0.11503067484662577
29 0.501131221719457 0.11503067484662577 0.18778280542986425 0.1687116564417178
29 0.48868778280542985 0.8788343558282209 0.16289592760180996 0.147239263803681
17 0.5294117647058824 0.39493865030674846 0.10407239819004525 0.09049079754601227
5 0.5463800904977375 0.29141104294478526 0.0746606334841629 0.03680981595092025
19 0.18099547511312217 0.6487730061349694 0.13122171945701358 0.13190184049079753
6 0.11990950226244344 0.6503067484662577 0.17647058823529413 0.11042944785276074
15 0.1436651583710407 0.10506134969325154 0.07013574660633484 0.04754601226993865
16 0.08710407239819004 0.10199386503067484 0.10180995475113122 0.0598159509202454
25 0.6391402714932126 0.6572085889570553 0.1425339366515837 0.07208588957055215
28 0.7613122171945701 0.2661042944785276 0.10180995475113122 0.05368098159509203
27 0.7703619909502263 0.42868098159509205 0.06108597285067873 0.05368098159509203
