29 0.19683257918552036 0.7714723926380368 0.167420814479638 0.13190184049079753
29 0.7963800904977375 0.7714723926380368 0.167420814479638 0.13190184049079753
29 0.18665158371040724 0.21088957055214724 0.1244343891402715 0.11503067484662577
29 0.7861990950226244 0.21088957055214724 0.1244343891402715 0.11503067484662577
29 0.501131221719457 0.11503067484662577 0.18778280542986425 0.1687116564417178
29 0.48868778280542985 0.8788343558282209 0.16289592760180996 0.147239263803681
6 0.09276018099547512 0.5950920245398773 0.167420814479638 0.09815950920245399
18 0.042986425339366516 0.27223926380368096 0.04524886877828054 0.05368098159509203
2 0.6357466063348416 0.3006134969325153 0.07692307692307693 0.0950920245398773
11 0.33710407239819007 0.5253067484662577 0.08144796380090498 0.1058282208588957
28 0.5395927601809954 0.8404907975460123 0.083710407239819 0.08895705521472393
26 0.16289592760180996 0.7170245398773006 0.10407239819004525 0.07208588957055215
27 0.8563348416289592 0.16411042944785276 0.07013574660633484 0.05521472392638037
24 0.6832579185520362 0.2745398773006135 0.03167420814479638 0.03067484662576687
