29 0.19683257918552036 0.7714723926380368 0.167420814479638 0.13190184049079753
29 0.7963800904977375 0.7714723926380368 0.167420814479638 0.13190184049079753
29 0.18665158371040724 0.21088957055214724 0.1244343891402715 0.11503067484662577
29 0.7861990950226244 0.21088957055214724 0.1244343891402715 0.11503067484662577
29 0.501131221719457 0.11503067484662577 0.18778280542986425 0.1687116564417178
29 0.48868778280542985 0.8788343558282209 0.16289592760180996 0.147239263803681
17 0.5384615384615384 0.5483128834355828 0.10407239819004525 0.08742331288343558
13 0.9276018099547512 0.625 0.09502262443438914 0.06901840490797546
23 0.4502262443438914 0.575920245398773 0.09502262443438914 0.0598159509202454
20 0.9592760180995475 0.473159509202454 0.04524886877828054 0.03834355828220859
25 0.47058823529411764 0.15567484662576686 0.13122171945701358 0.09662576687116564
28 0.9287330316742082 0.28680981595092025 0.083710407239819 0.08895705521472393
26 0.1583710407239819 0.6633435582822086 0.10407239819004525 0.07208588957055215
26 0.6900452488687783 0.2308282208588957 0.09954751131221719 0.06595092024539877
