29 0.19683257918552036 0.7714723926380368 0.167420814479638 0.13190184049079753
29 0.7963800904977375 0.7714723926380368 0.167420814479638 0.13190184049079753
29 0.18665158371040724 0.21088957055214724 0.1244343891402715 0.11503067484662577
29 0.7861990950226244 0.21088957055214724 0.1244343891402715 0.11503067484662577
29 0.501131221719457 0.11503067484662577 0.18778280542986425 0.1687116564417178
29 0.48868778280542985 0.8788343558282209 0.16289592760180996 0.147239263803681
1 0.5588235294117647 0.5115030674846626 0.09049773755656108 0.06595092024539877
8 0.10407239819004525 0.5283742331288344 0.167420814479638 0.11809815950920245
10 0.47285067873303166 0.3289877300613497 0.12669683257918551 0.14570552147239263
21 0.40158371040723984 0.5544478527607362 0.1334841628959276 0.10276073619631902
5 0.252262443438914 0.44631901840490795 0.0746606334841629 0.03680981595092025
20 0.19004524886877827 0.5053680981595092 0.04524886877828054 0.03834355828220859
9 0.48981900452488686 0.7193251533742331 0.10180995475113122 0.11042944785276074
22 0.24660633484162897 0.5460122699386503 0.12217194570135746 0.0950920245398773
27 0.1334841628959276 0.12346625766871165 0.058823529411764705 0.05061349693251534
