29 0.19683257918552036 0.7714723926380368 0.167420814479638 0.13190184049079753
29 0.7963800904977375 0.7714723926380368 0.167420814479638 0.13190184049079753
29 0.18665158371040724 0.21088957055214724 0.1244343891402715 0.11503067484662577
29 0.7861990950226244 0.21088957055214724 0.1244343891402715 0.11503067484662577
29 0.501131221719457 0.11503067484662577 0.18778280542986425 0.1687116564417178
29 0.48868778280542985 0.8788343558282209 0.16289592760180996 0.147239263803681
7 0.5305429864253394 0.5130368098159509 0.05203619909502263 0.04141104294478527
11 0.23529411764705882 0.5245398773006135 0.09502262443438914 0.07668711656441718
15 0.4479638009049774 0.2523006134969325 0.07239819004524888 0.04754601226993865
21 0.7635746606334841 0.5 0.1425339366515837 0.07975460122699386
14 0.11538461538461539 0.12269938650306748 0.04072398190045249 0.03067484662576687
9 0.08257918552036199 0.700920245398773 0.10180995475113122 0.11042944785276074
1 0.7918552036199095 0.4869631901840491 0.09049773755656108 0.06595092024539877
3 0.7692307692307693 0.4447852760736196 0.058823529411764705 0.06134969325153374
10 0.4751131221719457 0.5805214723926381 0.12669683257918551 0.14570552147239263
28 0.25 0.2446319018404908 0.10180995475113122 0.05368098159509203
