29 0.19683257918552036 0.7714723926380368 0.167420814479638 0.13190184049079753
29 0.7963800904977375 0.7714723926380368 0.167420814479638 0.13190184049079753
29 0.18665158371040724 0.21088957055214724 0.1244343891402715 0.11503067484662577
29 0.7861990950226244 0.21088957055214724 0.1244343891402715 0.11503067484662577
29 0.501131221719457 0.11503067484662577 0.18778280542986425 0.1687116564417178
29 0.48868778280542985 0.8788343558282209 0.16289592760180996 0.147239263803681
7 0.2647058823529412 0.6081288343558282 0.06334841628959276 0.05368098159509203
20 0.5723981900452488 0.2753067484662577 0.04524886877828054 0.03834355828220859
4 0.24547511312217193 0.5414110429447853 0.11085972850678733 0.08895705521472393
14 0.6199095022624435 0.5 0.03167420814479638 0.03067484662576687
0 0.05090497737556561 0.897239263803681 0.06108597285067873 0.05214723926380368
12 0.6063348416289592 0.5475460122699386 0.06787330316742081 0.049079754601226995
10 0.47058823529411764 0.6188650306748467 0.12669683257918551 0.14570552147239263
18 0.6368778280542986 0.25153374233128833 0.0746606334841629 0.06134969325153374
