29 0.19683257918552036 0.7714723926380368 0.167420814479638 0.13190184049079753
29 0.7963800904977375 0.7714723926380368 0.167420814479638 0.13190184049079753
29 0.18665158371040724 0.21088957055214724 0.1244343891402715 0.11503067484662577
29 0.7861990950226244 0.21088957055214724 0.1244343891402715 0.11503067484662577
29 0.501131221719457 0.11503067484662577 0.18778280542986425 0.1687116564417178
29 0.48868778280542985 0.8788343558282209 0.16289592760180996 0.147239263803681
17 0.5678733031674208 0.7492331288343558 0.10407239819004525 0.08742331288343558
20 0.5180995475113123 0.3535276073619632 0.04524886877828054 0.03834355828220859
6 0.6312217194570136 0.5782208588957055 0.167420814479638 0.09815950920245399
14 0.07239819004524888 0.023006134969325152 0.04072398190045249 0.03067484662576687
23 0.5656108597285068 0.5835889570552147 0.09502262443438914 0.0598159509202454
10 0.8257918552036199 0.6434049079754601 0.12669683257918551 0.14570552147239263
5 0.5407239819004525 0.5843558282208589 0.06787330316742081 0.049079754601226995
9 0.49660633484162897 0.5383435582822086 0.10180995475113122 0.11042944785276074
15 0.5271493212669683 0.7630368098159509 0.08144796380090498 0.05674846625766871
25 0.20588235294117646 0.43328220858895705 0.13122171945701358 0.09662576687116564
