29 0.19683257918552036 0.7714723926380368 0.167420814479638 0.13190184049079753
29 0.7963800904977375 0.7714723926380368 0.167420814479638 0.13190184049079753
29 0.18665158371040724 0.21088957055214724 0.1244343891402715 0.11503067484662577
29 0.7861990950226244 0.21088957055214724 0.1244343891402715 0.11503067484662577
29 0.501131221719457 0.11503067484662577 0.18778280542986425 0.1687116564417178
29 0.48868778280542985 0.8788343558282209 0.16289592760180996 0.147239263803681
4 0.6074660633484162 0.5835889570552147 0.11990950226244344 0.09355828220858896
10 0.504524886877828 0.28144171779141103 0.12669683257918551 0.14570552147239263
9 0.6040723981900452 0.4662576687116564 0.11312217194570136 0.0736196319018405
1 0.5067873303167421 0.5697852760736196 0.07692307692307693 0.0598159509202454
17 0.2986425339366516 0.6050613496932515 0.10407239819004525 0.09049079754601227
6 0.4479638009049774 0.598159509202454 0.17647058823529413 0.11042944785276074
19 0.3914027149321267 0.5644171779141104 0.13122171945701358 0.13190184049079753
5 0.4276018099547511 0.6748466257668712 0.06787330316742081 0.049079754601226995
15 0.048642533936651584 0.9693251533742331 0.07918552036199095 0.05214723926380368
21 0.6934389140271493 0.5521472392638037 0.1425339366515837 0.07975460122699386
28 0.6753393665158371 0.5306748466257669 0.08823529411764706 0.06441717791411043
