29 0.19683257918552036 0.7714723926380368 0.167420814479638 0.13190184049079753
29 0.7963800904977375 0.7714723926380368 0.167420814479638 0.13190184049079753
29 0.18665158371040724 0.21088957055214724 0.1244343891402715 0.11503067484662577
29 0.7861990950226244 0.21088957055214724 0.1244343891402715 0.11503067484662577
29 0.501131221719457 0.11503067484662577 0.18778280542986425 0.1687116564417178
29 0.48868778280542985 0.8788343558282209 0.16289592760180996 0.147239263803681
15 0.3563348416289593 0.5996932515337423 0.07918552036199095 0.05214723926380368
11 0.0746606334841629 0.8136503067484663 0.06787330316742081 0.07822085889570553
23 0.6199095022624435 0.6932515337423313 0.06334841628959276 0.08588957055214724
13 0.8506787330316742 0.5483128834355828 0.09502262443438914 0.06901840490797546
2 0.5701357466063348 0.6411042944785276 0.07692307692307693 0.0950920245398773
5 0.5757918552036199 0.21779141104294478 0.0746606334841629 0.03680981595092025
8 0.251131221719457 0.5805214723926381 0.167420814479638 0.11809815950920245
7 0.4671945701357466 0.6863496932515337 0.04751131221719457 0.04754601226993865
3 0.41402714932126694 0.504601226993865 0.049773755656108594 0.05521472392638037
