29 0.19683257918552036 0.7714723926380368 0.167420814479638 0.13190184049079753
29 0.7963800904977375 0.7714723926380368 0.167420814479638 0.13190184049079753
29 0.18665158371040724 0.21088957055214724 0.1244343891402715 0.11503067484662577
29 0.7861990950226244 0.21088957055214724 0.1244343891402715 0.11503067484662577
29 0.501131221719457 0.11503067484662577 0.18778280542986425 0.1687116564417178
29 0.48868778280542985 0.8788343558282209 0.16289592760180996 0.147239263803681
14 0.502262443438914 0.7653374233128835 0.04072398190045249 0.03067484662576687
17 0.05429864253393665 0.21549079754601227 0.10407239819004525 0.08742331288343558
5 0.12104072398190045 0.6533742331288344 0.0746606334841629 0.03680981595092025
12 0.919683257918552 0.45858895705521474 0.083710407239819 0.06748466257668712
4 0.5622171945701357 0.450920245398773 0.11085972850678733 0.08895705521472393
24 0.9751131221719457 0.10122699386503067 0.03167420814479638 0.03067484662576687
27 0.7375565610859729 0.09739263803680982 0.058823529411764705 0.05061349693251534
