29 0.19683257918552036 0.7714723926380368 0.167420814479638 0.13190184049079753
29 0.7963800904977375 0.7714723926380368 0.167420814479638 0.13190184049079753
29 0.18665158371040724 0.21088957055214724 0.1244343891402715 0.11503067484662577
29 0.7861990950226244 0.21088957055214724 0.1244343891402715 0.11503067484662577
29 0.501131221719457 0.11503067484662577 0.18778280542986425 0.1687116564417178
29 0.48868778280542985 0.8788343558282209 0.16289592760180996 0.147239263803681
23 0.7013574660633484 0.6671779141104295 0.06334841628959276 0.08588957055214724
15 0.917420814479638 0.549079754601227 0.07918552036199095 0.05214723926380368
22 0.8710407239819005 0.5414110429447853 0.12217194570135746 0.0950920245398773
13 0.8800904977375565 0.6219325153374233 0.09502262443438914 0.06901840490797546
4 0.5429864253393665 0.61579754601227 0.12217194570135746 0.09969325153374232
9 0.35407239819004527 0.5475460122699386 0.10180995475113122 0.11042944785276074
10 0.8054298642533937 0.5789877300613497 0.12669683257918551 0.14570552147239263
14 0.6855203619909502 0.4378834355828221 0.049773755656108594 0.04447852760736196
19 0.4072398190045249 0.49079754601226994 0.13122171945701358 0.13190184049079753
3 0.06900452488687783 0.5322085889570553 0.05203619909502263 0.06441717791411043
24 0.584841628959276 0.9033742331288344 0.07918552036199095 0.03374233128834356
25 0.38009049773755654 0.5912576687116564 0.13122171945701358 0.09662576687116564
26 0.3031674208144796 0.11503067484662577 0.10407239819004525 0.0705521472392638
28 0.5305429864253394 0.5820552147239264 0.10180995475113122 0.05368098159509203
