29 0.19683257918552036 0.7714723926380368 0.167420814479638 0.13190184049079753
29 0.7963800904977375 0.7714723926380368 0.167420814479638 0.13190184049079753
29 0.18665158371040724 0.21088957055214724 0.1244343891402715 0.11503067484662577
29 0.7861990950226244 0.21088957055214724 0.1244343891402715 0.11503067484662577
29 0.501131221719457 0.11503067484662577 0.18778280542986425 0.1687116564417178
29 0.48868778280542985 0.8788343558282209 0.16289592760180996 0.147239263803681
2 0.5588235294117647 0.40644171779141103 0.07692307692307693 0.0950920245398773
22 0.6176470588235294 0.2469325153374233 0.12217194570135746 0.0950920245398773
10 0.8371040723981901 0.6219325153374233 0.12669683257918551 0.14570552147239263
28 0.2658371040723982 0.9079754601226994 0.083710407239819 0.08895705521472393
28 0.5079185520361991 0.12423312883435583 0.08823529411764706 0.06441717791411043
25 0.5690045248868778 0.19708588957055215 0.1425339366515837 0.07208588957055215
26 0.8393665158371041 0.22622699386503067 0.09954751131221719 0.06595092024539877
