29 0.19683257918552036 0.7714723926380368 0.167420814479638 0.13190184049079753
29 0.7963800904977375 0.7714723926380368 0.167420814479638 0.13190184049079753
29 0.18665158371040724 0.21088957055214724 0.1244343891402715 0.11503067484662577
29 0.7861990950226244 0.21088957055214724 0.1244343891402715 0.11503067484662577
29 0.501131221719457 0.11503067484662577 0.18778280542986425 0.1687116564417178
29 0.48868778280542985 0.8788343558282209 0.16289592760180996 0.147239263803681
6 0.5610859728506787 0.700920245398773 0.17647058823529413 0.11042944785276074
11 0.08144796380090498 0.678680981595092 0.13574660633484162 0.07515337423312883
16 0.5147058823529411 0.2691717791411043 0.083710407239819 0.05674846625766871
23 0.19004524886877827 0.0299079754601227 0.09502262443438914 0.0598159509202454
1 0.332579185520362 0.5483128834355828 0.09049773755656108 0.06595092024539877
14 0.5214932126696833 0.4838957055214724 0.04751131221719457 0.03834355828220859
26 0.4276018099547511 0.424079754601227 0.09954751131221719 0.06595092024539877
27 0.19683257918552036 0.24309815950920247 0.058823529411764705 0.05061349693251534
24 0.8585972850678733 0.602760736196319 0.07918552036199095 0.03374233128834356
25 0.17647058823529413 0.3688650306748466 0.13122171945701358 0.09662576687116564
