29 0.19683257918552036 0.7714723926380368 0.167420814479638 0.13190184049079753
29 0.7963800904977375 0.7714723926380368 0.167420814479638 0.13190184049079753
29 0.18665158371040724 0.21088957055214724 0.1244343891402715 0.11503067484662577
29 0.7861990950226244 0.21088957055214724 0.1244343891402715 0.11503067484662577
29 0.501131221719457 0.11503067484662577 0.18778280542986425 0.1687116564417178
29 0.48868778280542985 0.8788343558282209 0.16289592760180996 0.147239263803681
5 0.829185520361991 0.4938650306748466 0.0746606334841629 0.03680981595092025
15 0.07918552036199095 0.906441717791411 0.08144796380090498 0.046012269938650305
2 0.6719457013574661 0.4723926380368098 0.07692307692307693 0.0950920245398773
8 0.5079185520361991 0.6702453987730062 0.16968325791855204 0.1196319018404908
4 0.7952488687782805 0.6403374233128835 0.11990950226244344 0.09662576687116564
21 0.27714932126696834 0.522239263803681 0.1334841628959276 0.10276073619631902
12 0.6278280542986425 0.6687116564417178 0.083710407239819 0.06748466257668712
20 0.37104072398190047 0.03450920245398773 0.04524886877828054 0.03834355828220859
22 0.33031674208144796 0.5966257668711656 0.12217194570135746 0.0950920245398773
10 0.1085972850678733 0.5406441717791411 0.12669683257918551 0.14570552147239263
