29 0.19683257918552036 0.7714723926380368 0.167420814479638 0.13190184049079753
29 0.7963800904977375 0.7714723926380368 0.167420814479638 0.13190184049079753
29 0.18665158371040724 0.21088957055214724 0.1244343891402715 0.11503067484662577
29 0.7861990950226244 0.21088957055214724 0.1244343891402715 0.11503067484662577
29 0.501131221719457 0.11503067484662577 0.18778280542986425 0.1687116564417178
29 0.48868778280542985 0.8788343558282209 0.16289592760180996 0.147239263803681
8 0.8144796380090498 0.5682515337423313 0.167420814479638 0.11809815950920245
12 0.47285067873303166 0.4785276073619632 0.06787330316742081 0.049079754601226995
6 0.9117647058823529 0.6426380368098159 0.17647058823529413 0.11042944785276074
23 0.9049773755656109 0.4723926380368098 0.05429864253393665 0.09202453987730061
11 0.5361990950226244 0.4003067484662577 0.09502262443438914 0.07668711656441718
21 0.45475113122171945 0.48006134969325154 0.1493212669683258 0.08895705521472393
27 0.4649321266968326 0.7223926380368099 0.07013574660633484 0.05521472392638037
25 0.4264705882352941 0.571319018404908 0.1425339366515837 0.07208588957055215
26 0.2692307692307692 0.8726993865030674 0.10407239819004525 0.0705521472392638
26 0.6787330316742082 0.09202453987730061 0.10407239819004525 0.0705521472392638
