29 0.19683257918552036 0.7714723926380368 0.167420814479638 0.13190184049079753
29 0.7963800904977375 0.7714723926380368 0.167420814479638 0.13190184049079753
29 0.18665158371040724 0.21088957055214724 0.1244343891402715 0.11503067484662577
29 0.7861990950226244 0.21088957055214724 0.1244343891402715 0.11503067484662577
29 0.501131221719457 0.11503067484662577 0.18778280542986425 0.1687116564417178
29 0.48868778280542985 0.8788343558282209 0.16289592760180996 0.147239263803681
21 0.9332579185520362 0.6679447852760736 0.1334841628959276 0.10276073619631902
10 0.1493212669683258 0.5943251533742331 0.12669683257918551 0.14570552147239263
12 0.41289592760180993 0.5138036809815951 0.083710407239819 0.06748466257668712
8 0.5395927601809954 0.5812883435582822 0.16968325791855204 0.1196319018404908
11 0.4638009049773756 0.2791411042944785 0.09502262443438914 0.07668711656441718
14 0.026018099547511313 0.8105828220858896 0.04751131221719457 0.03834355828220859
15 0.7590497737556561 0.6096625766871165 0.07013574660633484 0.04754601226993865
23 0.7239819004524887 0.47392638036809814 0.05429864253393665 0.09202453987730061
24 0.0418552036199095 0.2469325153374233 0.07918552036199095 0.03374233128834356
26 0.5135746606334841 0.6449386503067485 0.09954751131221719 0.06595092024539877
