29 0.19683257918552036 0.7714723926380368 0.167420814479638 0.13190184049079753
29 0.7963800904977375 0.7714723926380368 0.167420814479638 0.13190184049079753
29 0.18665158371040724 0.21088957055214724 0.1244343891402715 0.11503067484662577
29 0.7861990950226244 0.21088957055214724 0.1244343891402715 0.11503067484662577
29 0.501131221719457 0.11503067484662577 0.18778280542986425 0.1687116564417178
29 0.48868778280542985 0.8788343558282209 0.16289592760180996 0.147239263803681
15 0.6153846153846154 0.4294478527607362 0.08597285067873303 0.049079754601226995
21 0.41968325791855204 0.5475460122699386 0.1425339366515837 0.07975460122699386
22 0.06787330316742081 0.37883435582822084 0.12217194570135746 0.0950920245398773
16 0.29751131221719457 0.5789877300613497 0.09728506787330317 0.06901840490797546
8 0.7726244343891403 0.5812883435582822 0.16968325791855204 0.1196319018404908
7 0.33031674208144796 0.054447852760736194 0.06334841628959276 0.05368098159509203
6 0.16968325791855204 0.23159509202453987 0.13574660633484162 0.10429447852760736
26 0.6787330316742082 0.5115030674846626 0.09954751131221719 0.06595092024539877
28 0.5531674208144797 0.06825153374233128 0.10180995475113122 0.05368098159509203
25 0.4457013574660634 0.7523006134969326 0.13122171945701358 0.09662576687116564
