29 0.19683257918552036 0.7714723926380368 0.167420814479638 0.13190184049079753
29 0.7963800904977375 0.7714723926380368 0.167420814479638 0.13190184049079753
29 0.18665158371040724 0.21088957055214724 0.1244343891402715 0.11503067484662577
29 0.7861990950226244 0.21088957055214724 0.1244343891402715 0.11503067484662577
29 0.501131221719457 0.11503067484662577 0.18778280542986425 0.1687116564417178
29 0.48868778280542985 0.8788343558282209 0.16289592760180996 0.147239263803681
17 0.1334841628959276 0.4854294478527607 0.10407239819004525 0.08742331288343558
1 0.11764705882352941 0.4838957055214724 0.09049773755656108 0.06595092024539877
5 0.36312217194570134 0.5904907975460123 0.0746606334841629 0.03680981595092025
2 0.4287330316742081 0.5812883435582822 0.0746606334841629 0.08895705521472393
22 0.9117647058823529 0.602760736196319 0.12217194570135746 0.0950920245398773
19 0.5226244343891403 0.3312883435582822 0.13122171945701358 0.13190184049079753
15 0.6018099547511312 0.4386503067484663 0.08144796380090498 0.046012269938650305
25 0.5927601809954751 0.5437116564417178 0.13122171945701358 0.09662576687116564
26 0.416289592760181 0.06288343558282208 0.10407239819004525 0.0705521472392638
25 0.5780542986425339 0.2308282208588957 0.1425339366515837 0.07208588957055215
