29 0.19683257918552036 0.7714723926380368 0.167420814479638 0.13190184049079753
29 0.7963800904977375 0.7714723926380368 0.167420814479638 0.13190184049079753
29 0.18665158371040724 0.21088957055214724 0.1244343891402715 0.11503067484662577
29 0.7861990950226244 0.21088957055214724 0.1244343891402715 0.11503067484662577
29 0.501131221719457 0.11503067484662577 0.18778280542986425 0.1687116564417178
29 0.48868778280542985 0.8788343558282209 0.16289592760180996 0.147239263803681
1 0.13574660633484162 0.06058282208588957 0.09049773755656108 0.06595092024539877
16 0.8540723981900452 0.4976993865030675 0.10180995475113122 0.0598159509202454
3 0.05203619909502263 0.5797546012269938 0.058823529411764705 0.06134969325153374
20 0.2828054298642534 0.571319018404908 0.04524886877828054 0.03834355828220859
18 0.7036199095022625 0.4562883435582822 0.04524886877828054 0.05368098159509203
23 0.6199095022624435 0.4087423312883436 0.09502262443438914 0.0598159509202454
7 0.7669683257918553 0.6894171779141104 0.06334841628959276 0.05368098159509203
11 0.581447963800905 0.4447852760736196 0.09502262443438914 0.07668711656441718
28 0.053167420814479636 0.17638036809815952 0.083710407239819 0.08895705521472393
28 0.14592760180995476 0.03834355828220859 0.08823529411764706 0.06441717791411043
27 0.2319004524886878 0.32975460122699385 0.07013574660633484 0.05521472392638037
