29 0.19683257918552036 0.7714723926380368 0.167420814479638 0.13190184049079753
29 0.7963800904977375 0.7714723926380368 0.167420814479638 0.13190184049079753
29 0.18665158371040724 0.21088957055214724 0.1244343891402715 0.11503067484662577
29 0.7861990950226244 0.21088957055214724 0.1244343891402715 0.11503067484662577
29 0.501131221719457 0.11503067484662577 0.18778280542986425 0.1687116564417178
29 0.48868778280542985 0.8788343558282209 0.16289592760180996 0.147239263803681
16 0.9581447963800905 0.5682515337423313 0.083710407239819 0.05674846625766871
2 0.48642533936651583 0.4601226993865031 0.07692307692307693 0.0950920245398773
13 0.8552036199095022 0.5805214723926381 0.09502262443438914 0.06901840490797546
20 0.6945701357466063 0.6986196319018405 0.04524886877828054 0.03834355828220859
21 0.4332579185520362 0.6073619631901841 0.1425339366515837 0.07975460122699386
10 0.4638009049773756 0.6280674846625767 0.12669683257918551 0.14570552147239263
12 0.4660633484162896 0.6134969325153374 0.06787330316742081 0.049079754601226995
26 0.11312217194570136 0.4317484662576687 0.10407239819004525 0.07208588957055215
24 0.0746606334841629 0.14263803680981596 0.03167420814479638 0.03067484662576687
24 0.7239819004524887 0.8059815950920245 0.08597285067873303 0.04447852760736196
