29 0.19683257918552036 0.7714723926380368 0.167420814479638 0.13190184049079753
29 0.7963800904977375 0.7714723926380368 0.167420814479638 0.13190184049079753
29 0.18665158371040724 0.21088957055214724 0.1244343891402715 0.11503067484662577
29 0.7861990950226244 0.21088957055214724 0.1244343891402715 0.11503067484662577
29 0.501131221719457 0.11503067484662577 0.18778280542986425 0.1687116564417178
29 0.48868778280542985 0.8788343558282209 0.16289592760180996 0.147239263803681
23 0.06334841628959276 0.8090490797546013 0.09502262443438914 0.0598159509202454
9 0.22058823529411764 0.49693251533742333 0.10180995475113122 0.11042944785276074
16 0.5938914027149321 0.6480061349693251 0.09728506787330317 0.06901840490797546
26 0.20135746606334842 0.48773006134969327 0.10407239819004525 0.0705521472392638
