29 0.19683257918552036 0.7714723926380368 0.167420814479638 0.13190184049079753
29 0.7963800904977375 0.7714723926380368 0.167420814479638 0.13190184049079753
29 0.18665158371040724 0.21088957055214724 0.1244343891402715 0.11503067484662577
29 0.7861990950226244 0.21088957055214724 0.1244343891402715 0.11503067484662577
29 0.501131221719457 0.11503067484662577 0.18778280542986425 0.1687116564417178
29 0.48868778280542985 0.8788343558282209 0.16289592760180996 0.147239263803681
1 0.06108597285067873 0.11579754601226994 0.09049773755656108 0.06595092024539877
12 0.7680995475113123 0.5076687116564417 0.083710407239819 0.06748466257668712
0 0.6945701357466063 0.7093558282208589 0.05429864253393665 0.05368098159509203
4 0.915158371040724 0.5544478527607362 0.11990950226244344 0.09662576687116564
27 0.7997737556561086 0.9325153374233128 0.07013574660633484 0.05521472392638037
