29 0.19683257918552036 0.7714723926380368 0.167420814479638 0.13190184049079753
29 0.7963800904977375 0.7714723926380368 0.167420814479638 0.13190184049079753
29 0.18665158371040724 0.21088957055214724 0.1244343891402715 0.11503067484662577
29 0.7861990950226244 0.21088957055214724 0.1244343891402715 0.11503067484662577
29 0.501131221719457 0.11503067484662577 0.18778280542986425 0.1687116564417178
29 0.48868778280542985 0.8788343558282209 0.16289592760180996 0.147239263803681
18 0.5599547511312217 0.6947852760736196 0.0746606334841629 0.06134969325153374
2 0.23868778280542988 0.6073619631901841 0.0746606334841629 0.08895705521472393
3 0.36764705882352944 0.5920245398773006 0.05203619909502263 0.06441717791411043
9 0.6572398190045249 0.696319018404908 0.10180995475113122 0.11042944785276074
0 0.5237556561085973 0.7576687116564417 0.05656108597285068 0.05828220858895705
10 0.16289592760180996 0.6081288343558282 0.12669683257918551 0.14570552147239263
11 0.19683257918552036 0.6802147239263804 0.13574660633484162 0.07515337423312883
21 0.2748868778280543 0.46549079754601225 0.1334841628959276 0.10276073619631902
16 0.5214932126696833 0.2799079754601227 0.10180995475113122 0.0598159509202454
26 0.11990950226244344 0.6480061349693251 0.09954751131221719 0.06595092024539877
27 0.3190045248868778 0.37653374233128833 0.058823529411764705 0.05061349693251534
26 0.36425339366515835 0.21395705521472394 0.09954751131221719 0.06595092024539877
