29 0.19683257918552036 0.7714723926380368 0.167420814479638 0.13190184049079753
29 0.7963800904977375 0.7714723926380368 0.167420814479638 0.13190184049079753
29 0.18665158371040724 0.21088957055214724 0.1244343891402715 0.11503067484662577
29 0.7861990950226244 0.21088957055214724 0.1244343891402715 0.11503067484662577
29 0.501131221719457 0.11503067484662577 0.18778280542986425 0.1687116564417178
29 0.48868778280542985 0.8788343558282209 0.16289592760180996 0.147239263803681
1 0.08144796380090498 0.6572085889570553 0.07692307692307693 0.0598159509202454
7 0.18099547511312217 0.5943251533742331 0.06334841628959276 0.05368098159509203
14 0.5950226244343891 0.23773006134969324 0.03167420814479638 0.03067484662576687
17 0.34615384615384615 0.620398773006135 0.10407239819004525 0.09049079754601227
9 0.2330316742081448 0.5544478527607362 0.10407239819004525 0.07515337423312883
27 0.23642533936651583 0.9539877300613497 0.07013574660633484 0.05521472392638037
25 0.45361990950226244 0.16947852760736196 0.1425339366515837 0.07208588957055215
28 0.6911764705882353 0.13726993865030676 0.10180995475113122 0.05368098159509203
