29 0.19683257918552036 0.7714723926380368 0.167420814479638 0.13190184049079753
29 0.7963800904977375 0.7714723926380368 0.167420814479638 0.13190184049079753
29 0.18665158371040724 0.21088957055214724 0.1244343891402715 0.11503067484662577
29 0.7861990950226244 0.21088957055214724 0.1244343891402715 0.11503067484662577
29 0.501131221719457 0.11503067484662577 0.18778280542986425 0.1687116564417178
29 0.48868778280542985 0.8788343558282209 0.16289592760180996 0.147239263803681
6 0.5972850678733032 0.7223926380368099 0.167420814479638 0.09815950920245399
19 0.3009049773755656 0.5153374233128835 0.13122171945701358 0.13190184049079753
5 0.26357466063348417 0.03987730061349693 0.0746606334841629 0.03680981595092025
17 0.1493212669683258 0.6434049079754601 0.10407239819004525 0.08742331288343558
0 0.4852941176470588 0.4723926380368098 0.07013574660633484 0.049079754601226995
15 0.7624434389140271 0.6464723926380368 0.07239819004524888 0.04754601226993865
9 0.26131221719457015 0.5989263803680982 0.07918552036199095 0.07208588957055215
13 0.0757918552036199 0.473159509202454 0.09728506787330317 0.07208588957055215
12 0.2319004524886878 0.5920245398773006 0.083710407239819 0.06748466257668712
25 0.17307692307692307 0.7875766871165644 0.1425339366515837 0.07208588957055215
26 0.753393665158371 0.49309815950920244 0.10407239819004525 0.07208588957055215
28 0.42194570135746606 0.0789877300613497 0.10180995475113122 0.05368098159509203
27 0.9321266968325792 0.7430981595092024 0.058823529411764705 0.05061349693251534
