29 0.19683257918552036 0.7714723926380368 0.167420814479638 0.13190184049079753
29 0.7963800904977375 0.7714723926380368 0.167420814479638 0.13190184049079753
29 0.18665158371040724 0.21088957055214724 0.1244343891402715 0.11503067484662577
29 0.7861990950226244 0.21088957055214724 0.1244343891402715 0.11503067484662577
29 0.501131221719457 0.11503067484662577 0.18778280542986425 0.1687116564417178
29 0.48868778280542985 0.8788343558282209 0.16289592760180996 0.147239263803681
5 0.2579185520361991 0.691717791411043 0.06787330316742081 0.049079754601226995
0 0.5576923076923077 0.49309815950920244 0.06561085972850679 0.05368098159509203
25 0.3416289592760181 0.7430981595092024 0.13122171945701358 0.09662576687116564
27 0.03619909502262444 0.19095092024539878 0.058823529411764705 0.05061349693251534
28 0.5622171945701357 0.3052147239263804 0.083710407239819 0.08895705521472393
24 0.4671945701357466 0.12346625766871165 0.0746606334841629 0.029141104294478526
