29 0.19683257918552036 0.7714723926380368 0.167420814479638 0.13190184049079753
29 0.7963800904977375 0.7714723926380368 0.167420814479638 0.13190184049079753
29 0.18665158371040724 0.21088957055214724 0.1244343891402715 0.11503067484662577
29 0.7861990950226244 0.21088957055214724 0.1244343891402715 0.11503067484662577
29 0.501131221719457 0.11503067484662577 0.18778280542986425 0.1687116564417178
29 0.48868778280542985 0.8788343558282209 0.16289592760180996 0.147239263803681
19 0.5339366515837104 0.4708588957055215 0.13122171945701358 0.13190184049079753
17 0.5135746606334841 0.5115030674846626 0.10407239819004525 0.09049079754601227
22 0.6244343891402715 0.7085889570552147 0.12217194570135746 0.0950920245398773
7 0.5554298642533937 0.5866564417177914 0.05203619909502263 0.04141104294478527
16 0.9490950226244343 0.4424846625766871 0.083710407239819 0.05674846625766871
14 0.5599547511312217 0.5375766871165644 0.038461538461538464 0.029141104294478526
1 0.07918552036199095 0.526840490797546 0.09049773755656108 0.06595092024539877
8 0.7307692307692307 0.4946319018404908 0.167420814479638 0.11809815950920245
24 0.45701357466063347 0.15720858895705522 0.08597285067873303 0.04447852760736196
25 0.6742081447963801 0.4455521472392638 0.13122171945701358 0.09662576687116564
24 0.3914027149321267 0.4409509202453988 0.08597285067873303 0.04447852760736196
