29 0.19683257918552036 0.7714723926380368 0.167420814479638 0.13190184049079753
29 0.7963800904977375 0.7714723926380368 0.167420814479638 0.13190184049079753
29 0.18665158371040724 0.21088957055214724 0.1244343891402715 0.11503067484662577
29 0.7861990950226244 0.21088957055214724 0.1244343891402715 0.11503067484662577
29 0.501131221719457 0.11503067484662577 0.18778280542986425 0.1687116564417178
29 0.48868778280542985 0.8788343558282209 0.16289592760180996 0.147239263803681
2 0.47398190045248867 0.34355828220858897 0.0746606334841629 0.08895705521472393
11 0.7828054298642534 0.4808282208588957 0.13574660633484162 0.07515337423312883
6 0.9095022624434389 0.6625766871165644 0.13574660633484162 0.10429447852760736
18 0.75 0.6894171779141104 0.042986425339366516 0.05674846625766871
26 0.12895927601809956 0.9041411042944786 0.10407239819004525 0.07208588957055215
26 0.4004524886877828 0.8343558282208589 0.10407239819004525 0.0705521472392638
25 0.1244343891402715 0.5191717791411042 0.13122171945701358 0.09662576687116564
