29 0.19683257918552036 0.7714723926380368 0.167420814479638 0.13190184049079753
29 0.7963800904977375 0.7714723926380368 0.167420814479638 0.13190184049079753
29 0.18665158371040724 0.21088957055214724 0.1244343891402715 0.11503067484662577
29 0.7861990950226244 0.21088957055214724 0.1244343891402715 0.11503067484662577
29 0.501131221719457 0.11503067484662577 0.18778280542986425 0.1687116564417178
29 0.48868778280542985 0.8788343558282209 0.16289592760180996 0.147239263803681
12 0.8269230769230769 0.5628834355828221 0.083710407239819 0.06748466257668712
13 0.26357466063348417 0.5881901840490797 0.09728506787330317 0.07208588957055215
19 0.26244343891402716 0.598159509202454 0.13122171945701358 0.13190184049079753
8 0.5328054298642534 0.3773006134969325 0.16968325791855204 0.1196319018404908
27 0.3416289592760181 0.4133435582822086 0.058823529411764705 0.05061349693251534
24 0.9049773755656109 0.7553680981595092 0.08597285067873303 0.04447852760736196
25 0.7613122171945701 0.037576687116564415 0.1425339366515837 0.07208588957055215
27 0.6187782805429864 0.14800613496932516 0.06108597285067873 0.05368098159509203
