29 0.19683257918552036 0.7714723926380368 0.167420814479638 0.13190184049079753
29 0.7963800904977375 0.7714723926380368 0.167420814479638 0.13190184049079753
29 0.18665158371040724 0.21088957055214724 0.1244343891402715 0.11503067484662577
29 0.7861990950226244 0.21088957055214724 0.1244343891402715 0.11503067484662577
29 0.501131221719457 0.11503067484662577 0.18778280542986425 0.1687116564417178
29 0.48868778280542985 0.8788343558282209 0.16289592760180996 0.147239263803681
21 0.5463800904977375 0.4424846625766871 0.1334841628959276 0.10276073619631902
10 0.581447963800905 0.7200920245398773 0.12669683257918551 0.14570552147239263
16 0.06221719457013575 0.5820552147239264 0.083710407239819 0.05674846625766871
11 0.4095022624434389 0.5912576687116564 0.06787330316742081 0.07822085889570553
28 0.3563348416289593 0.04217791411042945 0.10180995475113122 0.05368098159509203
