29 0.19683257918552036 0.7714723926380368 0.167420814479638 0.13190184049079753
29 0.7963800904977375 0.7714723926380368 0.167420814479638 0.13190184049079753
29 0.18665158371040724 0.21088957055214724 0.1244343891402715 0.11503067484662577
29 0.7861990950226244 0.21088957055214724 0.1244343891402715 0.11503067484662577
29 0.501131221719457 0.11503067484662577 0.18778280542986425 0.1687116564417178
29 0.48868778280542985 0.8788343558282209 0.16289592760180996 0.147239263803681
13 0.8653846153846154 0.5544478527607362 0.09728506787330317 0.07208588957055215
21 0.6368778280542986 0.37653374233128833 0.1334841628959276 0.10276073619631902
3 0.6165158371040724 0.2967791411042945 0.05203619909502263 0.05368098159509203
22 0.5203619909502263 0.4187116564417178 0.12217194570135746 0.0950920245398773
24 0.9276018099547512 0.2967791411042945 0.08597285067873303 0.04447852760736196
28 0.7680995475113123 0.9003067484662577 0.08823529411764706 0.06441717791411043
27 0.5633484162895928 0.3964723926380368 0.058823529411764705 0.05061349693251534
