29 0.19683257918552036 0.7714723926380368 0.167420814479638 0.13190184049079753
29 0.7963800904977375 0.7714723926380368 0.167420814479638 0.13190184049079753
29 0.18665158371040724 0.21088957055214724 0.1244343891402715 0.11503067484662577
29 0.7861990950226244 0.21088957055214724 0.1244343891402715 0.11503067484662577
29 0.501131221719457 0.11503067484662577 0.18778280542986425 0.1687116564417178
29 0.48868778280542985 0.8788343558282209 0.16289592760180996 0.147239263803681
14 0.45475113122171945 0.2691717791411043 0.05429864253393665 0.0352760736196319
0 0.8925339366515838 0.5659509202453987 0.05656108597285068 0.05828220858895705
19 0.2873303167420814 0.5567484662576687 0.13122171945701358 0.13190184049079753
22 0.5158371040723982 0.7085889570552147 0.12217194570135746 0.0950920245398773
8 0.4061085972850679 0.598159509202454 0.16968325791855204 0.1196319018404908
1 0.5882352941176471 0.6802147239263804 0.07692307692307693 0.0598159509202454
12 0.501131221719457 0.754601226993865 0.083710407239819 0.06748466257668712
5 0.3914027149321267 0.4386503067484663 0.06787330316742081 0.049079754601226995
3 0.6210407239819005 0.6311349693251533 0.05203619909502263 0.0843558282208589
25 0.4626696832579186 0.7507668711656442 0.1425339366515837 0.07208588957055215
24 0.8574660633484162 0.6817484662576687 0.08597285067873303 0.04447852760736196
24 0.6843891402714932 0.19095092024539878 0.0746606334841629 0.029141104294478526
