29 0.19683257918552036 0.7714723926380368 0.167420814479638 0.13190184049079753
29 0.7963800904977375 0.7714723926380368 0.167420814479638 0.13190184049079753
29 0.18665158371040724 0.21088957055214724 0.1244343891402715 0.11503067484662577
29 0.7861990950226244 0.21088957055214724 0.1244343891402715 0.11503067484662577
29 0.501131221719457 0.11503067484662577 0.18778280542986425 0.1687116564417178
29 0.48868778280542985 0.8788343558282209 0.16289592760180996 0.147239263803681
8 0.09276018099547512 0.6372699386503068 0.167420814479638 0.11809815950920245
2 0.22850678733031674 0.1058282208588957 0.07692307692307693 0.0950920245398773
3 0.8076923076923077 0.5030674846625767 0.058823529411764705 0.06134969325153374
9 0.3404977375565611 0.11273006134969325 0.07918552036199095 0.07208588957055215
13 0.8371040723981901 0.6817484662576687 0.09502262443438914 0.06901840490797546
23 0.09276018099547512 0.2116564417177914 0.06334841628959276 0.08588957055214724
24 0.2907239819004525 0.03987730061349693 0.07918552036199095 0.03374233128834356
26 0.09502262443438914 0.3090490797546012 0.09954751131221719 0.06595092024539877
