29 0.19683257918552036 0.7714723926380368 0.167420814479638 0.13190184049079753
29 0.7963800904977375 0.7714723926380368 0.167420814479638 0.13190184049079753
29 0.18665158371040724 0.21088957055214724 0.1244343891402715 0.11503067484662577
29 0.7861990950226244 0.21088957055214724 0.1244343891402715 0.11503067484662577
29 0.501131221719457 0.11503067484662577 0.18778280542986425 0.1687116564417178
29 0.48868778280542985 0.8788343558282209 0.16289592760180996 0.147239263803681
1 0.6538461538461539 0.6526073619631901 0.07692307692307693 0.0598159509202454
0 0.4649321266968326 0.6104294478527608 0.07013574660633484 0.049079754601226995
16 0.057692307692307696 0.5697852760736196 0.09728506787330317 0.06901840490797546
2 0.5328054298642534 0.5444785276073619 0.0746606334841629 0.08895705521472393
14 0.4095022624434389 0.6901840490797546 0.03167420814479638 0.03067484662576687
6 0.8190045248868778 0.5015337423312883 0.13574660633484162 0.10429447852760736
13 0.4604072398190045 0.6142638036809815 0.09728506787330317 0.07208588957055215
18 0.5305429864253394 0.6319018404907976 0.05203619909502263 0.06134969325153374
10 0.26244343891402716 0.5559815950920245 0.12669683257918551 0.14570552147239263
17 0.8552036199095022 0.4915644171779141 0.10407239819004525 0.09049079754601227
