29 0.19683257918552036 0.7714723926380368 0.167420814479638 0.13190184049079753
29 0.7963800904977375 0.7714723926380368 0.167420814479638 0.13190184049079753
29 0.18665158371040724 0.21088957055214724 0.1244343891402715 0.11503067484662577
29 0.7861990950226244 0.21088957055214724 0.1244343891402715 0.11503067484662577
29 0.501131221719457 0.11503067484662577 0.18778280542986425 0.1687116564417178
29 0.48868778280542985 0.8788343558282209 0.16289592760180996 0.147239263803681
22 0.3257918552036199 0.6058282208588958 0.12217194570135746 0.0950920245398773
24 0.22624434389140272 0.2661042944785276 0.08597285067873303 0.04447852760736196
26 0.2579185520361991 0.05598159509202454 0.09954751131221719 0.06595092024539877
28 0.3167420814479638 0.14800613496932516 0.1085972850678733 0.08128834355828221
25 0.5565610859728507 0.7799079754601227 0.13122171945701358 0.09662576687116564
