29 0.19683257918552036 0.7714723926380368 0.167420814479638 0.13190184049079753
29 0.7963800904977375 0.7714723926380368 0.167420814479638 0.13190184049079753
29 0.18665158371040724 0.21088957055214724 0.1244343891402715 0.11503067484662577
29 0.7861990950226244 0.21088957055214724 0.1244343891402715 0.11503067484662577
29 0.501131221719457 0.11503067484662577 0.18778280542986425 0.1687116564417178
29 0.48868778280542985 0.8788343558282209 0.16289592760180996 0.147239263803681
23 0.6357466063348416 0.6602760736196319 0.09502262443438914 0.0598159509202454
5 0.8088235294117647 0.5107361963190185 0.0746606334841629 0.03680981595092025
22 0.19004524886877827 0.5306748466257669 0.12217194570135746 0.0950920245398773
1 0.1493212669683258 0.5145705521472392 0.09049773755656108 0.06595092024539877
6 0.5180995475113123 0.5260736196319018 0.16289592760180996 0.10122699386503067
18 0.09841628959276018 0.4708588957055215 0.0746606334841629 0.06134969325153374
12 0.5667420814479638 0.26533742331288346 0.083710407239819 0.06748466257668712
9 0.5260180995475113 0.696319018404908 0.10180995475113122 0.11042944785276074
25 0.6957013574660633 0.5651840490797546 0.1425339366515837 0.07208588957055215
27 0.10972850678733032 0.8381901840490797 0.06108597285067873 0.05368098159509203
