29 0.19683257918552036 0.7714723926380368 0.167420814479638 0.13190184049079753
29 0.7963800904977375 0.7714723926380368 0.167420814479638 0.13190184049079753
29 0.18665158371040724 0.21088957055214724 0.1244343891402715 0.11503067484662577
29 0.7861990950226244 0.21088957055214724 0.1244343891402715 0.11503067484662577
29 0.501131221719457 0.11503067484662577 0.18778280542986425 0.1687116564417178
29 0.48868778280542985 0.8788343558282209 0.16289592760180996 0.147239263803681
21 0.8427601809954751 0.5337423312883436 0.1425339366515837 0.07975460122699386
11 0.12104072398190045 0.6633435582822086 0.1334841628959276 0.07515337423312883
12 0.5271493212669683 0.45858895705521474 0.06787330316742081 0.049079754601226995
0 0.4604072398190045 0.727760736196319 0.06561085972850679 0.05368098159509203
5 0.5418552036199095 0.30368098159509205 0.0746606334841629 0.03680981595092025
2 0.6323529411764706 0.6104294478527608 0.0746606334841629 0.08895705521472393
15 0.34841628959276016 0.5375766871165644 0.06787330316742081 0.05061349693251534
26 0.11990950226244344 0.620398773006135 0.10407239819004525 0.07208588957055215
28 0.831447963800905 0.5322085889570553 0.083710407239819 0.08895705521472393
