29 0.19683257918552036 0.7714723926380368 0.167420814479638 0.13190184049079753
29 0.7963800904977375 0.7714723926380368 0.167420814479638 0.13190184049079753
29 0.18665158371040724 0.21088957055214724 0.1244343891402715 0.11503067484662577
29 0.7861990950226244 0.21088957055214724 0.1244343891402715 0.11503067484662577
29 0.501131221719457 0.11503067484662577 0.18778280542986425 0.1687116564417178
29 0.48868778280542985 0.8788343558282209 0.16289592760180996 0.147239263803681
23 0.4683257918552036 0.4647239263803681 0.06334841628959276 0.08588957055214724
8 0.49321266968325794 0.4470858895705521 0.167420814479638 0.11809815950920245
7 0.03167420814479638 0.38266871165644173 0.06334841628959276 0.05368098159509203
6 0.09728506787330317 0.5506134969325154 0.13574660633484162 0.10429447852760736
20 0.8981900452488688 0.6280674846625767 0.04524886877828054 0.03834355828220859
11 0.13009049773755657 0.04217791411042945 0.1334841628959276 0.07515337423312883
13 0.5497737556561086 0.5697852760736196 0.09502262443438914 0.06901840490797546
21 0.6165158371040724 0.74079754601227 0.1425339366515837 0.07975460122699386
27 0.10067873303167421 0.6480061349693251 0.06108597285067873 0.05368098159509203
25 0.8054298642533937 0.6434049079754601 0.13122171945701358 0.09662576687116564
27 0.7861990950226244 0.4854294478527607 0.06108597285067873 0.05368098159509203
