29 0.19683257918552036 0.7714723926380368 0.167420814479638 0.13190184049079753
29 0.7963800904977375 0.7714723926380368 0.167420814479638 0.13190184049079753
29 0.18665158371040724 0.21088957055214724 0.1244343891402715 0.11503067484662577
29 0.7861990950226244 0.21088957055214724 0.1244343891402715 0.11503067484662577
29 0.501131221719457 0.11503067484662577 0.18778280542986425 0.1687116564417178
29 0.48868778280542985 0.8788343558282209 0.16289592760180996 0.147239263803681
7 0.17760180995475114 0.4532208588957055 0.05203619909502263 0.04141104294478527
1 0.8800904977375565 0.6572085889570553 0.07692307692307693 0.0598159509202454
5 0.5350678733031674 0.2883435582822086 0.0746606334841629 0.03680981595092025
21 0.8823529411764706 0.5107361963190185 0.1493212669683258 0.08895705521472393
12 0.6414027149321267 0.25306748466257667 0.083710407239819 0.06748466257668712
8 0.670814479638009 0.6426380368098159 0.16968325791855204 0.1196319018404908
15 0.9468325791855203 0.5989263803680982 0.07013574660633484 0.04754601226993865
6 0.2680995475113122 0.08895705521472393 0.11085972850678733 0.11042944785276074
23 0.2398190045248869 0.6641104294478528 0.06334841628959276 0.08588957055214724
26 0.5520361990950227 0.11349693251533742 0.10407239819004525 0.0705521472392638
24 0.18212669683257918 0.4677914110429448 0.07918552036199095 0.03374233128834356
25 0.334841628959276 0.8458588957055214 0.13122171945701358 0.09662576687116564
27 0.9309954751131222 0.6403374233128835 0.06108597285067873 0.05368098159509203
