29 0.19683257918552036 0.7714723926380368 0.167420814479638 0.13190184049079753
29 0.7963800904977375 0.7714723926380368 0.167420814479638 0.13190184049079753
29 0.18665158371040724 0.21088957055214724 0.1244343891402715 0.11503067484662577
29 0.7861990950226244 0.21088957055214724 0.1244343891402715 0.11503067484662577
29 0.501131221719457 0.11503067484662577 0.18778280542986425 0.1687116564417178
29 0.48868778280542985 0.8788343558282209 0.16289592760180996 0.147239263803681
15 0.31334841628959276 0.07438650306748466 0.07013574660633484 0.04754601226993865
18 0.15497737556561086 0.0789877300613497 0.042986425339366516 0.05674846625766871
16 0.5531674208144797 0.5023006134969326 0.083710407239819 0.05674846625766871
19 0.7850678733031674 0.48006134969325154 0.13122171945701358 0.13190184049079753
6 0.40158371040723984 0.558282208588957 0.11085972850678733 0.11042944785276074
21 0.5135746606334841 0.5613496932515337 0.1493212669683258 0.08895705521472393
4 0.4830316742081448 0.5943251533742331 0.11990950226244344 0.09662576687116564
3 0.918552036199095 0.4601226993865031 0.058823529411764705 0.06134969325153374
2 0.6764705882352942 0.5199386503067485 0.07692307692307693 0.0950920245398773
24 0.5475113122171946 0.6035276073619632 0.08597285067873303 0.04447852760736196
24 0.23529411764705882 0.49616564417177916 0.08597285067873303 0.04447852760736196
27 0.36990950226244346 0.25306748466257667 0.07013574660633484 0.05521472392638037
26 0.7285067873303167 0.4831288343558282 0.10407239819004525 0.0705521472392638
