29 0.19683257918552036 0.7714723926380368 0.167420814479638 0.13190184049079753
29 0.7963800904977375 0.7714723926380368 0.167420814479638 0.13190184049079753
29 0.18665158371040724 0.21088957055214724 0.1244343891402715 0.11503067484662577
29 0.7861990950226244 0.21088957055214724 0.1244343891402715 0.11503067484662577
29 0.501131221719457 0.11503067484662577 0.18778280542986425 0.1687116564417178
29 0.48868778280542985 0.8788343558282209 0.16289592760180996 0.147239263803681
1 0.2579185520361991 0.4946319018404908 0.09049773755656108 0.06595092024539877
3 0.8404977375565611 0.4647239263803681 0.05203619909502263 0.06441717791411043
19 0.832579185520362 0.5996932515337423 0.13122171945701358 0.13190184049079753
9 0.6063348416289592 0.6119631901840491 0.11312217194570136 0.0736196319018405
13 0.5961538461538461 0.713957055214724 0.09728506787330317 0.07208588957055215
19 0.29638009049773756 0.5904907975460123 0.13122171945701358 0.13190184049079753
25 0.8495475113122172 0.19095092024539878 0.1425339366515837 0.07208588957055215
26 0.4434389140271493 0.8596625766871165 0.10407239819004525 0.07208588957055215
