29 0.19683257918552036 0.7714723926380368 0.167420814479638 0.13190184049079753
29 0.7963800904977375 0.7714723926380368 0.167420814479638 0.13190184049079753
29 0.18665158371040724 0.21088957055214724 0.1244343891402715 0.11503067484662577
29 0.7861990950226244 0.21088957055214724 0.1244343891402715 0.11503067484662577
29 0.501131221719457 0.11503067484662577 0.18778280542986425 0.1687116564417178
29 0.48868778280542985 0.8788343558282209 0.16289592760180996 0.147239263803681
3 0.28846153846153844 0.5636503067484663 0.06561085972850679 0.05674846625766871
20 0.30995475113122173 0.6372699386503068 0.04524886877828054 0.03834355828220859
23 0.7352941176470589 0.6503067484662577 0.06334841628959276 0.08588957055214724
26 0.06108597285067873 0.8243865030674846 0.10407239819004525 0.07208588957055215
28 0.4423076923076923 0.6595092024539877 0.08823529411764706 0.06441717791411043
24 0.042986425339366516 0.6403374233128835 0.08597285067873303 0.04447852760736196
