29 0.19683257918552036 0.7714723926380368 0.167420814479638 0.13190184049079753
29 0.7963800904977375 0.7714723926380368 0.167420814479638 0.13190184049079753
29 0.18665158371040724 0.21088957055214724 0.1244343891402715 0.11503067484662577
29 0.7861990950226244 0.21088957055214724 0.1244343891402715 0.11503067484662577
29 0.501131221719457 0.11503067484662577 0.18778280542986425 0.1687116564417178
29 0.48868778280542985 0.8788343558282209 0.16289592760180996 0.147239263803681
11 0.10407239819004525 0.5299079754601227 0.08144796380090498 0.1058282208588957
9 0.06221719457013575 0.9210122699386503 0.07918552036199095 0.07208588957055215
21 0.19457013574660634 0.602760736196319 0.1493212669683258 0.08895705521472393
16 0.08484162895927602 0.5329754601226994 0.10180995475113122 0.0598159509202454
