29 0.19683257918552036 0.7714723926380368 0.167420814479638 0.13190184049079753
29 0.7963800904977375 0.7714723926380368 0.167420814479638 0.13190184049079753
29 0.18665158371040724 0.21088957055214724 0.1244343891402715 0.11503067484662577
29 0.7861990950226244 0.21088957055214724 0.1244343891402715 0.11503067484662577
29 0.501131221719457 0.11503067484662577 0.18778280542986425 0.1687116564417178
29 0.48868778280542985 0.8788343558282209 0.16289592760180996 0.147239263803681
9 0.1583710407239819 0.6671779141104295 0.11312217194570136 0.0736196319018405
8 0.4830316742081448 0.5475460122699386 0.16968325791855204 0.1196319018404908
13 0.11877828054298642 0.10506134969325154 0.09728506787330317 0.07208588957055215
7 0.21266968325791855 0.4516871165644172 0.06334841628959276 0.05368098159509203
18 0.09389140271493213 0.9171779141104295 0.05203619909502263 0.06134969325153374
9 0.21380090497737556 0.6142638036809815 0.07918552036199095 0.07208588957055215
27 0.21153846153846154 0.2906441717791411 0.06108597285067873 0.05368098159509203
24 0.17873303167420815 0.9785276073619632 0.03167420814479638 0.03067484662576687
26 0.5452488687782805 0.6809815950920245 0.10407239819004525 0.0705521472392638
25 0.3506787330316742 0.37806748466257667 0.13122171945701358 0.09662576687116564
