29 0.19683257918552036 0.7714723926380368 0.167420814479638 0.13190184049079753
29 0.7963800904977375 0.7714723926380368 0.167420814479638 0.13190184049079753
29 0.18665158371040724 0.21088957055214724 0.1244343891402715 0.11503067484662577
29 0.7861990950226244 0.21088957055214724 0.1244343891402715 0.11503067484662577
29 0.501131221719457 0.11503067484662577 0.18778280542986425 0.1687116564417178
29 0.48868778280542985 0.8788343558282209 0.16289592760180996 0.147239263803681
13 0.5248868778280543 0.5007668711656442 0.09502262443438914 0.06901840490797546
18 0.4830316742081448 0.32975460122699385 0.05203619909502263 0.06134969325153374
7 0.5361990950226244 0.522239263803681 0.06334841628959276 0.05368098159509203
11 0.5904977375565611 0.48466257668711654 0.09502262443438914 0.07668711656441718
15 0.9457013574660633 0.6648773006134969 0.08144796380090498 0.0598159509202454
26 0.3936651583710407 0.772239263803681 0.10407239819004525 0.07208588957055215
