29 0.19683257918552036 0.7714723926380368 0.167420814479638 0.13190184049079753
29 0.7963800904977375 0.7714723926380368 0.167420814479638 0.13190184049079753
29 0.18665158371040724 0.21088957055214724 0.1244343891402715 0.11503067484662577
29 0.7861990950226244 0.21088957055214724 0.1244343891402715 0.11503067484662577
29 0.501131221719457 0.11503067484662577 0.18778280542986425 0.1687116564417178
29 0.48868778280542985 0.8788343558282209 0.16289592760180996 0.147239263803681
21 0.6176470588235294 0.696319018404908 0.1493212669683258 0.08895705521472393
18 0.23868778280542988 0.6334355828220859 0.05203619909502263 0.06134969325153374
7 0.8529411764705882 0.46702453987730064 0.06334841628959276 0.05368098159509203
27 0.7002262443438914 0.4677914110429448 0.07013574660633484 0.05521472392638037
25 0.9264705882352942 0.8305214723926381 0.1425339366515837 0.07208588957055215
