29 0.19683257918552036 0.7714723926380368 0.167420814479638 0.13190184049079753
29 0.7963800904977375 0.7714723926380368 0.167420814479638 0.13190184049079753
29 0.18665158371040724 0.21088957055214724 0.1244343891402715 0.11503067484662577
29 0.7861990950226244 0.21088957055214724 0.1244343891402715 0.11503067484662577
29 0.501131221719457 0.11503067484662577 0.18778280542986425 0.1687116564417178
29 0.48868778280542985 0.8788343558282209 0.16289592760180996 0.147239263803681
15 0.04524886877828054 0.9194785276073619 0.06787330316742081 0.05061349693251534
21 0.5735294117647058 0.3136503067484663 0.1334841628959276 0.10276073619631902
13 0.25 0.5651840490797546 0.09728506787330317 0.07208588957055215
23 0.5067873303167421 0.6533742331288344 0.06334841628959276 0.08588957055214724
12 0.5746606334841629 0.7162576687116564 0.06787330316742081 0.049079754601226995
10 0.5565610859728507 0.8719325153374233 0.12669683257918551 0.14570552147239263
3 0.6346153846153846 0.31441717791411045 0.05203619909502263 0.06441717791411043
13 0.3246606334841629 0.5452453987730062 0.09728506787330317 0.07208588957055215
23 0.4683257918552036 0.40107361963190186 0.09502262443438914 0.0598159509202454
24 0.09954751131221719 0.018404907975460124 0.03167420814479638 0.03067484662576687
