29 0.19683257918552036 0.7714723926380368 0.167420814479638 0.13190184049079753
29 0.7963800904977375 0.7714723926380368 0.167420814479638 0.13190184049079753
29 0.18665158371040724 0.21088957055214724 0.1244343891402715 0.11503067484662577
29 0.7861990950226244 0.21088957055214724 0.1244343891402715 0.11503067484662577
29 0.501131221719457 0.11503067484662577 0.18778280542986425 0.1687116564417178
29 0.48868778280542985 0.8788343558282209 0.16289592760180996 0.147239263803681
3 0.5712669683257918 0.2523006134969325 0.05203619909502263 0.0843558282208589
11 0.3065610859728507 0.5421779141104295 0.1334841628959276 0.07515337423312883
7 0.10067873303167421 0.370398773006135 0.05203619909502263 0.04141104294478527
13 0.6391402714932126 0.3397239263803681 0.09728506787330317 0.07208588957055215
22 0.3506787330316742 0.549079754601227 0.12217194570135746 0.0950920245398773
25 0.8574660633484162 0.0789877300613497 0.13122171945701358 0.09662576687116564
27 0.12104072398190045 0.4838957055214724 0.06108597285067873 0.05368098159509203
24 0.5339366515837104 0.8542944785276073 0.03167420814479638 0.03067484662576687
25 0.3936651583710407 0.4700920245398773 0.13122171945701358 0.09662576687116564
