29 0.19683257918552036 0.7714723926380368 0.167420814479638 0.13190184049079753
29 0.7963800904977375 0.7714723926380368 0.167420814479638 0.13190184049079753
29 0.18665158371040724 0.21088957055214724 0.1244343891402715 0.11503067484662577
29 0.7861990950226244 0.21088957055214724 0.1244343891402715 0.11503067484662577
29 0.501131221719457 0.11503067484662577 0.18778280542986425 0.1687116564417178
29 0.48868778280542985 0.8788343558282209 0.16289592760180996 0.147239263803681
0 0.5757918552036199 0.3535276073619632 0.06561085972850679 0.05368098159509203
14 0.6572398190045249 0.25153374233128833 0.05656108597285068 0.049079754601226995
3 0.47171945701357465 0.4516871165644172 0.05203619909502263 0.0843558282208589
7 0.7613122171945701 0.5391104294478528 0.04751131221719457 0.04754601226993865
13 0.580316742081448 0.33819018404907975 0.09728506787330317 0.07208588957055215
6 0.5542986425339367 0.2852760736196319 0.16289592760180996 0.10122699386503067
2 0.5701357466063348 0.6334355828220859 0.07692307692307693 0.0950920245398773
22 0.1244343891402715 0.6441717791411042 0.12217194570135746 0.0950920245398773
21 0.7239819004524887 0.4892638036809816 0.1493212669683258 0.08895705521472393
20 0.027149321266968326 0.5743865030674846 0.04524886877828054 0.03834355828220859
