29 0.19683257918552036 0.7714723926380368 0.167420814479638 0.13190184049079753
29 0.7963800904977375 0.7714723926380368 0.167420814479638 0.13190184049079753
29 0.18665158371040724 0.21088957055214724 0.1244343891402715 0.11503067484662577
29 0.7861990950226244 0.21088957055214724 0.1244343891402715 0.11503067484662577
29 0.501131221719457 0.11503067484662577 0.18778280542986425 0.1687116564417178
29 0.48868778280542985 0.8788343558282209 0.16289592760180996 0.147239263803681
1 0.6719457013574661 0.7599693251533742 0.09049773755656108 0.06595092024539877
0 0.18438914027149322 0.5843558282208589 0.05656108597285068 0.05828220858895705
7 0.10972850678733032 0.2875766871165644 0.05203619909502263 0.04141104294478527
28 0.12782805429864252 0.7898773006134969 0.08823529411764706 0.06441717791411043
24 0.5429864253393665 0.5345092024539877 0.08597285067873303 0.04447852760736196
25 0.7183257918552036 0.330521472392638 0.1425339366515837 0.07208588957055215
25 0.12669683257918551 0.786042944785276 0.13122171945701358 0.09662576687116564
