29 0.19683257918552036 0.7714723926380368 0.167420814479638 0.13190184049079753
29 0.7963800904977375 0.7714723926380368 0.167420814479638 0.13190184049079753
29 0.18665158371040724 0.21088957055214724 0.1244343891402715 0.11503067484662577
29 0.7861990950226244 0.21088957055214724 0.1244343891402715 0.11503067484662577
29 0.501131221719457 0.11503067484662577 0.18778280542986425 0.1687116564417178
29 0.48868778280542985 0.8788343558282209 0.16289592760180996 0.147239263803681
5 0.5520361990950227 0.34202453987730064 0.06787330316742081 0.049079754601226995
22 0.2895927601809955 0.6058282208588958 0.12217194570135746 0.0950920245398773
10 0.6176470588235294 0.5529141104294478 0.12669683257918551 0.14570552147239263
15 0.830316742081448 0.5253067484662577 0.08144796380090498 0.05674846625766871
2 0.6380090497737556 0.7438650306748467 0.07692307692307693 0.0950920245398773
2 0.049773755656108594 0.08742331288343558 0.07692307692307693 0.0950920245398773
17 0.6538461538461539 0.3182515337423313 0.10407239819004525 0.09049079754601227
23 0.5656108597285068 0.6809815950920245 0.05429864253393665 0.09202453987730061
19 0.3076923076923077 0.598159509202454 0.13122171945701358 0.13190184049079753
16 0.9038461538461539 0.5038343558282209 0.10180995475113122 0.0598159509202454
28 0.48755656108597284 0.33358895705521474 0.10180995475113122 0.05368098159509203
24 0.10294117647058823 0.522239263803681 0.0746606334841629 0.029141104294478526
