29 0.19683257918552036 0.7714723926380368 0.167420814479638 0.13190184049079753
29 0.7963800904977375 0.7714723926380368 0.167420814479638 0.13190184049079753
29 0.18665158371040724 0.21088957055214724 0.1244343891402715 0.11503067484662577
29 0.7861990950226244 0.21088957055214724 0.1244343891402715 0.11503067484662577
29 0.501131221719457 0.11503067484662577 0.18778280542986425 0.1687116564417178
29 0.48868778280542985 0.8788343558282209 0.16289592760180996 0.147239263803681
22 0.497737556561086 0.651840490797546 0.12217194570135746 0.0950920245398773
14 0.2160633484162896 0.0950920245398773 0.05656108597285068 0.049079754601226995
17 0.22624434389140272 0.6081288343558282 0.10407239819004525 0.09049079754601227
4 0.5486425339366516 0.6771472392638037 0.11990950226244344 0.09662576687116564
0 0.5972850678733032 0.7346625766871165 0.07692307692307693 0.046012269938650305
5 0.08597285067873303 0.9708588957055214 0.06787330316742081 0.049079754601226995
15 0.11990950226244344 0.495398773006135 0.08144796380090498 0.046012269938650305
6 0.10520361990950226 0.06748466257668712 0.11085972850678733 0.11042944785276074
9 0.7273755656108597 0.48236196319018404 0.11085972850678733 0.07515337423312883
26 0.6900452488687783 0.26380368098159507 0.10407239819004525 0.0705521472392638
24 0.2171945701357466 0.3987730061349693 0.03167420814479638 0.03067484662576687
25 0.31334841628959276 0.6618098159509203 0.1425339366515837 0.07208588957055215
28 0.9242081447963801 0.05368098159509203 0.08823529411764706 0.06441717791411043
