29 0.19683257918552036 0.7714723926380368 0.167420814479638 0.13190184049079753
29 0.7963800904977375 0.7714723926380368 0.167420814479638 0.13190184049079753
29 0.18665158371040724 0.21088957055214724 0.1244343891402715 0.11503067484662577
29 0.7861990950226244 0.21088957055214724 0.1244343891402715 0.11503067484662577
29 0.501131221719457 0.11503067484662577 0.18778280542986425 0.1687116564417178
29 0.48868778280542985 0.8788343558282209 0.16289592760180996 0.147239263803681
14 0.5135746606334841 0.7699386503067485 0.03167420814479638 0.03067484662576687
8 0.5723981900452488 0.5069018404907976 0.167420814479638 0.11809815950920245
10 0.5135746606334841 0.3918711656441718 0.12669683257918551 0.14570552147239263
2 0.5678733031674208 0.30368098159509205 0.07692307692307693 0.0950920245398773
6 0.4457013574660634 0.5950920245398773 0.16289592760180996 0.10122699386503067
15 0.6787330316742082 0.4570552147239264 0.08144796380090498 0.046012269938650305
24 0.2680995475113122 0.2446319018404908 0.0746606334841629 0.029141104294478526
