29 0.19683257918552036 0.7714723926380368 0.167420814479638 0.13190184049079753
29 0.7963800904977375 0.7714723926380368 0.167420814479638 0.13190184049079753
29 0.18665158371040724 0.21088957055214724 0.1244343891402715 0.11503067484662577
29 0.7861990950226244 0.21088957055214724 0.1244343891402715 0.11503067484662577
29 0.501131221719457 0.11503067484662577 0.18778280542986425 0.1687116564417178
29 0.48868778280542985 0.8788343558282209 0.16289592760180996 0.147239263803681
2 0.4457013574660634 0.26226993865030673 0.07692307692307693 0.0950920245398773
10 0.248868778280543 0.5697852760736196 0.12669683257918551 0.14570552147239263
18 0.6719457013574661 0.3113496932515337 0.04072398190045249 0.05828220858895705
4 0.33597285067873306 0.5467791411042945 0.11990950226244344 0.09662576687116564
6 0.7737556561085973 0.6134969325153374 0.17647058823529413 0.11042944785276074
4 0.5509049773755657 0.42254601226993865 0.11990950226244344 0.09355828220858896
3 0.8518099547511312 0.5613496932515337 0.05203619909502263 0.06441717791411043
