29 0.19683257918552036 0.7714723926380368 0.167420814479638 0.13190184049079753
29 0.7963800904977375 0.7714723926380368 0.167420814479638 0.13190184049079753
29 0.18665158371040724 0.21088957055214724 0.1244343891402715 0.11503067484662577
29 0.7861990950226244 0.21088957055214724 0.1244343891402715 0.11503067484662577
29 0.501131221719457 0.11503067484662577 0.18778280542986425 0.1687116564417178
29 0.48868778280542985 0.8788343558282209 0.16289592760180996 0.147239263803681
19 0.6289592760180995 0.7300613496932515 0.13122171945701358 0.13190184049079753
17 0.08597285067873303 0.0897239263803681 0.10407239819004525 0.08742331288343558
18 0.5871040723981901 0.558282208588957 0.05203619909502263 0.06134969325153374
14 0.04072398190045249 0.7369631901840491 0.049773755656108594 0.04447852760736196
28 0.7839366515837104 0.901840490797546 0.083710407239819 0.08895705521472393
26 0.39819004524886875 0.6940184049079755 0.10407239819004525 0.07208588957055215
24 0.3020361990950226 0.09739263803680982 0.0746606334841629 0.029141104294478526
27 0.8076923076923077 0.5099693251533742 0.058823529411764705 0.05061349693251534
