29 0.19683257918552036 0.7714723926380368 0.167420814479638 0.13190184049079753
29 0.7963800904977375 0.7714723926380368 0.167420814479638 0.13190184049079753
29 0.18665158371040724 0.21088957055214724 0.1244343891402715 0.11503067484662577
29 0.7861990950226244 0.21088957055214724 0.1244343891402715 0.11503067484662577
29 0.501131221719457 0.11503067484662577 0.18778280542986425 0.1687116564417178
29 0.48868778280542985 0.8788343558282209 0.16289592760180996 0.147239263803681
7 0.8823529411764706 0.5805214723926381 0.06334841628959276 0.05368098159509203
16 0.37895927601809953 0.5728527607361963 0.09728506787330317 0.06901840490797546
19 0.25565610859728505 0.6365030674846626 0.13122171945701358 0.13190184049079753
20 0.6402714932126696 0.5498466257668712 0.04524886877828054 0.03834355828220859
15 0.04072398190045249 0.14800613496932516 0.08144796380090498 0.05674846625766871
17 0.2398190045248869 0.6541411042944786 0.10407239819004525 0.08742331288343558
27 0.5418552036199095 0.821319018404908 0.06108597285067873 0.05368098159509203
