29 0.19683257918552036 0.7714723926380368 0.167420814479638 0.13190184049079753
29 0.7963800904977375 0.7714723926380368 0.167420814479638 0.13190184049079753
29 0.18665158371040724 0.21088957055214724 0.1244343891402715 0.11503067484662577
29 0.7861990950226244 0.21088957055214724 0.1244343891402715 0.11503067484662577
29 0.501131221719457 0.11503067484662577 0.18778280542986425 0.1687116564417178
29 0.48868778280542985 0.8788343558282209 0.16289592760180996 0.147239263803681
12 0.5305429864253394 0.3880368098159509 0.083710407239819 0.06748466257668712
23 0.5565610859728507 0.31441717791411045 0.06334841628959276 0.08588957055214724
0 0.6289592760180995 0.4317484662576687 0.05429864253393665 0.05368098159509203
13 0.5271493212669683 0.4746932515337423 0.09502262443438914 0.06901840490797546
18 0.417420814479638 0.5467791411042945 0.042986425339366516 0.05674846625766871
4 0.5746606334841629 0.7430981595092024 0.12217194570135746 0.09969325153374232
24 0.8122171945701357 0.4003067484662577 0.03167420814479638 0.03067484662576687
26 0.6515837104072398 0.37193251533742333 0.09954751131221719 0.06595092024539877
27 0.3721719457013575 0.5191717791411042 0.06108597285067873 0.05368098159509203
25 0.4242081447963801 0.27223926380368096 0.1425339366515837 0.07208588957055215
