29 0.19683257918552036 0.7714723926380368 0.167420814479638 0.13190184049079753
29 0.7963800904977375 0.7714723926380368 0.167420814479638 0.13190184049079753
29 0.18665158371040724 0.21088957055214724 0.1244343891402715 0.11503067484662577
29 0.7861990950226244 0.21088957055214724 0.1244343891402715 0.11503067484662577
29 0.501131221719457 0.11503067484662577 0.18778280542986425 0.1687116564417178
29 0.48868778280542985 0.8788343558282209 0.16289592760180996 0.147239263803681
2 0.6606334841628959 0.661042944785276 0.07692307692307693 0.0950920245398773
18 0.45248868778280543 0.28297546012269936 0.04524886877828054 0.05368098159509203
21 0.3042986425339366 0.5690184049079755 0.1425339366515837 0.07975460122699386
8 0.6425339366515838 0.5513803680981595 0.167420814479638 0.11809815950920245
11 0.2149321266968326 0.46549079754601225 0.13574660633484162 0.07515337423312883
16 0.7002262443438914 0.6725460122699386 0.10180995475113122 0.0598159509202454
6 0.5746606334841629 0.7285276073619632 0.17647058823529413 0.11042944785276074
9 0.20135746606334842 0.6526073619631901 0.10407239819004525 0.07515337423312883
3 0.4671945701357466 0.2875766871165644 0.06561085972850679 0.05674846625766871
27 0.9592760180995475 0.3182515337423313 0.058823529411764705 0.05061349693251534
24 0.13009049773755657 0.678680981595092 0.0746606334841629 0.029141104294478526
25 0.4638009049773756 0.33819018404907975 0.13122171945701358 0.09662576687116564
