29 0.19683257918552036 0.7714723926380368 0.167420814479638 0.13190184049079753
29 0.7963800904977375 0.7714723926380368 0.167420814479638 0.13190184049079753
29 0.18665158371040724 0.21088957055214724 0.1244343891402715 0.11503067484662577
29 0.7861990950226244 0.21088957055214724 0.1244343891402715 0.11503067484662577
29 0.501131221719457 0.11503067484662577 0.18778280542986425 0.1687116564417178
29 0.48868778280542985 0.8788343558282209 0.16289592760180996 0.147239263803681
1 0.248868778280543 0.5989263803680982 0.07692307692307693 0.0598159509202454
20 0.5294117647058824 0.6035276073619632 0.04524886877828054 0.03834355828220859
26 0.7669683257918553 0.3282208588957055 0.10407239819004525 0.0705521472392638
24 0.8642533936651584 0.4754601226993865 0.03167420814479638 0.03067484662576687
27 0.34502262443438914 0.7515337423312883 0.07013574660633484 0.05521472392638037
26 0.47285067873303166 0.9631901840490797 0.10407239819004525 0.0705521472392638
