29 0.19683257918552036 0.7714723926380368 0.167420814479638 0.13190184049079753
29 0.7963800904977375 0.7714723926380368 0.167420814479638 0.13190184049079753
29 0.18665158371040724 0.21088957055214724 0.1244343891402715 0.11503067484662577
29 0.7861990950226244 0.21088957055214724 0.1244343891402715 0.11503067484662577
29 0.501131221719457 0.11503067484662577 0.18778280542986425 0.1687116564417178
29 0.48868778280542985 0.8788343558282209 0.16289592760180996 0.147239263803681
14 0.2997737556561086 0.4409509202453988 0.04751131221719457 0.03834355828220859
10 0.6131221719457014 0.29524539877300615 0.12669683257918551 0.14570552147239263
19 0.5135746606334841 0.5184049079754601 0.13122171945701358 0.13190184049079753
7 0.1085972850678733 0.6081288343558282 0.06334841628959276 0.05368098159509203
4 0.8167420814479638 0.5621165644171779 0.12217194570135746 0.09969325153374232
17 0.920814479638009 0.531441717791411 0.10407239819004525 0.08742331288343558
3 0.5520361990950227 0.25306748466257667 0.058823529411764705 0.06134969325153374
25 0.4581447963800905 0.16487730061349692 0.1425339366515837 0.07208588957055215
24 0.4581447963800905 0.17791411042944785 0.07918552036199095 0.03374233128834356
