29 0.19683257918552036 0.7714723926380368 0.167420814479638 0.13190184049079753
29 0.7963800904977375 0.7714723926380368 0.167420814479638 0.13190184049079753
29 0.18665158371040724 0.21088957055214724 0.1244343891402715 0.11503067484662577
29 0.7861990950226244 0.21088957055214724 0.1244343891402715 0.11503067484662577
29 0.501131221719457 0.11503067484662577 0.18778280542986425 0.1687116564417178
29 0.48868778280542985 0.8788343558282209 0.16289592760180996 0.147239263803681
20 0.3891402714932127 0.5176380368098159 0.04524886877828054 0.03834355828220859
0 0.45361990950226244 0.37193251533742333 0.06561085972850679 0.05368098159509203
21 0.6074660633484162 0.6280674846625767 0.1334841628959276 0.10276073619631902
15 0.5746606334841629 0.3918711656441718 0.08144796380090498 0.05674846625766871
11 0.5169683257918553 0.26150306748466257 0.1334841628959276 0.07515337423312883
18 0.7092760180995475 0.5291411042944786 0.0746606334841629 0.06134969325153374
13 0.2861990950226244 0.04217791411042945 0.09728506787330317 0.07208588957055215
1 0.9434389140271493 0.4869631901840491 0.07692307692307693 0.0598159509202454
23 0.7036199095022625 0.5728527607361963 0.09502262443438914 0.0598159509202454
25 0.3665158371040724 0.9179447852760736 0.13122171945701358 0.09662576687116564
