29 0.19683257918552036 0.7714723926380368 0.167420814479638 0.13190184049079753
29 0.7963800904977375 0.7714723926380368 0.167420814479638 0.13190184049079753
29 0.18665158371040724 0.21088957055214724 0.1244343891402715 0.11503067484662577
29 0.7861990950226244 0.21088957055214724 0.1244343891402715 0.11503067484662577
29 0.501131221719457 0.11503067484662577 0.18778280542986425 0.1687116564417178
29 0.48868778280542985 0.8788343558282209 0.16289592760180996 0.147239263803681
20 0.6334841628959276 0.7292944785276073 0.04524886877828054 0.03834355828220859
19 0.5 0.3052147239263804 0.13122171945701358 0.13190184049079753
1 0.06334841628959276 0.2645705521472393 0.09049773755656108 0.06595092024539877
18 0.7330316742081447 0.6142638036809815 0.07692307692307693 0.05368098159509203
21 0.6278280542986425 0.5697852760736196 0.1334841628959276 0.10276073619631902
9 0.581447963800905 0.6510736196319018 0.10407239819004525 0.07515337423312883
10 0.8936651583710408 0.5866564417177914 0.12669683257918551 0.14570552147239263
0 0.7726244343891403 0.4815950920245399 0.05656108597285068 0.05828220858895705
3 0.8834841628959276 0.5375766871165644 0.06561085972850679 0.05674846625766871
25 0.6097285067873304 0.9041411042944786 0.1425339366515837 0.07208588957055215
27 0.1165158371040724 0.7193251533742331 0.07013574660633484 0.05521472392638037
26 0.5542986425339367 0.7799079754601227 0.09954751131221719 0.06595092024539877
24 0.04638009049773756 0.5874233128834356 0.07918552036199095 0.03374233128834356
