29 0.19683257918552036 0.7714723926380368 0.167420814479638 0.13190184049079753
29 0.7963800904977375 0.7714723926380368 0.167420814479638 0.13190184049079753
29 0.18665158371040724 0.21088957055214724 0.1244343891402715 0.11503067484662577
29 0.7861990950226244 0.21088957055214724 0.1244343891402715 0.11503067484662577
29 0.501131221719457 0.11503067484662577 0.18778280542986425 0.1687116564417178
29 0.48868778280542985 0.8788343558282209 0.16289592760180996 0.147239263803681
4 0.07126696832579185 0.656441717791411 0.11085972850678733 0.08895705521472393
15 0.04072398190045249 0.9041411042944786 0.08144796380090498 0.0598159509202454
11 0.43665158371040724 0.5805214723926381 0.08144796380090498 0.1058282208588957
23 0.3393665158371041 0.495398773006135 0.06334841628959276 0.08588957055214724
16 0.46945701357466063 0.7062883435582822 0.09728506787330317 0.06901840490797546
9 0.25678733031674206 0.531441717791411 0.07918552036199095 0.07208588957055215
1 0.5339366515837104 0.5069018404907976 0.09049773755656108 0.06595092024539877
18 0.9038461538461539 0.558282208588957 0.0746606334841629 0.06134969325153374
21 0.5328054298642534 0.7415644171779141 0.1334841628959276 0.10276073619631902
27 0.39705882352941174 0.6503067484662577 0.07013574660633484 0.05521472392638037
25 0.5656108597285068 0.5130368098159509 0.13122171945701358 0.09662576687116564
28 0.7058823529411765 0.49003067484662577 0.1085972850678733 0.08128834355828221
27 0.3585972850678733 0.18021472392638035 0.06108597285067873 0.05368098159509203
