29 0.19683257918552036 0.7714723926380368 0.167420814479638 0.13190184049079753
29 0.7963800904977375 0.7714723926380368 0.167420814479638 0.13190184049079753
29 0.18665158371040724 0.21088957055214724 0.1244343891402715 0.11503067484662577
29 0.7861990950226244 0.21088957055214724 0.1244343891402715 0.11503067484662577
29 0.501131221719457 0.11503067484662577 0.18778280542986425 0.1687116564417178
29 0.48868778280542985 0.8788343558282209 0.16289592760180996 0.147239263803681
18 0.5509049773755657 0.2714723926380368 0.05203619909502263 0.06134969325153374
20 0.3167420814479638 0.6817484662576687 0.04524886877828054 0.03834355828220859
13 0.5248868778280543 0.6602760736196319 0.09502262443438914 0.06901840490797546
4 0.3020361990950226 0.5621165644171779 0.11990950226244344 0.09662576687116564
27 0.35180995475113125 0.26763803680981596 0.06108597285067873 0.05368098159509203
28 0.3382352941176471 0.9624233128834356 0.10180995475113122 0.05368098159509203
