29 0.19683257918552036 0.7714723926380368 0.167420814479638 0.13190184049079753
29 0.7963800904977375 0.7714723926380368 0.167420814479638 0.13190184049079753
29 0.18665158371040724 0.21088957055214724 0.1244343891402715 0.11503067484662577
29 0.7861990950226244 0.21088957055214724 0.1244343891402715 0.11503067484662577
29 0.501131221719457 0.11503067484662577 0.18778280542986425 0.1687116564417178
29 0.48868778280542985 0.8788343558282209 0.16289592760180996 0.147239263803681
27 0.49547511312217196 0.08512269938650306 0.058823529411764705 0.05061349693251534
28 0.41289592760180993 0.07745398773006135 0.10180995475113122 0.05368098159509203
25 0.4581447963800905 0.4348159509202454 0.1425339366515837 0.07208588957055215
26 0.2239819004524887 0.625 0.10407239819004525 0.07208588957055215
