29 0.19683257918552036 0.7714723926380368 0.167420814479638 0.13190184049079753
29 0.7963800904977375 0.7714723926380368 0.167420814479638 0.13190184049079753
29 0.18665158371040724 0.21088957055214724 0.1244343891402715 0.11503067484662577
29 0.7861990950226244 0.21088957055214724 0.1244343891402715 0.11503067484662577
29 0.501131221719457 0.11503067484662577 0.18778280542986425 0.1687116564417178
29 0.48868778280542985 0.8788343558282209 0.16289592760180996 0.147239263803681
6 0.7828054298642534 0.5214723926380368 0.17647058823529413 0.11042944785276074
14 0.10972850678733032 0.0299079754601227 0.04751131221719457 0.03834355828220859
4 0.18891402714932126 0.46702453987730064 0.11990950226244344 0.09355828220858896
15 0.3212669683257919 0.49233128834355827 0.08597285067873303 0.049079754601226995
19 0.3393665158371041 0.5429447852760736 0.13122171945701358 0.13190184049079753
7 0.032805429864253395 0.48236196319018404 0.05203619909502263 0.04141104294478527
21 0.26131221719457015 0.6111963190184049 0.1334841628959276 0.10276073619631902
2 0.0916289592760181 0.09662576687116564 0.0746606334841629 0.08895705521472393
8 0.2737556561085973 0.5682515337423313 0.167420814479638 0.11809815950920245
27 0.26018099547511314 0.86579754601227 0.058823529411764705 0.05061349693251534
28 0.6414027149321267 0.1004601226993865 0.10180995475113122 0.05368098159509203
27 0.23868778280542988 0.9210122699386503 0.06108597285067873 0.05368098159509203
25 0.747737556561086 0.3029141104294479 0.1425339366515837 0.07208588957055215
