29 0.19683257918552036 0.7714723926380368 0.167420814479638 0.13190184049079753
29 0.7963800904977375 0.7714723926380368 0.167420814479638 0.13190184049079753
29 0.18665158371040724 0.21088957055214724 0.1244343891402715 0.11503067484662577
29 0.7861990950226244 0.21088957055214724 0.1244343891402715 0.11503067484662577
29 0.501131221719457 0.11503067484662577 0.18778280542986425 0.1687116564417178
29 0.48868778280542985 0.8788343558282209 0.16289592760180996 0.147239263803681
5 0.505656108597285 0.5613496932515337 0.0746606334841629 0.03680981595092025
6 0.20248868778280543 0.558282208588957 0.11085972850678733 0.11042944785276074
19 0.6968325791855203 0.6073619631901841 0.13122171945701358 0.13190184049079753
2 0.5995475113122172 0.6748466257668712 0.07692307692307693 0.0950920245398773
22 0.7330316742081447 0.5705521472392638 0.12217194570135746 0.0950920245398773
17 0.06787330316742081 0.21549079754601227 0.10407239819004525 0.08742331288343558
1 0.3778280542986425 0.5728527607361963 0.09049773755656108 0.06595092024539877
13 0.27601809954751133 0.48849693251533743 0.09502262443438914 0.06901840490797546
11 0.744343891402715 0.4593558282208589 0.06787330316742081 0.07822085889570553
8 0.5384615384615384 0.36733128834355827 0.167420814479638 0.11809815950920245
26 0.10180995475113122 0.941717791411043 0.10407239819004525 0.0705521472392638
24 0.18099547511312217 0.028374233128834355 0.08597285067873303 0.04447852760736196
28 0.8676470588235294 0.5306748466257669 0.083710407239819 0.08895705521472393
