29 0.19683257918552036 0.7714723926380368 0.167420814479638 0.13190184049079753
29 0.7963800904977375 0.7714723926380368 0.167420814479638 0.13190184049079753
29 0.18665158371040724 0.21088957055214724 0.1244343891402715 0.11503067484662577
29 0.7861990950226244 0.21088957055214724 0.1244343891402715 0.11503067484662577
29 0.501131221719457 0.11503067484662577 0.18778280542986425 0.1687116564417178
29 0.48868778280542985 0.8788343558282209 0.16289592760180996 0.147239263803681
7 0.03733031674208145 0.3197852760736196 0.05203619909502263 0.04141104294478527
0 0.497737556561086 0.7078220858895705 0.058823529411764705 0.05674846625766871
17 0.2171945701357466 0.0897239263803681 0.10407239819004525 0.08742331288343558
16 0.2341628959276018 0.5053680981595092 0.10180995475113122 0.0598159509202454
3 0.4762443438914027 0.593558282208589 0.05203619909502263 0.06134969325153374
15 0.6606334841628959 0.6602760736196319 0.08144796380090498 0.0598159509202454
9 0.6063348416289592 0.7484662576687117 0.11312217194570136 0.0736196319018405
14 0.8733031674208145 0.5007668711656442 0.049773755656108594 0.04447852760736196
27 0.5328054298642534 0.10122699386503067 0.07013574660633484 0.05521472392638037
28 0.7669683257918553 0.8121165644171779 0.1085972850678733 0.08128834355828221
