29 0.19683257918552036 0.7714723926380368 0.167420814479638 0.13190184049079753
29 0.7963800904977375 0.7714723926380368 0.167420814479638 0.13190184049079753
29 0.18665158371040724 0.21088957055214724 0.1244343891402715 0.11503067484662577
29 0.7861990950226244 0.21088957055214724 0.1244343891402715 0.11503067484662577
29 0.501131221719457 0.11503067484662577 0.18778280542986425 0.1687116564417178
29 0.48868778280542985 0.8788343558282209 0.16289592760180996 0.147239263803681
16 0.6504524886877828 0.7415644171779141 0.09728506787330317 0.06901840490797546
20 0.8009049773755657 0.6434049079754601 0.04524886877828054 0.03834355828220859
6 0.5859728506787331 0.25766871165644173 0.13574660633484162 0.10429447852760736
7 0.25452488687782804 0.4532208588957055 0.05203619909502263 0.04141104294478527
21 0.5441176470588235 0.25153374233128833 0.1425339366515837 0.07975460122699386
3 0.6255656108597285 0.6595092024539877 0.05203619909502263 0.06134969325153374
13 0.10067873303167421 0.6434049079754601 0.09728506787330317 0.07208588957055215
19 0.830316742081448 0.5184049079754601 0.13122171945701358 0.13190184049079753
26 0.167420814479638 0.3688650306748466 0.09954751131221719 0.06595092024539877
26 0.2420814479638009 0.33358895705521474 0.10407239819004525 0.07208588957055215
25 0.36312217194570134 0.8642638036809815 0.1425339366515837 0.07208588957055215
