29 0.19683257918552036 0.7714723926380368 0.167420814479638 0.13190184049079753
29 0.7963800904977375 0.7714723926380368 0.167420814479638 0.13190184049079753
29 0.18665158371040724 0.21088957055214724 0.1244343891402715 0.11503067484662577
29 0.7861990950226244 0.21088957055214724 0.1244343891402715 0.11503067484662577
29 0.501131221719457 0.11503067484662577 0.18778280542986425 0.1687116564417178
29 0.48868778280542985 0.8788343558282209 0.16289592760180996 0.147239263803681
16 0.6346153846153846 0.7461656441717791 0.09728506787330317 0.06901840490797546
20 0.8190045248868778 0.6526073619631901 0.04524886877828054 0.03834355828220859
22 0.2737556561085973 0.2607361963190184 0.12217194570135746 0.0950920245398773
2 0.6527149321266968 0.5613496932515337 0.0746606334841629 0.08895705521472393
11 0.6832579185520362 0.7430981595092024 0.06787330316742081 0.07822085889570553
9 0.3257918552036199 0.09202453987730061 0.11312217194570136 0.0736196319018405
0 0.7714932126696833 0.549079754601227 0.07692307692307693 0.046012269938650305
17 0.8099547511312217 0.526840490797546 0.10407239819004525 0.09049079754601227
28 0.3608597285067873 0.8159509202453987 0.08823529411764706 0.06441717791411043
26 0.6402714932126696 0.34432515337423314 0.09954751131221719 0.06595092024539877
