29 0.19683257918552036 0.7714723926380368 0.167420814479638 0.13190184049079753
29 0.7963800904977375 0.7714723926380368 0.167420814479638 0.13190184049079753
29 0.18665158371040724 0.21088957055214724 0.1244343891402715 0.11503067484662577
29 0.7861990950226244 0.21088957055214724 0.1244343891402715 0.11503067484662577
29 0.501131221719457 0.11503067484662577 0.18778280542986425 0.1687116564417178
29 0.48868778280542985 0.8788343558282209 0.16289592760180996 0.147239263803681
5 0.334841628959276 0.08742331288343558 0.06787330316742081 0.049079754601226995
11 0.13800904977375567 0.6579754601226994 0.09502262443438914 0.07668711656441718
8 0.40158371040723984 0.5567484662576687 0.16968325791855204 0.1196319018404908
13 0.7024886877828054 0.6234662576687117 0.09728506787330317 0.07208588957055215
4 0.5859728506787331 0.6004601226993865 0.12217194570135746 0.09969325153374232
1 0.34615384615384615 0.6434049079754601 0.09049773755656108 0.06595092024539877
28 0.6052036199095022 0.5322085889570553 0.083710407239819 0.08895705521472393
27 0.9276018099547512 0.7492331288343558 0.058823529411764705 0.05061349693251534
24 0.9140271493212669 0.3941717791411043 0.03167420814479638 0.03067484662576687
