29 0.19683257918552036 0.7714723926380368 0.167420814479638 0.13190184049079753
29 0.7963800904977375 0.7714723926380368 0.167420814479638 0.13190184049079753
29 0.18665158371040724 0.21088957055214724 0.1244343891402715 0.11503067484662577
29 0.7861990950226244 0.21088957055214724 0.1244343891402715 0.11503067484662577
29 0.501131221719457 0.11503067484662577 0.18778280542986425 0.1687116564417178
29 0.48868778280542985 0.8788343558282209 0.16289592760180996 0.147239263803681
2 0.8201357466063348 0.5506134969325154 0.0746606334841629 0.08895705521472393
9 0.666289592760181 0.3995398773006135 0.07918552036199095 0.07208588957055215
22 0.5904977375565611 0.32975460122699385 0.12217194570135746 0.0950920245398773
17 0.09728506787330317 0.04677914110429448 0.10407239819004525 0.09049079754601227
8 0.6255656108597285 0.696319018404908 0.16968325791855204 0.1196319018404908
19 0.23755656108597284 0.6533742331288344 0.13122171945701358 0.13190184049079753
11 0.45248868778280543 0.5575153374233128 0.13574660633484162 0.07515337423312883
17 0.2692307692307692 0.08819018404907976 0.10407239819004525 0.09049079754601227
22 0.23076923076923078 0.4708588957055215 0.12217194570135746 0.0950920245398773
2 0.6572398190045249 0.2561349693251534 0.0746606334841629 0.08895705521472393
26 0.8665158371040724 0.49309815950920244 0.10407239819004525 0.07208588957055215
