29 0.19683257918552036 0.7714723926380368 0.167420814479638 0.13190184049079753
29 0.7963800904977375 0.7714723926380368 0.167420814479638 0.13190184049079753
29 0.18665158371040724 0.21088957055214724 0.1244343891402715 0.11503067484662577
29 0.7861990950226244 0.21088957055214724 0.1244343891402715 0.11503067484662577
29 0.501131221719457 0.11503067484662577 0.18778280542986425 0.1687116564417178
29 0.48868778280542985 0.8788343558282209 0.16289592760180996 0.147239263803681
20 0.5294117647058824 0.4317484662576687 0.04524886877828054 0.03834355828220859
5 0.6606334841628959 0.4662576687116564 0.06787330316742081 0.049079754601226995
0 0.027149321266968326 0.5513803680981595 0.049773755656108594 0.04754601226993865
8 0.5441176470588235 0.26993865030674846 0.16968325791855204 0.1196319018404908
10 0.7149321266968326 0.5989263803680982 0.12669683257918551 0.14570552147239263
21 0.6199095022624435 0.5061349693251533 0.1493212669683258 0.08895705521472393
1 0.9547511312217195 0.531441717791411 0.07692307692307693 0.0598159509202454
14 0.48868778280542985 0.5483128834355828 0.05429864253393665 0.0352760736196319
18 0.6210407239819005 0.5168711656441718 0.05203619909502263 0.06134969325153374
27 0.166289592760181 0.9601226993865031 0.07013574660633484 0.05521472392638037
