29 0.19683257918552036 0.7714723926380368 0.167420814479638 0.13190184049079753
29 0.7963800904977375 0.7714723926380368 0.167420814479638 0.13190184049079753
29 0.18665158371040724 0.21088957055214724 0.1244343891402715 0.11503067484662577
29 0.7861990950226244 0.21088957055214724 0.1244343891402715 0.11503067484662577
29 0.501131221719457 0.11503067484662577 0.18778280542986425 0.1687116564417178
29 0.48868778280542985 0.8788343558282209 0.16289592760180996 0.147239263803681
3 0.09954751131221719 0.10736196319018405 0.049773755656108594 0.05521472392638037
20 0.5316742081447964 0.7062883435582822 0.04524886877828054 0.03834355828220859
1 0.6380090497737556 0.4915644171779141 0.07692307692307693 0.0598159509202454
19 0.3054298642533937 0.5782208588957055 0.13122171945701358 0.13190184049079753
23 0.5882352941176471 0.7515337423312883 0.05429864253393665 0.09202453987730061
2 0.6300904977375565 0.5460122699386503 0.0746606334841629 0.08895705521472393
8 0.5316742081447964 0.61579754601227 0.167420814479638 0.11809815950920245
26 0.8257918552036199 0.370398773006135 0.10407239819004525 0.07208588957055215
24 0.25339366515837103 0.4486196319018405 0.08597285067873303 0.04447852760736196
25 0.831447963800905 0.5881901840490797 0.1425339366515837 0.07208588957055215
28 0.2251131221719457 0.9432515337423313 0.08823529411764706 0.06441717791411043
