29 0.19683257918552036 0.7714723926380368 0.167420814479638 0.13190184049079753
29 0.7963800904977375 0.7714723926380368 0.167420814479638 0.13190184049079753
29 0.18665158371040724 0.21088957055214724 0.1244343891402715 0.11503067484662577
29 0.7861990950226244 0.21088957055214724 0.1244343891402715 0.11503067484662577
29 0.501131221719457 0.11503067484662577 0.18778280542986425 0.1687116564417178
29 0.48868778280542985 0.8788343558282209 0.16289592760180996 0.147239263803681
15 0.5271493212669683 0.7354294478527608 0.06787330316742081 0.05061349693251534
10 0.34615384615384615 0.5375766871165644 0.12669683257918551 0.14570552147239263
4 0.19230769230769232 0.5437116564417178 0.12217194570135746 0.09969325153374232
20 0.5090497737556561 0.5130368098159509 0.04524886877828054 0.03834355828220859
2 0.5294117647058824 0.6825153374233128 0.07692307692307693 0.0950920245398773
27 0.05995475113122172 0.8473926380368099 0.06108597285067873 0.05368098159509203
26 0.6968325791855203 0.5598159509202454 0.10407239819004525 0.0705521472392638
25 0.8518099547511312 0.4256134969325153 0.1425339366515837 0.07208588957055215
24 0.5169683257918553 0.04754601226993865 0.07918552036199095 0.03374233128834356
