29 0.19683257918552036 0.7714723926380368 0.167420814479638 0.13190184049079753
29 0.7963800904977375 0.7714723926380368 0.167420814479638 0.13190184049079753
29 0.18665158371040724 0.21088957055214724 0.1244343891402715 0.11503067484662577
29 0.7861990950226244 0.21088957055214724 0.1244343891402715 0.11503067484662577
29 0.501131221719457 0.11503067484662577 0.18778280542986425 0.1687116564417178
29 0.48868778280542985 0.8788343558282209 0.16289592760180996 0.147239263803681
8 0.5260180995475113 0.6625766871165644 0.16968325791855204 0.1196319018404908
22 0.3167420814479638 0.647239263803681 0.12217194570135746 0.0950920245398773
7 0.6572398190045249 0.24923312883435583 0.05203619909502263 0.04141104294478527
1 0.47058823529411764 0.47162576687116564 0.09049773755656108 0.06595092024539877
10 0.3212669683257919 0.6004601226993865 0.12669683257918551 0.14570552147239263
