29 0.19683257918552036 0.7714723926380368 0.167420814479638 0.13190184049079753
29 0.7963800904977375 0.7714723926380368 0.167420814479638 0.13190184049079753
29 0.18665158371040724 0.21088957055214724 0.1244343891402715 0.11503067484662577
29 0.7861990950226244 0.21088957055214724 0.1244343891402715 0.11503067484662577
29 0.501131221719457 0.11503067484662577 0.18778280542986425 0.1687116564417178
29 0.48868778280542985 0.8788343558282209 0.16289592760180996 0.147239263803681
19 0.29638009049773756 0.4938650306748466 0.13122171945701358 0.13190184049079753
18 0.5509049773755657 0.6441717791411042 0.0746606334841629 0.06134969325153374
14 0.7579185520361991 0.4340490797546012 0.04072398190045249 0.03067484662576687
10 0.7420814479638009 0.5421779141104295 0.12669683257918551 0.14570552147239263
1 0.3416289592760181 0.6572085889570553 0.09049773755656108 0.06595092024539877
24 0.3416289592760181 0.7898773006134969 0.03167420814479638 0.03067484662576687
27 0.7002262443438914 0.07975460122699386 0.07013574660633484 0.05521472392638037
25 0.08484162895927602 0.45015337423312884 0.1425339366515837 0.07208588957055215
