29 0.19683257918552036 0.7714723926380368 0.167420814479638 0.13190184049079753
29 0.7963800904977375 0.7714723926380368 0.167420814479638 0.13190184049079753
29 0.18665158371040724 0.21088957055214724 0.1244343891402715 0.11503067484662577
29 0.7861990950226244 0.21088957055214724 0.1244343891402715 0.11503067484662577
29 0.501131221719457 0.11503067484662577 0.18778280542986425 0.1687116564417178
29 0.48868778280542985 0.8788343558282209 0.16289592760180996 0.147239263803681
20 0.6923076923076923 0.35199386503067487 0.04524886877828054 0.03834355828220859
2 0.6493212669683258 0.598159509202454 0.07692307692307693 0.0950920245398773
11 0.45248868778280543 0.6065950920245399 0.13574660633484162 0.07515337423312883
8 0.6187782805429864 0.6226993865030674 0.16968325791855204 0.1196319018404908
25 0.4423076923076923 0.2415644171779141 0.1425339366515837 0.07208588957055215
24 0.8676470588235294 0.35199386503067487 0.0746606334841629 0.029141104294478526
26 0.4321266968325792 0.5835889570552147 0.09954751131221719 0.06595092024539877
