29 0.19683257918552036 0.7714723926380368 0.167420814479638 0.13190184049079753
29 0.7963800904977375 0.7714723926380368 0.167420814479638 0.13190184049079753
29 0.18665158371040724 0.21088957055214724 0.1244343891402715 0.11503067484662577
29 0.7861990950226244 0.21088957055214724 0.1244343891402715 0.11503067484662577
29 0.501131221719457 0.11503067484662577 0.18778280542986425 0.1687116564417178
29 0.48868778280542985 0.8788343558282209 0.16289592760180996 0.147239263803681
14 0.049773755656108594 0.5590490797546013 0.05429864253393665 0.0352760736196319
9 0.7115384615384616 0.6434049079754601 0.11085972850678733 0.07515337423312883
15 0.36425339366515835 0.6234662576687117 0.07239819004524888 0.04754601226993865
0 0.6255656108597285 0.2254601226993865 0.06108597285067873 0.05214723926380368
19 0.2420814479638009 0.6226993865030674 0.13122171945701358 0.13190184049079753
16 0.6572398190045249 0.5498466257668712 0.09728506787330317 0.06901840490797546
20 0.9230769230769231 0.6173312883435583 0.04524886877828054 0.03834355828220859
28 0.3201357466063348 0.2062883435582822 0.10180995475113122 0.05368098159509203
26 0.5565610859728507 0.28680981595092025 0.10407239819004525 0.0705521472392638
27 0.23755656108597284 0.22469325153374234 0.058823529411764705 0.05061349693251534
