29 0.19683257918552036 0.7714723926380368 0.167420814479638 0.13190184049079753
29 0.7963800904977375 0.7714723926380368 0.167420814479638 0.13190184049079753
29 0.18665158371040724 0.21088957055214724 0.1244343891402715 0.11503067484662577
29 0.7861990950226244 0.21088957055214724 0.1244343891402715 0.11503067484662577
29 0.501131221719457 0.11503067484662577 0.18778280542986425 0.1687116564417178
29 0.48868778280542985 0.8788343558282209 0.16289592760180996 0.147239263803681
5 0.5972850678733032 0.4386503067484663 0.06787330316742081 0.049079754601226995
16 0.5938914027149321 0.2476993865030675 0.083710407239819 0.05674846625766871
22 0.06334841628959276 0.6671779141104295 0.12217194570135746 0.0950920245398773
10 0.4841628959276018 0.7078220858895705 0.12669683257918551 0.14570552147239263
17 0.8914027149321267 0.6326687116564417 0.10407239819004525 0.08742331288343558
16 0.8382352941176471 0.47929447852760737 0.09728506787330317 0.06901840490797546
25 0.4264705882352941 0.07285276073619631 0.1425339366515837 0.07208588957055215
