29 0.19683257918552036 0.7714723926380368 0.167420814479638 0.13190184049079753
29 0.7963800904977375 0.7714723926380368 0.167420814479638 0.13190184049079753
29 0.18665158371040724 0.21088957055214724 0.1244343891402715 0.11503067484662577
29 0.7861990950226244 0.21088957055214724 0.1244343891402715 0.11503067484662577
29 0.501131221719457 0.11503067484662577 0.18778280542986425 0.1687116564417178
29 0.48868778280542985 0.8788343558282209 0.16289592760180996 0.147239263803681
17 0.21266968325791855 0.531441717791411 0.10407239819004525 0.09049079754601227
18 0.04072398190045249 0.968558282208589 0.04524886877828054 0.05368098159509203
1 0.6561085972850679 0.2553680981595092 0.09049773755656108 0.06595092024539877
5 0.07126696832579185 0.8680981595092024 0.0746606334841629 0.03680981595092025
21 0.47398190045248867 0.7078220858895705 0.1334841628959276 0.10276073619631902
23 0.579185520361991 0.49079754601226994 0.05429864253393665 0.09202453987730061
24 0.5995475113122172 0.08819018404907976 0.08597285067873303 0.04447852760736196
25 0.38800904977375567 0.7584355828220859 0.1425339366515837 0.07208588957055215
27 0.8789592760180995 0.7001533742331288 0.06108597285067873 0.05368098159509203
27 0.503393665158371 0.8075153374233128 0.06108597285067873 0.05368098159509203
