29 0.19683257918552036 0.7714723926380368 0.167420814479638 0.13190184049079753
29 0.7963800904977375 0.7714723926380368 0.167420814479638 0.13190184049079753
29 0.18665158371040724 0.21088957055214724 0.1244343891402715 0.11503067484662577
29 0.7861990950226244 0.21088957055214724 0.1244343891402715 0.11503067484662577
29 0.501131221719457 0.11503067484662577 0.18778280542986425 0.1687116564417178
29 0.48868778280542985 0.8788343558282209 0.16289592760180996 0.147239263803681
20 0.7805429864253394 0.5130368098159509 0.04524886877828054 0.03834355828220859
12 0.5079185520361991 0.6549079754601227 0.083710407239819 0.06748466257668712
9 0.7613122171945701 0.5345092024539877 0.11085972850678733 0.07515337423312883
22 0.8280542986425339 0.6487730061349694 0.12217194570135746 0.0950920245398773
21 0.08031674208144797 0.5322085889570553 0.1425339366515837 0.07975460122699386
26 0.7217194570135747 0.27070552147239263 0.10407239819004525 0.07208588957055215
28 0.8495475113122172 0.2223926380368098 0.08823529411764706 0.06441717791411043
