29 0.19683257918552036 0.7714723926380368 0.167420814479638 0.13190184049079753
29 0.7963800904977375 0.7714723926380368 0.167420814479638 0.13190184049079753
29 0.18665158371040724 0.21088957055214724 0.1244343891402715 0.11503067484662577
29 0.7861990950226244 0.21088957055214724 0.1244343891402715 0.11503067484662577
29 0.501131221719457 0.11503067484662577 0.18778280542986425 0.1687116564417178
29 0.48868778280542985 0.8788343558282209 0.16289592760180996 0.147239263803681
10 0.3009049773755656 0.6388036809815951 0.12669683257918551 0.14570552147239263
18 0.46153846153846156 0.5061349693251533 0.04072398190045249 0.05828220858895705
6 0.3733031674208145 0.48466257668711654 0.167420814479638 0.09815950920245399
11 0.25339366515837103 0.455521472392638 0.09502262443438914 0.07668711656441718
5 0.07352941176470588 0.3987730061349693 0.0746606334841629 0.03680981595092025
13 0.48981900452488686 0.5053680981595092 0.09728506787330317 0.07208588957055215
7 0.1436651583710407 0.6618098159509203 0.05203619909502263 0.04141104294478527
17 0.06334841628959276 0.816717791411043 0.10407239819004525 0.08742331288343558
26 0.2579185520361991 0.9087423312883436 0.10407239819004525 0.07208588957055215
27 0.06447963800904978 0.852760736196319 0.07013574660633484 0.05521472392638037
28 0.6414027149321267 0.5621165644171779 0.10180995475113122 0.05368098159509203
24 0.38800904977375567 0.8473926380368099 0.0746606334841629 0.029141104294478526
