29 0.19683257918552036 0.7714723926380368 0.167420814479638 0.13190184049079753
29 0.7963800904977375 0.7714723926380368 0.167420814479638 0.13190184049079753
29 0.18665158371040724 0.21088957055214724 0.1244343891402715 0.11503067484662577
29 0.7861990950226244 0.21088957055214724 0.1244343891402715 0.11503067484662577
29 0.501131221719457 0.11503067484662577 0.18778280542986425 0.1687116564417178
29 0.48868778280542985 0.8788343558282209 0.16289592760180996 0.147239263803681
19 0.7262443438914027 0.5230061349693251 0.13122171945701358 0.13190184049079753
6 0.6436651583710408 0.3619631901840491 0.11085972850678733 0.11042944785276074
4 0.6628959276018099 0.6434049079754601 0.12217194570135746 0.09969325153374232
7 0.6006787330316742 0.6817484662576687 0.05203619909502263 0.04141104294478527
17 0.14705882352941177 0.5115030674846626 0.10407239819004525 0.08742331288343558
13 0.11990950226244344 0.4946319018404908 0.09502262443438914 0.06901840490797546
