29 0.19683257918552036 0.7714723926380368 0.167420814479638 0.13190184049079753
29 0.7963800904977375 0.7714723926380368 0.167420814479638 0.13190184049079753
29 0.18665158371040724 0.21088957055214724 0.1244343891402715 0.11503067484662577
29 0.7861990950226244 0.21088957055214724 0.1244343891402715 0.11503067484662577
29 0.501131221719457 0.11503067484662577 0.18778280542986425 0.1687116564417178
29 0.48868778280542985 0.8788343558282209 0.16289592760180996 0.147239263803681
16 0.36764705882352944 0.5927914110429447 0.10180995475113122 0.0598159509202454
22 0.6312217194570136 0.5812883435582822 0.12217194570135746 0.0950920245398773
3 0.3993212669683258 0.4746932515337423 0.05203619909502263 0.05368098159509203
9 0.8450226244343891 0.5375766871165644 0.07918552036199095 0.07208588957055215
7 0.7330316742081447 0.5498466257668712 0.06334841628959276 0.05368098159509203
12 0.3404977375565611 0.5736196319018405 0.083710407239819 0.06748466257668712
8 0.7714932126696833 0.531441717791411 0.167420814479638 0.11809815950920245
19 0.6719457013574661 0.6134969325153374 0.13122171945701358 0.13190184049079753
3 0.3993212669683258 0.5084355828220859 0.05203619909502263 0.05368098159509203
5 0.4841628959276018 0.3773006134969325 0.06787330316742081 0.049079754601226995
25 0.8042986425339367 0.2661042944785276 0.1425339366515837 0.07208588957055215
28 0.5554298642533937 0.2285276073619632 0.083710407239819 0.08895705521472393
26 0.39819004524886875 0.8366564417177914 0.10407239819004525 0.07208588957055215
27 0.06561085972850679 0.4041411042944785 0.058823529411764705 0.05061349693251534
