29 0.19683257918552036 0.7714723926380368 0.167420814479638 0.13190184049079753
29 0.7963800904977375 0.7714723926380368 0.167420814479638 0.13190184049079753
29 0.18665158371040724 0.21088957055214724 0.1244343891402715 0.11503067484662577
29 0.7861990950226244 0.21088957055214724 0.1244343891402715 0.11503067484662577
29 0.501131221719457 0.11503067484662577 0.18778280542986425 0.1687116564417178
29 0.48868778280542985 0.8788343558282209 0.16289592760180996 0.147239263803681
14 0.1323529411764706 0.023773006134969327 0.04751131221719457 0.03834355828220859
20 0.248868778280543 0.4470858895705521 0.04524886877828054 0.03834355828220859
9 0.27714932126696834 0.6403374233128835 0.07918552036199095 0.07208588957055215
2 0.10407239819004525 0.6088957055214724 0.07692307692307693 0.0950920245398773
3 0.3065610859728507 0.5743865030674846 0.06561085972850679 0.05674846625766871
10 0.49321266968325794 0.5621165644171779 0.12669683257918551 0.14570552147239263
22 0.6764705882352942 0.495398773006135 0.12217194570135746 0.0950920245398773
26 0.22171945701357465 0.7377300613496932 0.10407239819004525 0.0705521472392638
