29 0.19683257918552036 0.7714723926380368 0.167420814479638 0.13190184049079753
29 0.7963800904977375 0.7714723926380368 0.167420814479638 0.13190184049079753
29 0.18665158371040724 0.21088957055214724 0.1244343891402715 0.11503067484662577
29 0.7861990950226244 0.21088957055214724 0.1244343891402715 0.11503067484662577
29 0.501131221719457 0.11503067484662577 0.18778280542986425 0.1687116564417178
29 0.48868778280542985 0.8788343558282209 0.16289592760180996 0.147239263803681
7 0.038461538461538464 0.6111963190184049 0.06334841628959276 0.05368098159509203
20 0.10407239819004525 0.63420245398773 0.04524886877828054 0.03834355828220859
22 0.6855203619909502 0.651840490797546 0.12217194570135746 0.0950920245398773
8 0.4671945701357466 0.5659509202453987 0.16968325791855204 0.1196319018404908
2 0.083710407239819 0.6641104294478528 0.07692307692307693 0.0950920245398773
15 0.8812217194570136 0.4516871165644172 0.07013574660633484 0.04754601226993865
11 0.6380090497737556 0.4317484662576687 0.08144796380090498 0.1058282208588957
17 0.11312217194570136 0.6418711656441718 0.10407239819004525 0.09049079754601227
12 0.8280542986425339 0.6134969325153374 0.06787330316742081 0.049079754601226995
