29 0.19683257918552036 0.7714723926380368 0.167420814479638 0.13190184049079753
29 0.7963800904977375 0.7714723926380368 0.167420814479638 0.13190184049079753
29 0.18665158371040724 0.21088957055214724 0.1244343891402715 0.11503067484662577
29 0.7861990950226244 0.21088957055214724 0.1244343891402715 0.11503067484662577
29 0.501131221719457 0.11503067484662577 0.18778280542986425 0.1687116564417178
29 0.48868778280542985 0.8788343558282209 0.16289592760180996 0.147239263803681
4 0.580316742081448 0.41180981595092025 0.11990950226244344 0.09662576687116564
6 0.5407239819004525 0.40797546012269936 0.16289592760180996 0.10122699386503067
21 0.11877828054298642 0.46702453987730064 0.1334841628959276 0.10276073619631902
0 0.7409502262443439 0.4570552147239264 0.05656108597285068 0.05828220858895705
7 0.057692307692307696 0.15874233128834356 0.04751131221719457 0.04754601226993865
18 0.5554298642533937 0.7078220858895705 0.042986425339366516 0.05674846625766871
12 0.8642533936651584 0.5122699386503068 0.06787330316742081 0.049079754601226995
23 0.6040723981900452 0.5015337423312883 0.06334841628959276 0.08588957055214724
14 0.3031674208144796 0.691717791411043 0.04072398190045249 0.03067484662576687
22 0.47058823529411764 0.37576687116564417 0.12217194570135746 0.0950920245398773
28 0.6798642533936652 0.19631901840490798 0.08823529411764706 0.06441717791411043
