29 0.19683257918552036 0.7714723926380368 0.167420814479638 0.13190184049079753
29 0.7963800904977375 0.7714723926380368 0.167420814479638 0.13190184049079753
29 0.18665158371040724 0.21088957055214724 0.1244343891402715 0.11503067484662577
29 0.7861990950226244 0.21088957055214724 0.1244343891402715 0.11503067484662577
29 0.501131221719457 0.11503067484662577 0.18778280542986425 0.1687116564417178
29 0.48868778280542985 0.8788343558282209 0.16289592760180996 0.147239263803681
12 0.8269230769230769 0.5751533742331288 0.083710407239819 0.06748466257668712
9 0.5294117647058824 0.745398773006135 0.11312217194570136 0.0736196319018405
6 0.49095022624434387 0.38190184049079756 0.167420814479638 0.09815950920245399
18 0.03619909502262444 0.06288343558282208 0.04072398190045249 0.05828220858895705
19 0.6515837104072398 0.7085889570552147 0.13122171945701358 0.13190184049079753
22 0.7963800904977375 0.49079754601226994 0.12217194570135746 0.0950920245398773
9 0.5509049773755657 0.32131901840490795 0.07918552036199095 0.07208588957055215
19 0.334841628959276 0.6395705521472392 0.13122171945701358 0.13190184049079753
15 0.5542986425339367 0.7377300613496932 0.08597285067873303 0.049079754601226995
1 0.667420814479638 0.24616564417177914 0.09049773755656108 0.06595092024539877
25 0.1493212669683258 0.21395705521472394 0.13122171945701358 0.09662576687116564
