29 0.19683257918552036 0.7714723926380368 0.167420814479638 0.13190184049079753
29 0.7963800904977375 0.7714723926380368 0.167420814479638 0.13190184049079753
29 0.18665158371040724 0.21088957055214724 0.1244343891402715 0.11503067484662577
29 0.7861990950226244 0.21088957055214724 0.1244343891402715 0.11503067484662577
29 0.501131221719457 0.11503067484662577 0.18778280542986425 0.1687116564417178
29 0.48868778280542985 0.8788343558282209 0.16289592760180996 0.147239263803681
18 0.2420814479638009 0.0950920245398773 0.04072398190045249 0.05828220858895705
3 0.08936651583710407 0.3450920245398773 0.05203619909502263 0.06134969325153374
8 0.10407239819004525 0.5406441717791411 0.167420814479638 0.11809815950920245
11 0.15384615384615385 0.4869631901840491 0.08144796380090498 0.1058282208588957
23 0.8846153846153846 0.49846625766871167 0.05429864253393665 0.09202453987730061
17 0.27828054298642535 0.5130368098159509 0.10407239819004525 0.08742331288343558
0 0.1244343891402715 0.6802147239263804 0.05429864253393665 0.05368098159509203
19 0.8122171945701357 0.602760736196319 0.13122171945701358 0.13190184049079753
27 0.8789592760180995 0.7239263803680982 0.07013574660633484 0.05521472392638037
25 0.916289592760181 0.7998466257668712 0.13122171945701358 0.09662576687116564
