29 0.19683257918552036 0.7714723926380368 0.167420814479638 0.13190184049079753
29 0.7963800904977375 0.7714723926380368 0.167420814479638 0.13190184049079753
29 0.18665158371040724 0.21088957055214724 0.1244343891402715 0.11503067484662577
29 0.7861990950226244 0.21088957055214724 0.1244343891402715 0.11503067484662577
29 0.501131221719457 0.11503067484662577 0.18778280542986425 0.1687116564417178
29 0.48868778280542985 0.8788343558282209 0.16289592760180996 0.147239263803681
11 0.06787330316742081 0.47929447852760737 0.08144796380090498 0.1058282208588957
9 0.05429864253393665 0.6234662576687117 0.10407239819004525 0.07515337423312883
25 0.746606334841629 0.8565950920245399 0.13122171945701358 0.09662576687116564
28 0.49095022624434387 0.17561349693251535 0.1085972850678733 0.08128834355828221
25 0.5113122171945701 0.1111963190184049 0.13122171945701358 0.09662576687116564
28 0.2850678733031674 0.47162576687116564 0.1085972850678733 0.08128834355828221
