29 0.19683257918552036 0.7714723926380368 0.167420814479638 0.13190184049079753
29 0.7963800904977375 0.7714723926380368 0.167420814479638 0.13190184049079753
29 0.18665158371040724 0.21088957055214724 0.1244343891402715 0.11503067484662577
29 0.7861990950226244 0.21088957055214724 0.1244343891402715 0.11503067484662577
29 0.501131221719457 0.11503067484662577 0.18778280542986425 0.1687116564417178
29 0.48868778280542985 0.8788343558282209 0.16289592760180996 0.147239263803681
21 0.19570135746606335 0.046012269938650305 0.1425339366515837 0.07975460122699386
22 0.6312217194570136 0.38650306748466257 0.12217194570135746 0.0950920245398773
23 0.6108597285067874 0.2691717791411043 0.09502262443438914 0.0598159509202454
10 0.12217194570135746 0.526840490797546 0.12669683257918551 0.14570552147239263
5 0.7273755656108597 0.6825153374233128 0.0746606334841629 0.03680981595092025
1 0.49547511312217196 0.42868098159509205 0.09049773755656108 0.06595092024539877
18 0.6334841628959276 0.6234662576687117 0.04524886877828054 0.05368098159509203
9 0.5147058823529411 0.4447852760736196 0.10180995475113122 0.11042944785276074
10 0.33710407239819007 0.07592024539877301 0.12669683257918551 0.14570552147239263
27 0.22624434389140272 0.6311349693251533 0.058823529411764705 0.05061349693251534
