29 0.19683257918552036 0.7714723926380368 0.167420814479638 0.13190184049079753
29 0.7963800904977375 0.7714723926380368 0.167420814479638 0.13190184049079753
29 0.18665158371040724 0.21088957055214724 0.1244343891402715 0.11503067484662577
29 0.7861990950226244 0.21088957055214724 0.1244343891402715 0.11503067484662577
29 0.501131221719457 0.11503067484662577 0.18778280542986425 0.1687116564417178
29 0.48868778280542985 0.8788343558282209 0.16289592760180996 0.147239263803681
16 0.08484162895927602 0.45475460122699385 0.10180995475113122 0.0598159509202454
14 0.3914027149321267 0.5069018404907976 0.049773755656108594 0.04447852760736196
5 0.6515837104072398 0.3803680981595092 0.06787330316742081 0.049079754601226995
0 0.7420814479638009 0.5038343558282209 0.05429864253393665 0.05368098159509203
7 0.668552036199095 0.2446319018404908 0.05203619909502263 0.04141104294478527
26 0.581447963800905 0.3029141104294479 0.09954751131221719 0.06595092024539877
25 0.8574660633484162 0.5897239263803681 0.13122171945701358 0.09662576687116564
