29 0.19683257918552036 0.7714723926380368 0.167420814479638 0.13190184049079753
29 0.7963800904977375 0.7714723926380368 0.167420814479638 0.13190184049079753
29 0.18665158371040724 0.21088957055214724 0.1244343891402715 0.11503067484662577
29 0.7861990950226244 0.21088957055214724 0.1244343891402715 0.11503067484662577
29 0.501131221719457 0.11503067484662577 0.18778280542986425 0.1687116564417178
29 0.48868778280542985 0.8788343558282209 0.16289592760180996 0.147239263803681
17 0.05429864253393665 0.07285276073619631 0.10407239819004525 0.08742331288343558
7 0.03506787330316742 0.19248466257668712 0.04751131221719457 0.04754601226993865
15 0.6018099547511312 0.25 0.08597285067873303 0.049079754601226995
5 0.5169683257918553 0.3128834355828221 0.0746606334841629 0.03680981595092025
10 0.5497737556561086 0.2921779141104294 0.12669683257918551 0.14570552147239263
2 0.3257918552036199 0.49846625766871167 0.07692307692307693 0.0950920245398773
9 0.5407239819004525 0.39800613496932513 0.10407239819004525 0.07515337423312883
4 0.4841628959276018 0.625 0.12217194570135746 0.09969325153374232
