29 0.19683257918552036 0.7714723926380368 0.167420814479638 0.13190184049079753
29 0.7963800904977375 0.7714723926380368 0.167420814479638 0.13190184049079753
29 0.18665158371040724 0.21088957055214724 0.1244343891402715 0.11503067484662577
29 0.7861990950226244 0.21088957055214724 0.1244343891402715 0.11503067484662577
29 0.501131221719457 0.11503067484662577 0.18778280542986425 0.1687116564417178
29 0.48868778280542985 0.8788343558282209 0.16289592760180996 0.147239263803681
13 0.05203619909502263 0.5912576687116564 0.09502262443438914 0.06901840490797546
23 0.46153846153846156 0.2875766871165644 0.09502262443438914 0.0598159509202454
5 0.3438914027149321 0.07975460122699386 0.06787330316742081 0.049079754601226995
14 0.33144796380090497 0.5291411042944786 0.05656108597285068 0.049079754601226995
9 0.5 0.5636503067484663 0.10407239819004525 0.07515337423312883
6 0.5452488687782805 0.49079754601226994 0.167420814479638 0.09815950920245399
