29 0.19683257918552036 0.7714723926380368 0.167420814479638 0.13190184049079753
29 0.7963800904977375 0.7714723926380368 0.167420814479638 0.13190184049079753
29 0.18665158371040724 0.21088957055214724 0.1244343891402715 0.11503067484662577
29 0.7861990950226244 0.21088957055214724 0.1244343891402715 0.11503067484662577
29 0.501131221719457 0.11503067484662577 0.18778280542986425 0.1687116564417178
29 0.48868778280542985 0.8788343558282209 0.16289592760180996 0.147239263803681
22 0.11764705882352941 0.5782208588957055 0.12217194570135746 0.0950920245398773
14 0.20588235294117646 0.549079754601227 0.03167420814479638 0.03067484662576687
10 0.6334841628959276 0.4424846625766871 0.12669683257918551 0.14570552147239263
26 0.19004524886877827 0.19785276073619631 0.10407239819004525 0.0705521472392638
27 0.25565610859728505 0.7200920245398773 0.058823529411764705 0.05061349693251534
25 0.10972850678733032 0.5805214723926381 0.1425339366515837 0.07208588957055215
24 0.6628959276018099 0.3642638036809816 0.08597285067873303 0.04447852760736196
