29 0.19683257918552036 0.7714723926380368 0.167420814479638 0.13190184049079753
29 0.7963800904977375 0.7714723926380368 0.167420814479638 0.13190184049079753
29 0.18665158371040724 0.21088957055214724 0.1244343891402715 0.11503067484662577
29 0.7861990950226244 0.21088957055214724 0.1244343891402715 0.11503067484662577
29 0.501131221719457 0.11503067484662577 0.18778280542986425 0.1687116564417178
29 0.48868778280542985 0.8788343558282209 0.16289592760180996 0.147239263803681
16 0.27262443438914025 0.04831288343558282 0.09728506787330317 0.06901840490797546
8 0.5158371040723982 0.4946319018404908 0.167420814479638 0.11809815950920245
22 0.8936651583710408 0.5858895705521472 0.12217194570135746 0.0950920245398773
17 0.22171945701357465 0.49616564417177916 0.10407239819004525 0.09049079754601227
23 0.2647058823529412 0.6073619631901841 0.05429864253393665 0.09202453987730061
2 0.3574660633484163 0.10122699386503067 0.07692307692307693 0.0950920245398773
19 0.5565610859728507 0.2714723926380368 0.13122171945701358 0.13190184049079753
