29 0.19683257918552036 0.7714723926380368 0.167420814479638 0.13190184049079753
29 0.7963800904977375 0.7714723926380368 0.167420814479638 0.13190184049079753
29 0.18665158371040724 0.21088957055214724 0.1244343891402715 0.11503067484662577
29 0.7861990950226244 0.21088957055214724 0.1244343891402715 0.11503067484662577
29 0.501131221719457 0.11503067484662577 0.18778280542986425 0.1687116564417178
29 0.48868778280542985 0.8788343558282209 0.16289592760180996 0.147239263803681
1 0.06561085972850679 0.5375766871165644 0.07692307692307693 0.0598159509202454
11 0.6176470588235294 0.3504601226993865 0.06787330316742081 0.07822085889570553
0 0.43778280542986425 0.41411042944785276 0.05656108597285068 0.05828220858895705
13 0.5463800904977375 0.6940184049079755 0.09728506787330317 0.07208588957055215
15 0.34615384615384615 0.5452453987730062 0.08144796380090498 0.05674846625766871
11 0.6481900452488688 0.5069018404907976 0.1334841628959276 0.07515337423312883
7 0.16402714932126697 0.4378834355828221 0.04751131221719457 0.04754601226993865
1 0.05203619909502263 0.7047546012269938 0.09049773755656108 0.06595092024539877
9 0.7680995475113123 0.5115030674846626 0.11085972850678733 0.07515337423312883
19 0.3009049773755656 0.6549079754601227 0.13122171945701358 0.13190184049079753
26 0.5565610859728507 0.04294478527607362 0.10407239819004525 0.0705521472392638
25 0.1583710407239819 0.8473926380368099 0.13122171945701358 0.09662576687116564
