29 0.19683257918552036 0.7714723926380368 0.167420814479638 0.13190184049079753
29 0.7963800904977375 0.7714723926380368 0.167420814479638 0.13190184049079753
29 0.18665158371040724 0.21088957055214724 0.1244343891402715 0.11503067484662577
29 0.7861990950226244 0.21088957055214724 0.1244343891402715 0.11503067484662577
29 0.501131221719457 0.11503067484662577 0.18778280542986425 0.1687116564417178
29 0.48868778280542985 0.8788343558282209 0.16289592760180996 0.147239263803681
7 0.22737556561085973 0.6587423312883436 0.04751131221719457 0.04754601226993865
11 0.4072398190045249 0.5920245398773006 0.09502262443438914 0.07668711656441718
16 0.166289592760181 0.6019938650306749 0.083710407239819 0.05674846625766871
8 0.4479638009049774 0.48236196319018404 0.167420814479638 0.11809815950920245
17 0.751131221719457 0.6326687116564417 0.10407239819004525 0.08742331288343558
15 0.6764705882352942 0.2285276073619632 0.08144796380090498 0.046012269938650305
9 0.6119909502262444 0.7308282208588958 0.11085972850678733 0.07515337423312883
21 0.2907239819004525 0.06901840490797546 0.1425339366515837 0.07975460122699386
26 0.41402714932126694 0.38726993865030673 0.10407239819004525 0.07208588957055215
28 0.7273755656108597 0.37116564417177916 0.083710407239819 0.08895705521472393
