29 0.19683257918552036 0.7714723926380368 0.167420814479638 0.13190184049079753
29 0.7963800904977375 0.7714723926380368 0.167420814479638 0.13190184049079753
29 0.18665158371040724 0.21088957055214724 0.1244343891402715 0.11503067484662577
29 0.7861990950226244 0.21088957055214724 0.1244343891402715 0.11503067484662577
29 0.501131221719457 0.11503067484662577 0.18778280542986425 0.1687116564417178
29 0.48868778280542985 0.8788343558282209 0.16289592760180996 0.147239263803681
10 0.6357466063348416 0.41180981595092025 0.12669683257918551 0.14570552147239263
0 0.6957013574660633 0.6533742331288344 0.05656108597285068 0.05828220858895705
1 0.579185520361991 0.2860429447852761 0.07692307692307693 0.0598159509202454
11 0.668552036199095 0.4532208588957055 0.1334841628959276 0.07515337423312883
8 0.1074660633484163 0.08742331288343558 0.16968325791855204 0.1196319018404908
20 0.4095022624434389 0.4762269938650307 0.04524886877828054 0.03834355828220859
15 0.5633484162895928 0.50920245398773 0.08144796380090498 0.046012269938650305
23 0.416289592760181 0.4532208588957055 0.09502262443438914 0.0598159509202454
9 0.5486425339366516 0.5904907975460123 0.10180995475113122 0.11042944785276074
18 0.09049773755656108 0.531441717791411 0.04524886877828054 0.05368098159509203
28 0.5622171945701357 0.5605828220858896 0.10180995475113122 0.05368098159509203
