29 0.19683257918552036 0.7714723926380368 0.167420814479638 0.13190184049079753
29 0.7963800904977375 0.7714723926380368 0.167420814479638 0.13190184049079753
29 0.18665158371040724 0.21088957055214724 0.1244343891402715 0.11503067484662577
29 0.7861990950226244 0.21088957055214724 0.1244343891402715 0.11503067484662577
29 0.501131221719457 0.11503067484662577 0.18778280542986425 0.1687116564417178
29 0.48868778280542985 0.8788343558282209 0.16289592760180996 0.147239263803681
2 0.3212669683257919 0.6303680981595092 0.07692307692307693 0.0950920245398773
19 0.2918552036199095 0.07515337423312883 0.13122171945701358 0.13190184049079753
11 0.6764705882352942 0.4133435582822086 0.08144796380090498 0.1058282208588957
18 0.6538461538461539 0.3450920245398773 0.04072398190045249 0.05828220858895705
16 0.8880090497737556 0.47776073619631904 0.083710407239819 0.05674846625766871
0 0.5260180995475113 0.28680981595092025 0.05656108597285068 0.05828220858895705
26 0.7375565610859729 0.3665644171779141 0.10407239819004525 0.0705521472392638
28 0.7160633484162896 0.8220858895705522 0.08823529411764706 0.06441717791411043
25 0.581447963800905 0.3029141104294479 0.13122171945701358 0.09662576687116564
