29 0.19683257918552036 0.7714723926380368 0.167420814479638 0.13190184049079753
29 0.7963800904977375 0.7714723926380368 0.167420814479638 0.13190184049079753
29 0.18665158371040724 0.21088957055214724 0.1244343891402715 0.11503067484662577
29 0.7861990950226244 0.21088957055214724 0.1244343891402715 0.11503067484662577
29 0.501131221719457 0.11503067484662577 0.18778280542986425 0.1687116564417178
29 0.48868778280542985 0.8788343558282209 0.16289592760180996 0.147239263803681
6 0.13800904977375567 0.5904907975460123 0.16289592760180996 0.10122699386503067
9 0.3427601809954751 0.5950920245398773 0.10180995475113122 0.11042944785276074
21 0.4513574660633484 0.5498466257668712 0.1334841628959276 0.10276073619631902
10 0.7737556561085973 0.5513803680981595 0.12669683257918551 0.14570552147239263
23 0.3009049773755656 0.5690184049079755 0.05429864253393665 0.09202453987730061
3 0.9332579185520362 0.5084355828220859 0.05203619909502263 0.0843558282208589
11 0.2986425339366516 0.47699386503067487 0.09502262443438914 0.07668711656441718
17 0.5203619909502263 0.7078220858895705 0.10407239819004525 0.09049079754601227
15 0.5 0.4233128834355828 0.08144796380090498 0.046012269938650305
