29 0.19683257918552036 0.7714723926380368 0.167420814479638 0.13190184049079753
29 0.7963800904977375 0.7714723926380368 0.167420814479638 0.13190184049079753
29 0.18665158371040724 0.21088957055214724 0.1244343891402715 0.11503067484662577
29 0.7861990950226244 0.21088957055214724 0.1244343891402715 0.11503067484662577
29 0.501131221719457 0.11503067484662577 0.18778280542986425 0.1687116564417178
29 0.48868778280542985 0.8788343558282209 0.16289592760180996 0.147239263803681
22 0.6380090497737556 0.3282208588957055 0.12217194570135746 0.0950920245398773
4 0.05542986425339366 0.2223926380368098 0.11085972850678733 0.08895705521472393
8 0.10633484162895927 0.6280674846625767 0.167420814479638 0.11809815950920245
20 0.7307692307692307 0.5651840490797546 0.04524886877828054 0.03834355828220859
16 0.6210407239819005 0.5958588957055214 0.09728506787330317 0.06901840490797546
9 0.667420814479638 0.4102760736196319 0.10407239819004525 0.07515337423312883
26 0.05429864253393665 0.32131901840490795 0.09954751131221719 0.06595092024539877
28 0.34502262443438914 0.9194785276073619 0.10180995475113122 0.05368098159509203
25 0.08823529411764706 0.7799079754601227 0.13122171945701358 0.09662576687116564
