29 0.19683257918552036 0.7714723926380368 0.167420814479638 0.13190184049079753
29 0.7963800904977375 0.7714723926380368 0.167420814479638 0.13190184049079753
29 0.18665158371040724 0.21088957055214724 0.1244343891402715 0.11503067484662577
29 0.7861990950226244 0.21088957055214724 0.1244343891402715 0.11503067484662577
29 0.501131221719457 0.11503067484662577 0.18778280542986425 0.1687116564417178
29 0.48868778280542985 0.8788343558282209 0.16289592760180996 0.147239263803681
11 0.46153846153846156 0.4892638036809816 0.09502262443438914 0.07668711656441718
15 0.5656108597285068 0.5007668711656442 0.08144796380090498 0.0598159509202454
1 0.14027149321266968 0.49003067484662577 0.09049773755656108 0.06595092024539877
14 0.5 0.2799079754601227 0.05429864253393665 0.0352760736196319
5 0.916289592760181 0.5153374233128835 0.06787330316742081 0.049079754601226995
3 0.833710407239819 0.625 0.05203619909502263 0.05368098159509203
24 0.9253393665158371 0.07285276073619631 0.08597285067873303 0.04447852760736196
25 0.4592760180995475 0.27070552147239263 0.13122171945701358 0.09662576687116564
28 0.9015837104072398 0.9003067484662577 0.08823529411764706 0.06441717791411043
