29 0.19683257918552036 0.7714723926380368 0.167420814479638 0.13190184049079753
29 0.7963800904977375 0.7714723926380368 0.167420814479638 0.13190184049079753
29 0.18665158371040724 0.21088957055214724 0.1244343891402715 0.11503067484662577
29 0.7861990950226244 0.21088957055214724 0.1244343891402715 0.11503067484662577
29 0.501131221719457 0.11503067484662577 0.18778280542986425 0.1687116564417178
29 0.48868778280542985 0.8788343558282209 0.16289592760180996 0.147239263803681
3 0.29298642533936653 0.059049079754601226 0.06561085972850679 0.05674846625766871
10 0.08597285067873303 0.629601226993865 0.12669683257918551 0.14570552147239263
4 0.07126696832579185 0.5383435582822086 0.11085972850678733 0.08895705521472393
1 0.3778280542986425 0.5084355828220859 0.07692307692307693 0.0598159509202454
12 0.5441176470588235 0.5812883435582822 0.083710407239819 0.06748466257668712
19 0.16968325791855204 0.593558282208589 0.13122171945701358 0.13190184049079753
23 0.5769230769230769 0.3987730061349693 0.06334841628959276 0.08588957055214724
14 0.6809954751131222 0.24309815950920247 0.05429864253393665 0.0352760736196319
9 0.3054298642533937 0.495398773006135 0.11312217194570136 0.0736196319018405
13 0.06334841628959276 0.17868098159509202 0.09502262443438914 0.06901840490797546
24 0.7217194570135747 0.1794478527607362 0.03167420814479638 0.03067484662576687
27 0.6131221719457014 0.9578220858895705 0.058823529411764705 0.05061349693251534
