29 0.19683257918552036 0.7714723926380368 0.167420814479638 0.13190184049079753
29 0.7963800904977375 0.7714723926380368 0.167420814479638 0.13190184049079753
29 0.18665158371040724 0.21088957055214724 0.1244343891402715 0.11503067484662577
29 0.7861990950226244 0.21088957055214724 0.1244343891402715 0.11503067484662577
29 0.501131221719457 0.11503067484662577 0.18778280542986425 0.1687116564417178
29 0.48868778280542985 0.8788343558282209 0.16289592760180996 0.147239263803681
0 0.6764705882352942 0.6940184049079755 0.049773755656108594 0.04754601226993865
21 0.7748868778280543 0.558282208588957 0.1425339366515837 0.07975460122699386
11 0.2341628959276018 0.04217791411042945 0.1334841628959276 0.07515337423312883
15 0.834841628959276 0.6234662576687117 0.08144796380090498 0.0598159509202454
7 0.6233031674208145 0.379601226993865 0.04751131221719457 0.04754601226993865
3 0.48755656108597284 0.379601226993865 0.05203619909502263 0.0843558282208589
19 0.5701357466063348 0.5460122699386503 0.13122171945701358 0.13190184049079753
23 0.24434389140271492 0.07745398773006135 0.09502262443438914 0.0598159509202454
17 0.3597285067873303 0.5590490797546013 0.10407239819004525 0.09049079754601227
8 0.6380090497737556 0.5927914110429447 0.167420814479638 0.11809815950920245
25 0.27262443438914025 0.4578220858895706 0.1425339366515837 0.07208588957055215
