29 0.19683257918552036 0.7714723926380368 0.167420814479638 0.13190184049079753
29 0.7963800904977375 0.7714723926380368 0.167420814479638 0.13190184049079753
29 0.18665158371040724 0.21088957055214724 0.1244343891402715 0.11503067484662577
29 0.7861990950226244 0.21088957055214724 0.1244343891402715 0.11503067484662577
29 0.501131221719457 0.11503067484662577 0.18778280542986425 0.1687116564417178
29 0.48868778280542985 0.8788343558282209 0.16289592760180996 0.147239263803681
2 0.16515837104072398 0.08282208588957055 0.07692307692307693 0.0950920245398773
18 0.3020361990950226 0.45015337423312884 0.042986425339366516 0.05674846625766871
16 0.11199095022624435 0.04524539877300614 0.083710407239819 0.05674846625766871
4 0.49660633484162897 0.7338957055214724 0.11990950226244344 0.09355828220858896
7 0.8676470588235294 0.6664110429447853 0.05203619909502263 0.04141104294478527
6 0.7081447963800905 0.6196319018404908 0.16289592760180996 0.10122699386503067
5 0.8461538461538461 0.6825153374233128 0.06787330316742081 0.049079754601226995
21 0.5576923076923077 0.43941717791411045 0.1334841628959276 0.10276073619631902
27 0.6165158371040724 0.04294478527607362 0.07013574660633484 0.05521472392638037
25 0.19683257918552036 0.8182515337423313 0.13122171945701358 0.09662576687116564
28 0.7239819004524887 0.6311349693251533 0.1085972850678733 0.08128834355828221
27 0.3031674208144796 0.7032208588957055 0.058823529411764705 0.05061349693251534
