29 0.19683257918552036 0.7714723926380368 0.167420814479638 0.13190184049079753
29 0.7963800904977375 0.7714723926380368 0.167420814479638 0.13190184049079753
29 0.18665158371040724 0.21088957055214724 0.1244343891402715 0.11503067484662577
29 0.7861990950226244 0.21088957055214724 0.1244343891402715 0.11503067484662577
29 0.501131221719457 0.11503067484662577 0.18778280542986425 0.1687116564417178
29 0.48868778280542985 0.8788343558282209 0.16289592760180996 0.147239263803681
8 0.3755656108597285 0.5636503067484663 0.167420814479638 0.11809815950920245
10 0.26018099547511314 0.5099693251533742 0.12669683257918551 0.14570552147239263
9 0.5169683257918553 0.6265337423312883 0.11085972850678733 0.07515337423312883
12 0.9434389140271493 0.5276073619631901 0.06787330316742081 0.049079754601226995
22 0.5746606334841629 0.3113496932515337 0.12217194570135746 0.0950920245398773
4 0.6549773755656109 0.6694785276073619 0.11990950226244344 0.09355828220858896
7 0.032805429864253395 0.6265337423312883 0.04751131221719457 0.04754601226993865
28 0.17873303167420815 0.07592024539877301 0.1085972850678733 0.08128834355828221
26 0.5520361990950227 0.8305214723926381 0.10407239819004525 0.07208588957055215
25 0.32918552036199095 0.39493865030674846 0.1425339366515837 0.07208588957055215
27 0.9490950226244343 0.4102760736196319 0.06108597285067873 0.05368098159509203
