29 0.19683257918552036 0.7714723926380368 0.167420814479638 0.13190184049079753
29 0.7963800904977375 0.7714723926380368 0.167420814479638 0.13190184049079753
29 0.18665158371040724 0.21088957055214724 0.1244343891402715 0.11503067484662577
29 0.7861990950226244 0.21088957055214724 0.1244343891402715 0.11503067484662577
29 0.501131221719457 0.11503067484662577 0.18778280542986425 0.1687116564417178
29 0.48868778280542985 0.8788343558282209 0.16289592760180996 0.147239263803681
6 0.8054298642533937 0.5690184049079755 0.167420814479638 0.09815950920245399
5 0.5203619909502263 0.3128834355828221 0.06787330316742081 0.049079754601226995
19 0.7398190045248869 0.6104294478527608 0.13122171945701358 0.13190184049079753
25 0.4004524886877828 0.8412576687116564 0.13122171945701358 0.09662576687116564
26 0.7307692307692307 0.75920245398773 0.10407239819004525 0.0705521472392638
