29 0.19683257918552036 0.7714723926380368 0.167420814479638 0.13190184049079753
29 0.7963800904977375 0.7714723926380368 0.167420814479638 0.13190184049079753
29 0.18665158371040724 0.21088957055214724 0.1244343891402715 0.11503067484662577
29 0.7861990950226244 0.21088957055214724 0.1244343891402715 0.11503067484662577
29 0.501131221719457 0.11503067484662577 0.18778280542986425 0.1687116564417178
29 0.48868778280542985 0.8788343558282209 0.16289592760180996 0.147239263803681
13 0.6889140271493213 0.5084355828220859 0.09728506787330317 0.07208588957055215
3 0.09841628959276018 0.4562883435582822 0.05203619909502263 0.05368098159509203
16 0.4445701357466063 0.4946319018404908 0.09728506787330317 0.06901840490797546
20 0.9298642533936652 0.49616564417177916 0.04524886877828054 0.03834355828220859
4 0.49547511312217196 0.6449386503067485 0.12217194570135746 0.09969325153374232
21 0.9106334841628959 0.3964723926380368 0.1334841628959276 0.10276073619631902
24 0.4852941176470588 0.24846625766871167 0.07918552036199095 0.03374233128834356
