29 0.19683257918552036 0.7714723926380368 0.167420814479638 0.13190184049079753
29 0.7963800904977375 0.7714723926380368 0.167420814479638 0.13190184049079753
29 0.18665158371040724 0.21088957055214724 0.1244343891402715 0.11503067484662577
29 0.7861990950226244 0.21088957055214724 0.1244343891402715 0.11503067484662577
29 0.501131221719457 0.11503067484662577 0.18778280542986425 0.1687116564417178
29 0.48868778280542985 0.8788343558282209 0.16289592760180996 0.147239263803681
16 0.5350678733031674 0.2645705521472393 0.10180995475113122 0.0598159509202454
3 0.2692307692307692 0.5245398773006135 0.049773755656108594 0.05521472392638037
14 0.22058823529411764 0.09585889570552147 0.038461538461538464 0.029141104294478526
20 0.25339366515837103 0.5375766871165644 0.04524886877828054 0.03834355828220859
23 0.5995475113122172 0.3121165644171779 0.09502262443438914 0.0598159509202454
26 0.23755656108597284 0.1388036809815951 0.09954751131221719 0.06595092024539877
27 0.31108597285067874 0.2446319018404908 0.06108597285067873 0.05368098159509203
28 0.6968325791855203 0.924079754601227 0.1085972850678733 0.08128834355828221
