29 0.19683257918552036 0.7714723926380368 0.167420814479638 0.13190184049079753
29 0.7963800904977375 0.7714723926380368 0.167420814479638 0.13190184049079753
29 0.18665158371040724 0.21088957055214724 0.1244343891402715 0.11503067484662577
29 0.7861990950226244 0.21088957055214724 0.1244343891402715 0.11503067484662577
29 0.501131221719457 0.11503067484662577 0.18778280542986425 0.1687116564417178
29 0.48868778280542985 0.8788343558282209 0.16289592760180996 0.147239263803681
8 0.15610859728506787 0.473159509202454 0.167420814479638 0.11809815950920245
23 0.5950226244343891 0.5904907975460123 0.05429864253393665 0.09202453987730061
1 0.05429864253393665 0.5329754601226994 0.09049773755656108 0.06595092024539877
16 0.11877828054298642 0.6019938650306749 0.10180995475113122 0.0598159509202454
0 0.04524886877828054 0.6449386503067485 0.058823529411764705 0.05674846625766871
25 0.6934389140271493 0.25383435582822084 0.1425339366515837 0.07208588957055215
