29 0.19683257918552036 0.7714723926380368 0.167420814479638 0.13190184049079753
29 0.7963800904977375 0.7714723926380368 0.167420814479638 0.13190184049079753
29 0.18665158371040724 0.21088957055214724 0.1244343891402715 0.11503067484662577
29 0.7861990950226244 0.21088957055214724 0.1244343891402715 0.11503067484662577
29 0.501131221719457 0.11503067484662577 0.18778280542986425 0.1687116564417178
29 0.48868778280542985 0.8788343558282209 0.16289592760180996 0.147239263803681
21 0.49434389140271495 0.6180981595092024 0.1425339366515837 0.07975460122699386
6 0.5678733031674208 0.25766871165644173 0.167420814479638 0.09815950920245399
9 0.24434389140271492 0.5521472392638037 0.11312217194570136 0.0736196319018405
2 0.14819004524886878 0.0736196319018405 0.0746606334841629 0.08895705521472393
1 0.19230769230769232 0.5023006134969326 0.07692307692307693 0.0598159509202454
4 0.28846153846153844 0.47776073619631904 0.11990950226244344 0.09662576687116564
23 0.7352941176470589 0.6779141104294478 0.06334841628959276 0.08588957055214724
19 0.42081447963800905 0.5506134969325154 0.13122171945701358 0.13190184049079753
18 0.3936651583710407 0.47162576687116564 0.04524886877828054 0.05368098159509203
28 0.23529411764705882 0.2875766871165644 0.1085972850678733 0.08128834355828221
27 0.8020361990950227 0.24003067484662577 0.06108597285067873 0.05368098159509203
