29 0.19683257918552036 0.7714723926380368 0.167420814479638 0.13190184049079753
29 0.7963800904977375 0.7714723926380368 0.167420814479638 0.13190184049079753
29 0.18665158371040724 0.21088957055214724 0.1244343891402715 0.11503067484662577
29 0.7861990950226244 0.21088957055214724 0.1244343891402715 0.11503067484662577
29 0.501131221719457 0.11503067484662577 0.18778280542986425 0.1687116564417178
29 0.48868778280542985 0.8788343558282209 0.16289592760180996 0.147239263803681
21 0.505656108597285 0.45245398773006135 0.1425339366515837 0.07975460122699386
16 0.24773755656108598 0.11733128834355828 0.083710407239819 0.05674846625766871
22 0.581447963800905 0.5429447852760736 0.12217194570135746 0.0950920245398773
5 0.8065610859728507 0.6380368098159509 0.0746606334841629 0.03680981595092025
7 0.26018099547511314 0.5053680981595092 0.06334841628959276 0.05368098159509203
15 0.8122171945701357 0.5621165644171779 0.06787330316742081 0.05061349693251534
0 0.333710407239819 0.6449386503067485 0.06561085972850679 0.05368098159509203
22 0.8190045248868778 0.47699386503067487 0.12217194570135746 0.0950920245398773
4 0.7398190045248869 0.47162576687116564 0.12217194570135746 0.09969325153374232
26 0.7058823529411765 0.4593558282208589 0.10407239819004525 0.07208588957055215
27 0.5757918552036199 0.5115030674846626 0.06108597285067873 0.05368098159509203
24 0.5260180995475113 0.3266871165644172 0.07918552036199095 0.03374233128834356
25 0.38009049773755654 0.17868098159509202 0.13122171945701358 0.09662576687116564
