29 0.19683257918552036 0.7714723926380368 0.167420814479638 0.13190184049079753
29 0.7963800904977375 0.7714723926380368 0.167420814479638 0.13190184049079753
29 0.18665158371040724 0.21088957055214724 0.1244343891402715 0.11503067484662577
29 0.7861990950226244 0.21088957055214724 0.1244343891402715 0.11503067484662577
29 0.501131221719457 0.11503067484662577 0.18778280542986425 0.1687116564417178
29 0.48868778280542985 0.8788343558282209 0.16289592760180996 0.147239263803681
16 0.09841628959276018 0.6311349693251533 0.09728506787330317 0.06901840490797546
7 0.06787330316742081 0.5161042944785276 0.06334841628959276 0.05368098159509203
17 0.49095022624434387 0.5529141104294478 0.10407239819004525 0.08742331288343558
10 0.3009049773755656 0.5636503067484663 0.12669683257918551 0.14570552147239263
26 0.6855203619909502 0.536042944785276 0.09954751131221719 0.06595092024539877
