29 0.19683257918552036 0.7714723926380368 0.167420814479638 0.13190184049079753
29 0.7963800904977375 0.7714723926380368 0.167420814479638 0.13190184049079753
29 0.18665158371040724 0.21088957055214724 0.1244343891402715 0.11503067484662577
29 0.7861990950226244 0.21088957055214724 0.1244343891402715 0.11503067484662577
29 0.501131221719457 0.11503067484662577 0.18778280542986425 0.1687116564417178
29 0.48868778280542985 0.8788343558282209 0.16289592760180996 0.147239263803681
5 0.08484162895927602 0.15030674846625766 0.0746606334841629 0.03680981595092025
13 0.35407239819004527 0.6449386503067485 0.09728506787330317 0.07208588957055215
3 0.05429864253393665 0.843558282208589 0.049773755656108594 0.05521472392638037
2 0.22963800904977374 0.5659509202453987 0.0746606334841629 0.08895705521472393
15 0.9524886877828054 0.6127300613496932 0.06787330316742081 0.05061349693251534
