29 0.19683257918552036 0.7714723926380368 0.167420814479638 0.13190184049079753
29 0.7963800904977375 0.7714723926380368 0.167420814479638 0.13190184049079753
29 0.18665158371040724 0.21088957055214724 0.1244343891402715 0.11503067484662577
29 0.7861990950226244 0.21088957055214724 0.1244343891402715 0.11503067484662577
29 0.501131221719457 0.11503067484662577 0.18778280542986425 0.1687116564417178
29 0.48868778280542985 0.8788343558282209 0.16289592760180996 0.147239263803681
18 0.5938914027149321 0.74079754601227 0.0746606334841629 0.06134969325153374
23 0.8009049773755657 0.4616564417177914 0.05429864253393665 0.09202453987730061
7 0.17420814479638008 0.06058282208588957 0.06334841628959276 0.05368098159509203
0 0.18552036199095023 0.6940184049079755 0.05429864253393665 0.05368098159509203
21 0.8733031674208145 0.5828220858895705 0.1493212669683258 0.08895705521472393
13 0.9106334841628959 0.5345092024539877 0.09728506787330317 0.07208588957055215
25 0.6380090497737556 0.776840490797546 0.13122171945701358 0.09662576687116564
26 0.6312217194570136 0.4179447852760736 0.10407239819004525 0.07208588957055215
24 0.334841628959276 0.6825153374233128 0.03167420814479638 0.03067484662576687
26 0.4683257918552036 0.6380368098159509 0.10407239819004525 0.0705521472392638
