29 0.19683257918552036 0.7714723926380368 0.167420814479638 0.13190184049079753
29 0.7963800904977375 0.7714723926380368 0.167420814479638 0.13190184049079753
29 0.18665158371040724 0.21088957055214724 0.1244343891402715 0.11503067484662577
29 0.7861990950226244 0.21088957055214724 0.1244343891402715 0.11503067484662577
29 0.501131221719457 0.11503067484662577 0.18778280542986425 0.1687116564417178
29 0.48868778280542985 0.8788343558282209 0.16289592760180996 0.147239263803681
11 0.4004524886877828 0.4915644171779141 0.08144796380090498 0.1058282208588957
6 0.19909502262443438 0.6365030674846626 0.17647058823529413 0.11042944785276074
15 0.917420814479638 0.5766871165644172 0.07918552036199095 0.05214723926380368
27 0.7047511312217195 0.5161042944785276 0.06108597285067873 0.05368098159509203
26 0.744343891402715 0.09815950920245399 0.10407239819004525 0.0705521472392638
24 0.18891402714932126 0.5659509202453987 0.07918552036199095 0.03374233128834356
