33 0.19683257918552036 0.7714723926380368 0.167420814479638 0.13190184049079753
33 0.7963800904977375 0.7714723926380368 0.167420814479638 0.13190184049079753
33 0.18665158371040724 0.21088957055214724 0.1244343891402715 0.11503067484662577
33 0.7861990950226244 0.21088957055214724 0.1244343891402715 0.11503067484662577
33 0.501131221719457 0.11809815950920245 0.18778280542986425 0.1687116564417178
33 0.48868778280542985 0.8788343558282209 0.16289592760180996 0.147239263803681
1 0.6504524886877828 0.4072085889570552 0.083710407239819 0.05061349693251534
19 0.17194570135746606 0.07592024539877301 0.10407239819004525 0.08742331288343558
13 0.9536199095022625 0.5291411042944786 0.083710407239819 0.06748466257668712
24 0.6176470588235294 0.30368098159509205 0.12217194570135746 0.0950920245398773
18 0.333710407239819 0.09125766871165644 0.10180995475113122 0.0598159509202454
0 0.5248868778280543 0.5467791411042945 0.05429864253393665 0.05368098159509203
30 0.5509049773755657 0.3128834355828221 0.1244343891402715 0.024539877300613498
29 0.8891402714932126 0.6970858895705522 0.1085972850678733 0.08128834355828221
