33 0.19683257918552036 0.7714723926380368 0.167420814479638 0.13190184049079753
33 0.7963800904977375 0.7714723926380368 0.167420814479638 0.13190184049079753
33 0.18665158371040724 0.21088957055214724 0.1244343891402715 0.11503067484662577
33 0.7861990950226244 0.21088957055214724 0.1244343891402715 0.11503067484662577
33 0.501131221719457 0.11809815950920245 0.18778280542986425 0.1687116564417178
33 0.48868778280542985 0.8788343558282209 0.16289592760180996 0.147239263803681
20 0.36990950226244346 0.661042944785276 0.05203619909502263 0.06134969325153374
2 0.6323529411764706 0.5276073619631901 0.0746606334841629 0.08895705521472393
24 0.06561085972850679 0.4187116564417178 0.12217194570135746 0.0950920245398773
0 0.05656108597285068 0.5820552147239264 0.05429864253393665 0.05368098159509203
26 0.6300904977375565 0.9348159509202454 0.1425339366515837 0.07208588957055215
