33 0.19683257918552036 0.7714723926380368 0.167420814479638 0.13190184049079753
33 0.7963800904977375 0.7714723926380368 0.167420814479638 0.13190184049079753
33 0.18665158371040724 0.21088957055214724 0.1244343891402715 0.11503067484662577
33 0.7861990950226244 0.21088957055214724 0.1244343891402715 0.11503067484662577
33 0.501131221719457 0.11809815950920245 0.18778280542986425 0.1687116564417178
33 0.48868778280542985 0.8788343558282209 0.16289592760180996 0.147239263803681
7 0.9049773755656109 0.5230061349693251 0.13574660633484162 0.10429447852760736
8 0.9061085972850679 0.6602760736196319 0.04751131221719457 0.04754601226993865
12 0.3009049773755656 0.5989263803680982 0.08144796380090498 0.1058282208588957
19 0.4253393665158371 0.5299079754601227 0.10407239819004525 0.08742331288343558
11 0.5588235294117647 0.3995398773006135 0.12669683257918551 0.14570552147239263
21 0.04638009049773756 0.0789877300613497 0.07918552036199095 0.05061349693251534
22 0.20361990950226244 0.07668711656441718 0.13122171945701358 0.13190184049079753
3 0.8269230769230769 0.5130368098159509 0.06561085972850679 0.05674846625766871
2 0.1346153846153846 0.04754601226993865 0.0746606334841629 0.08895705521472393
10 0.47171945701357465 0.7476993865030674 0.07918552036199095 0.07208588957055215
26 0.9242081447963801 0.04371165644171779 0.1425339366515837 0.07208588957055215
31 0.7748868778280543 0.8059815950920245 0.1244343891402715 0.023006134969325152
27 0.2149321266968326 0.6587423312883436 0.09954751131221719 0.06595092024539877
