33 0.19683257918552036 0.7714723926380368 0.167420814479638 0.13190184049079753
33 0.7963800904977375 0.7714723926380368 0.167420814479638 0.13190184049079753
33 0.18665158371040724 0.21088957055214724 0.1244343891402715 0.11503067484662577
33 0.7861990950226244 0.21088957055214724 0.1244343891402715 0.11503067484662577
33 0.501131221719457 0.11809815950920245 0.18778280542986425 0.1687116564417178
33 0.48868778280542985 0.8788343558282209 0.16289592760180996 0.147239263803681
2 0.45701357466063347 0.7285276073619632 0.07692307692307693 0.0950920245398773
6 0.18552036199095023 0.6779141104294478 0.058823529411764705 0.03067484662576687
15 0.45701357466063347 0.3098159509202454 0.05429864253393665 0.09202453987730061
19 0.9321266968325792 0.6434049079754601 0.10407239819004525 0.09049079754601227
23 0.8755656108597285 0.5782208588957055 0.1493212669683258 0.08895705521472393
11 0.8235294117647058 0.6280674846625767 0.12669683257918551 0.14570552147239263
31 0.8812217194570136 0.8788343558282209 0.06561085972850679 0.024539877300613498
