33 0.19683257918552036 0.7714723926380368 0.167420814479638 0.13190184049079753
33 0.7963800904977375 0.7714723926380368 0.167420814479638 0.13190184049079753
33 0.18665158371040724 0.21088957055214724 0.1244343891402715 0.11503067484662577
33 0.7861990950226244 0.21088957055214724 0.1244343891402715 0.11503067484662577
33 0.501131221719457 0.11809815950920245 0.18778280542986425 0.1687116564417178
33 0.48868778280542985 0.8788343558282209 0.16289592760180996 0.147239263803681
0 0.5192307692307693 0.6809815950920245 0.07013574660633484 0.049079754601226995
24 0.3574660633484163 0.5812883435582822 0.12217194570135746 0.0950920245398773
8 0.5995475113122172 0.7292944785276073 0.06334841628959276 0.05368098159509203
17 0.5950226244343891 0.6894171779141104 0.08144796380090498 0.0598159509202454
27 0.7262443438914027 0.4562883435582822 0.09954751131221719 0.06595092024539877
