33 0.19683257918552036 0.7714723926380368 0.167420814479638 0.13190184049079753
33 0.7963800904977375 0.7714723926380368 0.167420814479638 0.13190184049079753
33 0.18665158371040724 0.21088957055214724 0.1244343891402715 0.11503067484662577
33 0.7861990950226244 0.21088957055214724 0.1244343891402715 0.11503067484662577
33 0.501131221719457 0.11809815950920245 0.18778280542986425 0.1687116564417178
33 0.48868778280542985 0.8788343558282209 0.16289592760180996 0.147239263803681
18 0.19796380090497737 0.6142638036809815 0.09728506787330317 0.06901840490797546
23 0.8642533936651584 0.5720858895705522 0.1493212669683258 0.08895705521472393
2 0.4660633484162896 0.7208588957055214 0.07692307692307693 0.0950920245398773
22 0.3574660633484163 0.4938650306748466 0.13122171945701358 0.13190184049079753
4 0.40158371040723984 0.5398773006134969 0.11085972850678733 0.08895705521472393
15 0.22850678733031674 0.6426380368098159 0.06334841628959276 0.08588957055214724
17 0.751131221719457 0.661042944785276 0.08144796380090498 0.046012269938650305
26 0.8280542986425339 0.5943251533742331 0.13122171945701358 0.09662576687116564
31 0.22737556561085973 0.04371165644171779 0.1244343891402715 0.023006134969325152
25 0.2251131221719457 0.26150306748466257 0.0746606334841629 0.029141104294478526
