33 0.19683257918552036 0.7714723926380368 0.167420814479638 0.13190184049079753
33 0.7963800904977375 0.7714723926380368 0.167420814479638 0.13190184049079753
33 0.18665158371040724 0.21088957055214724 0.1244343891402715 0.11503067484662577
33 0.7861990950226244 0.21088957055214724 0.1244343891402715 0.11503067484662577
33 0.501131221719457 0.11809815950920245 0.18778280542986425 0.1687116564417178
33 0.48868778280542985 0.8788343558282209 0.16289592760180996 0.147239263803681
3 0.8450226244343891 0.6111963190184049 0.05203619909502263 0.05368098159509203
22 0.07013574660633484 0.5828220858895705 0.13122171945701358 0.13190184049079753
26 0.5192307692307693 0.5329754601226994 0.1425339366515837 0.07208588957055215
27 0.5610859728506787 0.26763803680981596 0.09954751131221719 0.06595092024539877
30 0.7703619909502263 0.4815950920245399 0.1244343891402715 0.024539877300613498
25 0.4762443438914027 0.03374233128834356 0.07918552036199095 0.03374233128834356
