33 0.19683257918552036 0.7714723926380368 0.167420814479638 0.13190184049079753
33 0.7963800904977375 0.7714723926380368 0.167420814479638 0.13190184049079753
33 0.18665158371040724 0.21088957055214724 0.1244343891402715 0.11503067484662577
33 0.7861990950226244 0.21088957055214724 0.1244343891402715 0.11503067484662577
33 0.501131221719457 0.11809815950920245 0.18778280542986425 0.1687116564417178
33 0.48868778280542985 0.8788343558282209 0.16289592760180996 0.147239263803681
10 0.0418552036199095 0.28144171779141103 0.07918552036199095 0.07208588957055215
3 0.4920814479638009 0.5414110429447853 0.05203619909502263 0.06441717791411043
14 0.9445701357466063 0.5191717791411042 0.09728506787330317 0.07208588957055215
16 0.36990950226244346 0.5559815950920245 0.038461538461538464 0.029141104294478526
31 0.7726244343891403 0.25306748466257667 0.06561085972850679 0.024539877300613498
28 0.6119909502262444 0.8734662576687117 0.06108597285067873 0.05368098159509203
