33 0.19683257918552036 0.7714723926380368 0.167420814479638 0.13190184049079753
33 0.7963800904977375 0.7714723926380368 0.167420814479638 0.13190184049079753
33 0.18665158371040724 0.21088957055214724 0.1244343891402715 0.11503067484662577
33 0.7861990950226244 0.21088957055214724 0.1244343891402715 0.11503067484662577
33 0.501131221719457 0.11809815950920245 0.18778280542986425 0.1687116564417178
33 0.48868778280542985 0.8788343558282209 0.16289592760180996 0.147239263803681
3 0.11425339366515837 0.10122699386503067 0.05203619909502263 0.06134969325153374
17 0.7647058823529411 0.6349693251533742 0.08597285067873303 0.049079754601226995
20 0.8959276018099548 0.5299079754601227 0.07692307692307693 0.05368098159509203
29 0.7929864253393665 0.7975460122699386 0.08823529411764706 0.06441717791411043
32 0.9027149321266968 0.8826687116564417 0.03167420814479638 0.023006134969325152
26 0.5542986425339367 0.07745398773006135 0.13122171945701358 0.09662576687116564
