33 0.19683257918552036 0.7714723926380368 0.167420814479638 0.13190184049079753
33 0.7963800904977375 0.7714723926380368 0.167420814479638 0.13190184049079753
33 0.18665158371040724 0.21088957055214724 0.1244343891402715 0.11503067484662577
33 0.7861990950226244 0.21088957055214724 0.1244343891402715 0.11503067484662577
33 0.501131221719457 0.11809815950920245 0.18778280542986425 0.1687116564417178
33 0.48868778280542985 0.8788343558282209 0.16289592760180996 0.147239263803681
5 0.06900452488687783 0.950920245398773 0.0746606334841629 0.03680981595092025
21 0.4253393665158371 0.6211656441717791 0.058823529411764705 0.05521472392638037
0 0.2149321266968326 0.4470858895705521 0.05429864253393665 0.05368098159509203
24 0.5475113122171946 0.4432515337423313 0.12217194570135746 0.0950920245398773
13 0.07918552036199095 0.911042944785276 0.06787330316742081 0.049079754601226995
11 0.5113122171945701 0.6234662576687117 0.12669683257918551 0.14570552147239263
14 0.6447963800904978 0.276840490797546 0.09502262443438914 0.06901840490797546
9 0.4468325791855204 0.5598159509202454 0.16968325791855204 0.1196319018404908
14 0.5271493212669683 0.6142638036809815 0.09502262443438914 0.06901840490797546
