33 0.19683257918552036 0.7714723926380368 0.167420814479638 0.13190184049079753
33 0.7963800904977375 0.7714723926380368 0.167420814479638 0.13190184049079753
33 0.18665158371040724 0.21088957055214724 0.1244343891402715 0.11503067484662577
33 0.7861990950226244 0.21088957055214724 0.1244343891402715 0.11503067484662577
33 0.501131221719457 0.11809815950920245 0.18778280542986425 0.1687116564417178
33 0.48868778280542985 0.8788343558282209 0.16289592760180996 0.147239263803681
28 0.27601809954751133 0.2906441717791411 0.058823529411764705 0.05061349693251534
25 0.6312217194570136 0.5621165644171779 0.08597285067873303 0.04447852760736196
31 0.22737556561085973 0.34432515337423314 0.1244343891402715 0.023006134969325152
29 0.4468325791855204 0.25920245398773006 0.08823529411764706 0.06441717791411043
