33 0.19683257918552036 0.7714723926380368 0.167420814479638 0.13190184049079753
33 0.7963800904977375 0.7714723926380368 0.167420814479638 0.13190184049079753
33 0.18665158371040724 0.21088957055214724 0.1244343891402715 0.11503067484662577
33 0.7861990950226244 0.21088957055214724 0.1244343891402715 0.11503067484662577
33 0.501131221719457 0.11809815950920245 0.18778280542986425 0.1687116564417178
33 0.48868778280542985 0.8788343558282209 0.16289592760180996 0.147239263803681
17 0.07239819004524888 0.20705521472392638 0.08144796380090498 0.046012269938650305
18 0.8631221719457014 0.46702453987730064 0.083710407239819 0.05674846625766871
10 0.4852941176470588 0.32131901840490795 0.11085972850678733 0.07515337423312883
22 0.669683257918552 0.3266871165644172 0.13122171945701358 0.13190184049079753
2 0.6063348416289592 0.7193251533742331 0.07692307692307693 0.0950920245398773
24 0.9321266968325792 0.6733128834355828 0.12217194570135746 0.0950920245398773
14 0.4513574660633484 0.5375766871165644 0.09728506787330317 0.07208588957055215
0 0.31447963800904977 0.6035276073619632 0.049773755656108594 0.04754601226993865
21 0.47171945701357465 0.47929447852760737 0.04751131221719457 0.05368098159509203
12 0.5757918552036199 0.2799079754601227 0.1334841628959276 0.07515337423312883
28 0.3223981900452489 0.3911042944785276 0.07013574660633484 0.05521472392638037
31 0.44004524886877827 0.379601226993865 0.1244343891402715 0.023006134969325152
29 0.15271493212669685 0.4263803680981595 0.08823529411764706 0.06441717791411043
