33 0.19683257918552036 0.7714723926380368 0.167420814479638 0.13190184049079753
33 0.7963800904977375 0.7714723926380368 0.167420814479638 0.13190184049079753
33 0.18665158371040724 0.21088957055214724 0.1244343891402715 0.11503067484662577
33 0.7861990950226244 0.21088957055214724 0.1244343891402715 0.11503067484662577
33 0.501131221719457 0.11809815950920245 0.18778280542986425 0.1687116564417178
33 0.48868778280542985 0.8788343558282209 0.16289592760180996 0.147239263803681
14 0.5961538461538461 0.26763803680981596 0.09728506787330317 0.07208588957055215
2 0.5237556561085973 0.6365030674846626 0.0746606334841629 0.08895705521472393
11 0.6380090497737556 0.6142638036809815 0.12669683257918551 0.14570552147239263
4 0.5260180995475113 0.3450920245398773 0.11085972850678733 0.08895705521472393
19 0.8891402714932126 0.6510736196319018 0.10407239819004525 0.09049079754601227
16 0.9027149321266968 0.6050613496932515 0.05429864253393665 0.0352760736196319
7 0.33710407239819007 0.6211656441717791 0.13574660633484162 0.10429447852760736
19 0.7737556561085973 0.49309815950920244 0.10407239819004525 0.09049079754601227
5 0.7036199095022625 0.6503067484662577 0.06787330316742081 0.049079754601226995
25 0.4117647058823529 0.8075153374233128 0.08597285067873303 0.04447852760736196
29 0.751131221719457 0.6848159509202454 0.1085972850678733 0.08128834355828221
31 0.7794117647058824 0.5644171779141104 0.06561085972850679 0.024539877300613498
30 0.417420814479638 0.9233128834355828 0.1244343891402715 0.024539877300613498
