33 0.19683257918552036 0.7714723926380368 0.167420814479638 0.13190184049079753
33 0.7963800904977375 0.7714723926380368 0.167420814479638 0.13190184049079753
33 0.18665158371040724 0.21088957055214724 0.1244343891402715 0.11503067484662577
33 0.7861990950226244 0.21088957055214724 0.1244343891402715 0.11503067484662577
33 0.501131221719457 0.11809815950920245 0.18778280542986425 0.1687116564417178
33 0.48868778280542985 0.8788343558282209 0.16289592760180996 0.147239263803681
24 0.7036199095022625 0.6380368098159509 0.12217194570135746 0.0950920245398773
4 0.7024886877828054 0.4915644171779141 0.11990950226244344 0.09355828220858896
3 0.20475113122171945 0.5820552147239264 0.06561085972850679 0.05674846625766871
6 0.7647058823529411 0.602760736196319 0.058823529411764705 0.03067484662576687
17 0.7601809954751131 0.531441717791411 0.07239819004524888 0.04754601226993865
28 0.3902714932126697 0.24309815950920247 0.06108597285067873 0.05368098159509203
