33 0.19683257918552036 0.7714723926380368 0.167420814479638 0.13190184049079753
33 0.7963800904977375 0.7714723926380368 0.167420814479638 0.13190184049079753
33 0.18665158371040724 0.21088957055214724 0.1244343891402715 0.11503067484662577
33 0.7861990950226244 0.21088957055214724 0.1244343891402715 0.11503067484662577
33 0.501131221719457 0.11809815950920245 0.18778280542986425 0.1687116564417178
33 0.48868778280542985 0.8788343558282209 0.16289592760180996 0.147239263803681
24 0.09502262443438914 0.09202453987730061 0.12217194570135746 0.0950920245398773
10 0.7997737556561086 0.6771472392638037 0.07918552036199095 0.07208588957055215
12 0.7036199095022625 0.6035276073619632 0.08144796380090498 0.1058282208588957
21 0.6165158371040724 0.718558282208589 0.07918552036199095 0.05061349693251534
16 0.6199095022624435 0.3911042944785276 0.04072398190045249 0.03067484662576687
29 0.11199095022624435 0.4325153374233129 0.08823529411764706 0.06441717791411043
32 0.06561085972850679 0.22162576687116564 0.03167420814479638 0.023006134969325152
31 0.43552036199095023 0.14570552147239263 0.06561085972850679 0.024539877300613498
