33 0.19683257918552036 0.7714723926380368 0.167420814479638 0.13190184049079753
33 0.7963800904977375 0.7714723926380368 0.167420814479638 0.13190184049079753
33 0.18665158371040724 0.21088957055214724 0.1244343891402715 0.11503067484662577
33 0.7861990950226244 0.21088957055214724 0.1244343891402715 0.11503067484662577
33 0.501131221719457 0.11809815950920245 0.18778280542986425 0.1687116564417178
33 0.48868778280542985 0.8788343558282209 0.16289592760180996 0.147239263803681
15 0.5248868778280543 0.6878834355828221 0.05429864253393665 0.06288343558282208
20 0.2409502262443439 0.593558282208589 0.05203619909502263 0.06134969325153374
2 0.9242081447963801 0.50920245398773 0.0746606334841629 0.08895705521472393
11 0.6312217194570136 0.49923312883435583 0.12669683257918551 0.14570552147239263
16 0.415158371040724 0.50920245398773 0.05656108597285068 0.049079754601226995
0 0.042986425339366516 0.7124233128834356 0.05429864253393665 0.05368098159509203
26 0.7714932126696833 0.7753067484662577 0.13122171945701358 0.09662576687116564
32 0.8687782805429864 0.09432515337423313 0.03167420814479638 0.023006134969325152
25 0.36312217194570134 0.18634969325153375 0.0746606334841629 0.029141104294478526
31 0.5328054298642534 0.46932515337423314 0.06561085972850679 0.024539877300613498
