33 0.19683257918552036 0.7714723926380368 0.167420814479638 0.13190184049079753
33 0.7963800904977375 0.7714723926380368 0.167420814479638 0.13190184049079753
33 0.18665158371040724 0.21088957055214724 0.1244343891402715 0.11503067484662577
33 0.7861990950226244 0.21088957055214724 0.1244343891402715 0.11503067484662577
33 0.501131221719457 0.11809815950920245 0.18778280542986425 0.1687116564417178
33 0.48868778280542985 0.8788343558282209 0.16289592760180996 0.147239263803681
4 0.45361990950226244 0.5966257668711656 0.11085972850678733 0.08895705521472393
24 0.9117647058823529 0.504601226993865 0.12217194570135746 0.0950920245398773
3 0.9321266968325792 0.5552147239263804 0.049773755656108594 0.05521472392638037
21 0.6063348416289592 0.25306748466257667 0.058823529411764705 0.05521472392638037
5 0.21040723981900453 0.04141104294478527 0.06787330316742081 0.049079754601226995
15 0.04072398190045249 0.6196319018404908 0.05429864253393665 0.09202453987730061
19 0.06108597285067873 0.7400306748466258 0.10407239819004525 0.09049079754601227
12 0.5418552036199095 0.5636503067484663 0.1334841628959276 0.07515337423312883
13 0.3031674208144796 0.4785276073619632 0.09502262443438914 0.049079754601226995
20 0.10067873303167421 0.49693251533742333 0.0746606334841629 0.06134969325153374
28 0.45701357466063347 0.3197852760736196 0.058823529411764705 0.05061349693251534
31 0.2907239819004525 0.8987730061349694 0.06561085972850679 0.024539877300613498
