33 0.19683257918552036 0.7714723926380368 0.167420814479638 0.13190184049079753
33 0.7963800904977375 0.7714723926380368 0.167420814479638 0.13190184049079753
33 0.18665158371040724 0.21088957055214724 0.1244343891402715 0.11503067484662577
33 0.7861990950226244 0.21088957055214724 0.1244343891402715 0.11503067484662577
33 0.501131221719457 0.11809815950920245 0.18778280542986425 0.1687116564417178
33 0.48868778280542985 0.8788343558282209 0.16289592760180996 0.147239263803681
5 0.9457013574660633 0.495398773006135 0.06787330316742081 0.049079754601226995
2 0.5871040723981901 0.34662576687116564 0.0746606334841629 0.08895705521472393
0 0.40158371040723984 0.5138036809815951 0.05656108597285068 0.05828220858895705
1 0.049773755656108594 0.32131901840490795 0.09954751131221719 0.05061349693251534
22 0.5339366515837104 0.5858895705521472 0.13122171945701358 0.13190184049079753
6 0.7714932126696833 0.571319018404908 0.04524886877828054 0.03834355828220859
7 0.15610859728506787 0.4785276073619632 0.13574660633484162 0.10429447852760736
19 0.5950226244343891 0.4869631901840491 0.10407239819004525 0.09049079754601227
18 0.6142533936651584 0.6894171779141104 0.09728506787330317 0.06901840490797546
10 0.31221719457013575 0.11042944785276074 0.11312217194570136 0.0736196319018405
28 0.2907239819004525 0.9585889570552147 0.07013574660633484 0.05521472392638037
29 0.8868778280542986 0.2308282208588957 0.1085972850678733 0.08128834355828221
25 0.4920814479638009 0.5506134969325154 0.07918552036199095 0.03374233128834356
