33 0.19683257918552036 0.7714723926380368 0.167420814479638 0.13190184049079753
33 0.7963800904977375 0.7714723926380368 0.167420814479638 0.13190184049079753
33 0.18665158371040724 0.21088957055214724 0.1244343891402715 0.11503067484662577
33 0.7861990950226244 0.21088957055214724 0.1244343891402715 0.11503067484662577
33 0.501131221719457 0.11809815950920245 0.18778280542986425 0.1687116564417178
33 0.48868778280542985 0.8788343558282209 0.16289592760180996 0.147239263803681
5 0.19570135746606335 0.09969325153374232 0.0746606334841629 0.03680981595092025
18 0.3925339366515837 0.6464723926380368 0.09728506787330317 0.06901840490797546
3 0.6753393665158371 0.549079754601227 0.05203619909502263 0.06134969325153374
17 0.19683257918552036 0.5306748466257669 0.08144796380090498 0.046012269938650305
24 0.6018099547511312 0.7193251533742331 0.12217194570135746 0.0950920245398773
