33 0.19683257918552036 0.7714723926380368 0.167420814479638 0.13190184049079753
33 0.7963800904977375 0.7714723926380368 0.167420814479638 0.13190184049079753
33 0.18665158371040724 0.21088957055214724 0.1244343891402715 0.11503067484662577
33 0.7861990950226244 0.21088957055214724 0.1244343891402715 0.11503067484662577
33 0.501131221719457 0.11809815950920245 0.18778280542986425 0.1687116564417178
33 0.48868778280542985 0.8788343558282209 0.16289592760180996 0.147239263803681
18 0.4626696832579186 0.5866564417177914 0.083710407239819 0.05674846625766871
2 0.16402714932126697 0.07208588957055215 0.0746606334841629 0.08895705521472393
13 0.505656108597285 0.3696319018404908 0.083710407239819 0.06748466257668712
9 0.7070135746606335 0.5245398773006135 0.16968325791855204 0.1196319018404908
28 0.49434389140271495 0.691717791411043 0.07013574660633484 0.05521472392638037
29 0.06108597285067873 0.32745398773006135 0.1085972850678733 0.08128834355828221
