33 0.19683257918552036 0.7714723926380368 0.167420814479638 0.13190184049079753
33 0.7963800904977375 0.7714723926380368 0.167420814479638 0.13190184049079753
33 0.18665158371040724 0.21088957055214724 0.1244343891402715 0.11503067484662577
33 0.7861990950226244 0.21088957055214724 0.1244343891402715 0.11503067484662577
33 0.501131221719457 0.11809815950920245 0.18778280542986425 0.1687116564417178
33 0.48868778280542985 0.8788343558282209 0.16289592760180996 0.147239263803681
21 0.6018099547511312 0.6779141104294478 0.058823529411764705 0.05521472392638037
1 0.8031674208144797 0.6802147239263804 0.09049773755656108 0.06595092024539877
16 0.9604072398190046 0.6802147239263804 0.04751131221719457 0.03834355828220859
3 0.6493212669683258 0.6441717791411042 0.058823529411764705 0.06134969325153374
5 0.38235294117647056 0.5168711656441718 0.06787330316742081 0.049079754601226995
12 0.35294117647058826 0.08282208588957055 0.09502262443438914 0.07668711656441718
23 0.755656108597285 0.6288343558282209 0.1493212669683258 0.08895705521472393
31 0.5260180995475113 0.3312883435582822 0.06561085972850679 0.024539877300613498
