33 0.19683257918552036 0.7714723926380368 0.167420814479638 0.13190184049079753
33 0.7963800904977375 0.7714723926380368 0.167420814479638 0.13190184049079753
33 0.18665158371040724 0.21088957055214724 0.1244343891402715 0.11503067484662577
33 0.7861990950226244 0.21088957055214724 0.1244343891402715 0.11503067484662577
33 0.501131221719457 0.11809815950920245 0.18778280542986425 0.1687116564417178
33 0.48868778280542985 0.8788343558282209 0.16289592760180996 0.147239263803681
18 0.47398190045248867 0.713957055214724 0.09728506787330317 0.06901840490797546
23 0.6470588235294118 0.6380368098159509 0.1493212669683258 0.08895705521472393
6 0.06334841628959276 0.29524539877300615 0.04524886877828054 0.03834355828220859
1 0.5882352941176471 0.5191717791411042 0.09049773755656108 0.06595092024539877
13 0.667420814479638 0.6901840490797546 0.06787330316742081 0.049079754601226995
7 0.5904977375565611 0.35276073619631904 0.16289592760180996 0.10122699386503067
17 0.6538461538461539 0.6924846625766872 0.07239819004524888 0.04754601226993865
31 0.25904977375565613 0.6081288343558282 0.1244343891402715 0.023006134969325152
