33 0.19683257918552036 0.7714723926380368 0.167420814479638 0.13190184049079753
33 0.7963800904977375 0.7714723926380368 0.167420814479638 0.13190184049079753
33 0.18665158371040724 0.21088957055214724 0.1244343891402715 0.11503067484662577
33 0.7861990950226244 0.21088957055214724 0.1244343891402715 0.11503067484662577
33 0.501131221719457 0.11809815950920245 0.18778280542986425 0.1687116564417178
33 0.48868778280542985 0.8788343558282209 0.16289592760180996 0.147239263803681
19 0.5090497737556561 0.42714723926380366 0.10407239819004525 0.09049079754601227
32 0.2398190045248869 0.5897239263803681 0.03167420814479638 0.023006134969325152
29 0.14705882352941177 0.6694785276073619 0.1085972850678733 0.08128834355828221
25 0.20701357466063347 0.7653374233128835 0.07918552036199095 0.03374233128834356
29 0.7319004524886877 0.4869631901840491 0.10180995475113122 0.05368098159509203
