33 0.19683257918552036 0.7714723926380368 0.167420814479638 0.13190184049079753
33 0.7963800904977375 0.7714723926380368 0.167420814479638 0.13190184049079753
33 0.18665158371040724 0.21088957055214724 0.1244343891402715 0.11503067484662577
33 0.7861990950226244 0.21088957055214724 0.1244343891402715 0.11503067484662577
33 0.501131221719457 0.11809815950920245 0.18778280542986425 0.1687116564417178
33 0.48868778280542985 0.8788343558282209 0.16289592760180996 0.147239263803681
20 0.8382352941176471 0.6779141104294478 0.0746606334841629 0.06134969325153374
10 0.505656108597285 0.5513803680981595 0.11085972850678733 0.07515337423312883
13 0.3665158371040724 0.5184049079754601 0.09502262443438914 0.049079754601226995
9 0.7262443438914027 0.6219325153374233 0.167420814479638 0.11809815950920245
15 0.9457013574660633 0.5099693251533742 0.05429864253393665 0.07208588957055215
29 0.5418552036199095 0.8680981595092024 0.083710407239819 0.08895705521472393
25 0.2658371040723982 0.9815950920245399 0.07918552036199095 0.03374233128834356
