33 0.19683257918552036 0.7714723926380368 0.167420814479638 0.13190184049079753
33 0.7963800904977375 0.7714723926380368 0.167420814479638 0.13190184049079753
33 0.18665158371040724 0.21088957055214724 0.1244343891402715 0.11503067484662577
33 0.7861990950226244 0.21088957055214724 0.1244343891402715 0.11503067484662577
33 0.501131221719457 0.11809815950920245 0.18778280542986425 0.1687116564417178
33 0.48868778280542985 0.8788343558282209 0.16289592760180996 0.147239263803681
14 0.13009049773755657 0.5789877300613497 0.09728506787330317 0.07208588957055215
12 0.3076923076923077 0.5383435582822086 0.09502262443438914 0.07668711656441718
5 0.5927601809954751 0.4447852760736196 0.06787330316742081 0.049079754601226995
19 0.5927601809954751 0.24923312883435583 0.10407239819004525 0.09049079754601227
24 0.3891402714932127 0.6380368098159509 0.12217194570135746 0.0950920245398773
20 0.5554298642533937 0.5544478527607362 0.042986425339366516 0.05674846625766871
18 0.0667420814479638 0.49309815950920244 0.083710407239819 0.05674846625766871
13 0.8484162895927602 0.5690184049079755 0.09502262443438914 0.049079754601226995
25 0.5 0.5138036809815951 0.03167420814479638 0.03067484662576687
28 0.09276018099547512 0.5345092024539877 0.058823529411764705 0.05061349693251534
29 0.7794117647058824 0.6549079754601227 0.083710407239819 0.08895705521472393
31 0.04411764705882353 0.588957055214724 0.06561085972850679 0.024539877300613498
