33 0.19683257918552036 0.7714723926380368 0.167420814479638 0.13190184049079753
33 0.7963800904977375 0.7714723926380368 0.167420814479638 0.13190184049079753
33 0.18665158371040724 0.21088957055214724 0.1244343891402715 0.11503067484662577
33 0.7861990950226244 0.21088957055214724 0.1244343891402715 0.11503067484662577
33 0.501131221719457 0.11809815950920245 0.18778280542986425 0.1687116564417178
33 0.48868778280542985 0.8788343558282209 0.16289592760180996 0.147239263803681
9 0.8122171945701357 0.5575153374233128 0.167420814479638 0.11809815950920245
19 0.6085972850678733 0.5835889570552147 0.10407239819004525 0.09049079754601227
20 0.4581447963800905 0.2714723926380368 0.05203619909502263 0.06134969325153374
18 0.8608597285067874 0.5176380368098159 0.10180995475113122 0.0598159509202454
21 0.7070135746606335 0.6464723926380368 0.07918552036199095 0.05061349693251534
13 0.5475113122171946 0.6809815950920245 0.09502262443438914 0.049079754601226995
0 0.4852941176470588 0.7561349693251533 0.07013574660633484 0.049079754601226995
15 0.05656108597285068 0.629601226993865 0.09502262443438914 0.0598159509202454
1 0.6798642533936652 0.4187116564417178 0.05656108597285068 0.06134969325153374
21 0.2748868778280543 0.5452453987730062 0.04751131221719457 0.05368098159509203
25 0.9570135746606335 0.4854294478527607 0.08597285067873303 0.04447852760736196
