33 0.19683257918552036 0.7714723926380368 0.167420814479638 0.13190184049079753
33 0.7963800904977375 0.7714723926380368 0.167420814479638 0.13190184049079753
33 0.18665158371040724 0.21088957055214724 0.1244343891402715 0.11503067484662577
33 0.7861990950226244 0.21088957055214724 0.1244343891402715 0.11503067484662577
33 0.501131221719457 0.11809815950920245 0.18778280542986425 0.1687116564417178
33 0.48868778280542985 0.8788343558282209 0.16289592760180996 0.147239263803681
8 0.10294117647058823 0.43328220858895705 0.05203619909502263 0.04141104294478527
13 0.5599547511312217 0.299079754601227 0.083710407239819 0.06748466257668712
10 0.6233031674208145 0.7292944785276073 0.07918552036199095 0.07208588957055215
6 0.1832579185520362 0.08282208588957055 0.058823529411764705 0.03067484662576687
