33 0.19683257918552036 0.7714723926380368 0.167420814479638 0.13190184049079753
33 0.7963800904977375 0.7714723926380368 0.167420814479638 0.13190184049079753
33 0.18665158371040724 0.21088957055214724 0.1244343891402715 0.11503067484662577
33 0.7861990950226244 0.21088957055214724 0.1244343891402715 0.11503067484662577
33 0.501131221719457 0.11809815950920245 0.18778280542986425 0.1687116564417178
33 0.48868778280542985 0.8788343558282209 0.16289592760180996 0.147239263803681
21 0.5090497737556561 0.45858895705521474 0.058823529411764705 0.05521472392638037
1 0.5565610859728507 0.7124233128834356 0.09502262443438914 0.06595092024539877
16 0.5656108597285068 0.49693251533742333 0.03167420814479638 0.03067484662576687
13 0.4095022624434389 0.4616564417177914 0.06787330316742081 0.049079754601226995
8 0.5113122171945701 0.38726993865030673 0.06334841628959276 0.05368098159509203
14 0.05542986425339366 0.17714723926380369 0.09728506787330317 0.07208588957055215
5 0.1165158371040724 0.032208588957055216 0.0746606334841629 0.03680981595092025
30 0.13009049773755657 0.6226993865030674 0.1244343891402715 0.024539877300613498
29 0.20701357466063347 0.9256134969325154 0.10180995475113122 0.05368098159509203
