33 0.19683257918552036 0.7714723926380368 0.167420814479638 0.13190184049079753
33 0.7963800904977375 0.7714723926380368 0.167420814479638 0.13190184049079753
33 0.18665158371040724 0.21088957055214724 0.1244343891402715 0.11503067484662577
33 0.7861990950226244 0.21088957055214724 0.1244343891402715 0.11503067484662577
33 0.501131221719457 0.11809815950920245 0.18778280542986425 0.1687116564417178
33 0.48868778280542985 0.8788343558282209 0.16289592760180996 0.147239263803681
17 0.083710407239819 0.7691717791411042 0.06787330316742081 0.05061349693251534
12 0.48868778280542985 0.5253067484662577 0.13574660633484162 0.07515337423312883
4 0.7228506787330317 0.6050613496932515 0.11990950226244344 0.09355828220858896
21 0.6504524886877828 0.2737730061349693 0.04751131221719457 0.05368098159509203
9 0.8936651583710408 0.5943251533742331 0.167420814479638 0.11809815950920245
6 0.416289592760181 0.4401840490797546 0.058823529411764705 0.03067484662576687
11 0.6470588235294118 0.3473926380368098 0.12669683257918551 0.14570552147239263
19 0.5384615384615384 0.3351226993865031 0.10407239819004525 0.08742331288343558
24 0.23529411764705882 0.4785276073619632 0.12217194570135746 0.0950920245398773
1 0.5938914027149321 0.3343558282208589 0.05656108597285068 0.06134969325153374
