33 0.19683257918552036 0.7714723926380368 0.167420814479638 0.13190184049079753
33 0.7963800904977375 0.7714723926380368 0.167420814479638 0.13190184049079753
33 0.18665158371040724 0.21088957055214724 0.1244343891402715 0.11503067484662577
33 0.7861990950226244 0.21088957055214724 0.1244343891402715 0.11503067484662577
33 0.501131221719457 0.11809815950920245 0.18778280542986425 0.1687116564417178
33 0.48868778280542985 0.8788343558282209 0.16289592760180996 0.147239263803681
12 0.5158371040723982 0.34202453987730064 0.09502262443438914 0.07668711656441718
20 0.6481900452488688 0.22929447852760737 0.042986425339366516 0.05674846625766871
22 0.12669683257918551 0.4815950920245399 0.13122171945701358 0.13190184049079753
3 0.7194570135746606 0.6165644171779141 0.049773755656108594 0.05521472392638037
30 0.42194570135746606 0.2476993865030675 0.06561085972850679 0.02607361963190184
25 0.13914027149321267 0.21242331288343558 0.0746606334841629 0.029141104294478526
25 0.2579185520361991 0.75 0.03167420814479638 0.03067484662576687
29 0.6210407239819005 0.46932515337423314 0.083710407239819 0.08895705521472393
