33 0.19683257918552036 0.7714723926380368 0.167420814479638 0.13190184049079753
33 0.7963800904977375 0.7714723926380368 0.167420814479638 0.13190184049079753
33 0.18665158371040724 0.21088957055214724 0.1244343891402715 0.11503067484662577
33 0.7861990950226244 0.21088957055214724 0.1244343891402715 0.11503067484662577
33 0.501131221719457 0.11809815950920245 0.18778280542986425 0.1687116564417178
33 0.48868778280542985 0.8788343558282209 0.16289592760180996 0.147239263803681
5 0.21040723981900453 0.5797546012269938 0.06787330316742081 0.049079754601226995
6 0.581447963800905 0.46319018404907975 0.058823529411764705 0.03067484662576687
3 0.5871040723981901 0.5674846625766872 0.05203619909502263 0.06441717791411043
18 0.6934389140271493 0.5958588957055214 0.09728506787330317 0.06901840490797546
26 0.45361990950226244 0.4026073619631902 0.1425339366515837 0.07208588957055215
29 0.35180995475113125 0.22085889570552147 0.08823529411764706 0.06441717791411043
25 0.830316742081448 0.08742331288343558 0.03167420814479638 0.03067484662576687
27 0.7194570135746606 0.49846625766871167 0.10407239819004525 0.0705521472392638
