33 0.19683257918552036 0.7714723926380368 0.167420814479638 0.13190184049079753
33 0.7963800904977375 0.7714723926380368 0.167420814479638 0.13190184049079753
33 0.18665158371040724 0.21088957055214724 0.1244343891402715 0.11503067484662577
33 0.7861990950226244 0.21088957055214724 0.1244343891402715 0.11503067484662577
33 0.501131221719457 0.11809815950920245 0.18778280542986425 0.1687116564417178
33 0.48868778280542985 0.8788343558282209 0.16289592760180996 0.147239263803681
0 0.8868778280542986 0.5881901840490797 0.049773755656108594 0.04754601226993865
23 0.19796380090497737 0.5820552147239264 0.1334841628959276 0.10276073619631902
7 0.9276018099547512 0.651840490797546 0.13574660633484162 0.10429447852760736
25 0.3834841628959276 0.74079754601227 0.07918552036199095 0.03374233128834356
26 0.5226244343891403 0.276840490797546 0.13122171945701358 0.09662576687116564
