33 0.19683257918552036 0.7714723926380368 0.167420814479638 0.13190184049079753
33 0.7963800904977375 0.7714723926380368 0.167420814479638 0.13190184049079753
33 0.18665158371040724 0.21088957055214724 0.1244343891402715 0.11503067484662577
33 0.7861990950226244 0.21088957055214724 0.1244343891402715 0.11503067484662577
33 0.501131221719457 0.11809815950920245 0.18778280542986425 0.1687116564417178
33 0.48868778280542985 0.8788343558282209 0.16289592760180996 0.147239263803681
17 0.09954751131221719 0.629601226993865 0.08144796380090498 0.05674846625766871
3 0.05429864253393665 0.08282208588957055 0.049773755656108594 0.05521472392638037
22 0.6561085972850679 0.593558282208589 0.13122171945701358 0.13190184049079753
6 0.31447963800904977 0.5176380368098159 0.04524886877828054 0.03834355828220859
0 0.049773755656108594 0.5076687116564417 0.07692307692307693 0.046012269938650305
19 0.3054298642533937 0.05138036809815951 0.10407239819004525 0.08742331288343558
16 0.2341628959276018 0.5943251533742331 0.038461538461538464 0.029141104294478526
21 0.7341628959276018 0.678680981595092 0.04751131221719457 0.05368098159509203
14 0.05090497737556561 0.9317484662576687 0.09728506787330317 0.07208588957055215
30 0.6391402714932126 0.14033742331288343 0.06561085972850679 0.02607361963190184
32 0.753393665158371 0.7569018404907976 0.03167420814479638 0.023006134969325152
28 0.4083710407239819 0.727760736196319 0.06108597285067873 0.05368098159509203
