33 0.19683257918552036 0.7714723926380368 0.167420814479638 0.13190184049079753
33 0.7963800904977375 0.7714723926380368 0.167420814479638 0.13190184049079753
33 0.18665158371040724 0.21088957055214724 0.1244343891402715 0.11503067484662577
33 0.7861990950226244 0.21088957055214724 0.1244343891402715 0.11503067484662577
33 0.501131221719457 0.11809815950920245 0.18778280542986425 0.1687116564417178
33 0.48868778280542985 0.8788343558282209 0.16289592760180996 0.147239263803681
19 0.5904977375565611 0.4700920245398773 0.10407239819004525 0.08742331288343558
7 0.09276018099547512 0.5920245398773006 0.167420814479638 0.09815950920245399
13 0.6199095022624435 0.25 0.09502262443438914 0.049079754601226995
27 0.3167420814479638 0.23542944785276074 0.09954751131221719 0.06595092024539877
26 0.6504524886877828 0.2093558282208589 0.1425339366515837 0.07208588957055215
25 0.9457013574660633 0.6380368098159509 0.03167420814479638 0.03067484662576687
32 0.04072398190045249 0.17714723926380369 0.03167420814479638 0.023006134969325152
