33 0.19683257918552036 0.7714723926380368 0.167420814479638 0.13190184049079753
33 0.7963800904977375 0.7714723926380368 0.167420814479638 0.13190184049079753
33 0.18665158371040724 0.21088957055214724 0.1244343891402715 0.11503067484662577
33 0.7861990950226244 0.21088957055214724 0.1244343891402715 0.11503067484662577
33 0.501131221719457 0.11809815950920245 0.18778280542986425 0.1687116564417178
33 0.48868778280542985 0.8788343558282209 0.16289592760180996 0.147239263803681
10 0.4411764705882353 0.5145705521472392 0.10407239819004525 0.07515337423312883
23 0.7262443438914027 0.5214723926380368 0.1493212669683258 0.08895705521472393
11 0.6380090497737556 0.3918711656441718 0.12669683257918551 0.14570552147239263
5 0.6821266968325792 0.5567484662576687 0.0746606334841629 0.03680981595092025
22 0.5271493212669683 0.5015337423312883 0.13122171945701358 0.13190184049079753
27 0.5339366515837104 0.6656441717791411 0.10407239819004525 0.0705521472392638
32 0.48642533936651583 0.49309815950920244 0.03167420814479638 0.023006134969325152
