33 0.19683257918552036 0.7714723926380368 0.167420814479638 0.13190184049079753
33 0.7963800904977375 0.7714723926380368 0.167420814479638 0.13190184049079753
33 0.18665158371040724 0.21088957055214724 0.1244343891402715 0.11503067484662577
33 0.7861990950226244 0.21088957055214724 0.1244343891402715 0.11503067484662577
33 0.501131221719457 0.11809815950920245 0.18778280542986425 0.1687116564417178
33 0.48868778280542985 0.8788343558282209 0.16289592760180996 0.147239263803681
18 0.24547511312217193 0.4854294478527607 0.09728506787330317 0.06901840490797546
22 0.5859728506787331 0.2898773006134969 0.13122171945701358 0.13190184049079753
0 0.6889140271493213 0.3911042944785276 0.05656108597285068 0.05828220858895705
16 0.5147058823529411 0.27837423312883436 0.038461538461538464 0.029141104294478526
12 0.5 0.5567484662576687 0.09502262443438914 0.07668711656441718
8 0.13687782805429866 0.032975460122699383 0.04751131221719457 0.04754601226993865
7 0.31108597285067874 0.588957055214724 0.11085972850678733 0.11042944785276074
4 0.06900452488687783 0.06748466257668712 0.11085972850678733 0.08895705521472393
5 0.5101809954751131 0.3205521472392638 0.0746606334841629 0.03680981595092025
11 0.5656108597285068 0.6388036809815951 0.12669683257918551 0.14570552147239263
29 0.415158371040724 0.6303680981595092 0.083710407239819 0.08895705521472393
31 0.6549773755656109 0.911042944785276 0.06561085972850679 0.024539877300613498
26 0.6425339366515838 0.8642638036809815 0.13122171945701358 0.09662576687116564
