33 0.19683257918552036 0.7714723926380368 0.167420814479638 0.13190184049079753
33 0.7963800904977375 0.7714723926380368 0.167420814479638 0.13190184049079753
33 0.18665158371040724 0.21088957055214724 0.1244343891402715 0.11503067484662577
33 0.7861990950226244 0.21088957055214724 0.1244343891402715 0.11503067484662577
33 0.501131221719457 0.11809815950920245 0.18778280542986425 0.1687116564417178
33 0.48868778280542985 0.8788343558282209 0.16289592760180996 0.147239263803681
3 0.8404977375565611 0.6403374233128835 0.05203619909502263 0.0843558282208589
5 0.7884615384615384 0.4647239263803681 0.0746606334841629 0.03680981595092025
17 0.09615384615384616 0.07745398773006135 0.07013574660633484 0.04754601226993865
22 0.3506787330316742 0.6104294478527608 0.13122171945701358 0.13190184049079753
4 0.07805429864253394 0.4723926380368098 0.11085972850678733 0.08895705521472393
18 0.8880090497737556 0.6188650306748467 0.083710407239819 0.05674846625766871
25 0.25452488687782804 0.46088957055214724 0.0746606334841629 0.029141104294478526
27 0.6945701357466063 0.36579754601226994 0.10407239819004525 0.07208588957055215
29 0.505656108597285 0.34355828220858897 0.08823529411764706 0.06441717791411043
26 0.2918552036199095 0.3565950920245399 0.13122171945701358 0.09662576687116564
