33 0.19683257918552036 0.7714723926380368 0.167420814479638 0.13190184049079753
33 0.7963800904977375 0.7714723926380368 0.167420814479638 0.13190184049079753
33 0.18665158371040724 0.21088957055214724 0.1244343891402715 0.11503067484662577
33 0.7861990950226244 0.21088957055214724 0.1244343891402715 0.11503067484662577
33 0.501131221719457 0.11809815950920245 0.18778280542986425 0.1687116564417178
33 0.48868778280542985 0.8788343558282209 0.16289592760180996 0.147239263803681
3 0.6764705882352942 0.3665644171779141 0.058823529411764705 0.06134969325153374
13 0.5859728506787331 0.553680981595092 0.09502262443438914 0.049079754601226995
12 0.7760180995475113 0.6664110429447853 0.06787330316742081 0.07822085889570553
11 0.7104072398190046 0.536042944785276 0.12669683257918551 0.14570552147239263
24 0.5904977375565611 0.3266871165644172 0.12217194570135746 0.0950920245398773
14 0.7228506787330317 0.5176380368098159 0.09728506787330317 0.07208588957055215
18 0.754524886877828 0.8397239263803681 0.09728506787330317 0.06901840490797546
6 0.32805429864253394 0.575920245398773 0.04524886877828054 0.03834355828220859
32 0.24660633484162897 0.01303680981595092 0.03167420814479638 0.023006134969325152
25 0.19796380090497737 0.7292944785276073 0.0746606334841629 0.029141104294478526
27 0.5135746606334841 0.571319018404908 0.09954751131221719 0.06595092024539877
29 0.7726244343891403 0.9355828220858896 0.08823529411764706 0.06441717791411043
