33 0.19683257918552036 0.7714723926380368 0.167420814479638 0.13190184049079753
33 0.7963800904977375 0.7714723926380368 0.167420814479638 0.13190184049079753
33 0.18665158371040724 0.21088957055214724 0.1244343891402715 0.11503067484662577
33 0.7861990950226244 0.21088957055214724 0.1244343891402715 0.11503067484662577
33 0.501131221719457 0.11809815950920245 0.18778280542986425 0.1687116564417178
33 0.48868778280542985 0.8788343558282209 0.16289592760180996 0.147239263803681
8 0.9468325791855203 0.678680981595092 0.04751131221719457 0.04754601226993865
7 0.30995475113122173 0.6503067484662577 0.167420814479638 0.09815950920245399
11 0.8212669683257918 0.5897239263803681 0.12669683257918551 0.14570552147239263
19 0.6561085972850679 0.5881901840490797 0.10407239819004525 0.09049079754601227
24 0.7737556561085973 0.5966257668711656 0.12217194570135746 0.0950920245398773
1 0.915158371040724 0.6618098159509203 0.083710407239819 0.05061349693251534
18 0.580316742081448 0.4317484662576687 0.09728506787330317 0.06901840490797546
12 0.3178733031674208 0.5237730061349694 0.1334841628959276 0.07515337423312883
6 0.8665158371040724 0.6188650306748467 0.04524886877828054 0.03834355828220859
9 0.09954751131221719 0.6096625766871165 0.167420814479638 0.11809815950920245
