33 0.19683257918552036 0.7714723926380368 0.167420814479638 0.13190184049079753
33 0.7963800904977375 0.7714723926380368 0.167420814479638 0.13190184049079753
33 0.18665158371040724 0.21088957055214724 0.1244343891402715 0.11503067484662577
33 0.7861990950226244 0.21088957055214724 0.1244343891402715 0.11503067484662577
33 0.501131221719457 0.11809815950920245 0.18778280542986425 0.1687116564417178
33 0.48868778280542985 0.8788343558282209 0.16289592760180996 0.147239263803681
8 0.45475113122171945 0.40567484662576686 0.06334841628959276 0.05368098159509203
7 0.5486425339366516 0.39723926380368096 0.11085972850678733 0.11042944785276074
24 0.3393665158371041 0.09049079754601227 0.12217194570135746 0.0950920245398773
12 0.5475113122171946 0.6449386503067485 0.13574660633484162 0.07515337423312883
0 0.8167420814479638 0.5237730061349694 0.058823529411764705 0.05674846625766871
