33 0.19683257918552036 0.7714723926380368 0.167420814479638 0.13190184049079753
33 0.7963800904977375 0.7714723926380368 0.167420814479638 0.13190184049079753
33 0.18665158371040724 0.21088957055214724 0.1244343891402715 0.11503067484662577
33 0.7861990950226244 0.21088957055214724 0.1244343891402715 0.11503067484662577
33 0.501131221719457 0.11809815950920245 0.18778280542986425 0.1687116564417178
33 0.48868778280542985 0.8788343558282209 0.16289592760180996 0.147239263803681
7 0.6289592760180995 0.7116564417177914 0.167420814479638 0.09815950920245399
4 0.06221719457013575 0.4624233128834356 0.11990950226244344 0.09662576687116564
24 0.8506787330316742 0.5751533742331288 0.12217194570135746 0.0950920245398773
21 0.27941176470588236 0.5023006134969326 0.04751131221719457 0.05368098159509203
17 0.830316742081448 0.6127300613496932 0.08144796380090498 0.05674846625766871
12 0.5859728506787331 0.6081288343558282 0.06787330316742081 0.07822085889570553
20 0.08936651583710407 0.9593558282208589 0.042986425339366516 0.05674846625766871
5 0.45588235294117646 0.450920245398773 0.0746606334841629 0.03680981595092025
3 0.18552036199095023 0.6134969325153374 0.058823529411764705 0.06134969325153374
23 0.31334841628959276 0.6625766871165644 0.1425339366515837 0.07975460122699386
27 0.7669683257918553 0.11273006134969325 0.09954751131221719 0.06595092024539877
26 0.29638009049773756 0.370398773006135 0.13122171945701358 0.09662576687116564
29 0.24660633484162897 0.062116564417177916 0.1085972850678733 0.08128834355828221
25 0.9389140271493213 0.455521472392638 0.03167420814479638 0.03067484662576687
