33 0.19683257918552036 0.7714723926380368 0.167420814479638 0.13190184049079753
33 0.7963800904977375 0.7714723926380368 0.167420814479638 0.13190184049079753
33 0.18665158371040724 0.21088957055214724 0.1244343891402715 0.11503067484662577
33 0.7861990950226244 0.21088957055214724 0.1244343891402715 0.11503067484662577
33 0.501131221719457 0.11809815950920245 0.18778280542986425 0.1687116564417178
33 0.48868778280542985 0.8788343558282209 0.16289592760180996 0.147239263803681
12 0.8484162895927602 0.46702453987730064 0.13574660633484162 0.07515337423312883
8 0.9287330316742082 0.5605828220858896 0.04751131221719457 0.04754601226993865
21 0.45588235294117646 0.36733128834355827 0.07918552036199095 0.05061349693251534
4 0.7364253393665159 0.6510736196319018 0.11990950226244344 0.09662576687116564
14 0.7873303167420814 0.5820552147239264 0.09502262443438914 0.06901840490797546
10 0.10520361990950226 0.5881901840490797 0.07918552036199095 0.07208588957055215
0 0.04751131221719457 0.8443251533742331 0.05429864253393665 0.05368098159509203
1 0.667420814479638 0.325920245398773 0.09049773755656108 0.06595092024539877
15 0.8416289592760181 0.6817484662576687 0.09502262443438914 0.0598159509202454
22 0.3416289592760181 0.08128834355828221 0.13122171945701358 0.13190184049079753
26 0.7613122171945701 0.6403374233128835 0.1425339366515837 0.07208588957055215
25 0.8540723981900452 0.04984662576687116 0.0746606334841629 0.029141104294478526
