33 0.19683257918552036 0.7714723926380368 0.167420814479638 0.13190184049079753
33 0.7963800904977375 0.7714723926380368 0.167420814479638 0.13190184049079753
33 0.18665158371040724 0.21088957055214724 0.1244343891402715 0.11503067484662577
33 0.7861990950226244 0.21088957055214724 0.1244343891402715 0.11503067484662577
33 0.501131221719457 0.11809815950920245 0.18778280542986425 0.1687116564417178
33 0.48868778280542985 0.8788343558282209 0.16289592760180996 0.147239263803681
2 0.08936651583710407 0.20245398773006135 0.0746606334841629 0.08895705521472393
21 0.829185520361991 0.6004601226993865 0.04751131221719457 0.05368098159509203
17 0.25565610859728505 0.04217791411042945 0.06787330316742081 0.05061349693251534
10 0.7092760180995475 0.6219325153374233 0.07918552036199095 0.07208588957055215
18 0.9128959276018099 0.6710122699386503 0.09728506787330317 0.06901840490797546
4 0.36538461538461536 0.4639570552147239 0.11990950226244344 0.09355828220858896
9 0.3178733031674208 0.6104294478527608 0.16968325791855204 0.1196319018404908
14 0.11990950226244344 0.629601226993865 0.09502262443438914 0.06901840490797546
19 0.07013574660633484 0.04984662576687116 0.10407239819004525 0.09049079754601227
1 0.7070135746606335 0.5345092024539877 0.083710407239819 0.05061349693251534
29 0.6866515837104072 0.7315950920245399 0.08823529411764706 0.06441717791411043
