33 0.19683257918552036 0.7714723926380368 0.167420814479638 0.13190184049079753
33 0.7963800904977375 0.7714723926380368 0.167420814479638 0.13190184049079753
33 0.18665158371040724 0.21088957055214724 0.1244343891402715 0.11503067484662577
33 0.7861990950226244 0.21088957055214724 0.1244343891402715 0.11503067484662577
33 0.501131221719457 0.11809815950920245 0.18778280542986425 0.1687116564417178
33 0.48868778280542985 0.8788343558282209 0.16289592760180996 0.147239263803681
0 0.2907239819004525 0.04294478527607362 0.05656108597285068 0.05828220858895705
6 0.8506787330316742 0.4447852760736196 0.058823529411764705 0.03067484662576687
13 0.2850678733031674 0.6579754601226994 0.09502262443438914 0.049079754601226995
9 0.2149321266968326 0.6526073619631901 0.167420814479638 0.11809815950920245
12 0.14479638009049775 0.5437116564417178 0.08144796380090498 0.1058282208588957
3 0.6764705882352942 0.7515337423312883 0.049773755656108594 0.05521472392638037
24 0.22171945701357465 0.6441717791411042 0.12217194570135746 0.0950920245398773
15 0.36877828054298645 0.5705521472392638 0.05429864253393665 0.09202453987730061
