33 0.19683257918552036 0.7714723926380368 0.167420814479638 0.13190184049079753
33 0.7963800904977375 0.7714723926380368 0.167420814479638 0.13190184049079753
33 0.18665158371040724 0.21088957055214724 0.1244343891402715 0.11503067484662577
33 0.7861990950226244 0.21088957055214724 0.1244343891402715 0.11503067484662577
33 0.501131221719457 0.11809815950920245 0.18778280542986425 0.1687116564417178
33 0.48868778280542985 0.8788343558282209 0.16289592760180996 0.147239263803681
12 0.5927601809954751 0.48849693251533743 0.08144796380090498 0.1058282208588957
17 0.5995475113122172 0.34432515337423314 0.06787330316742081 0.05061349693251534
2 0.5916289592760181 0.6595092024539877 0.0746606334841629 0.08895705521472393
6 0.04524886877828054 0.6894171779141104 0.04524886877828054 0.03834355828220859
31 0.2409502262443439 0.14340490797546013 0.1244343891402715 0.023006134969325152
25 0.21945701357466063 0.4976993865030675 0.08597285067873303 0.04447852760736196
27 0.5090497737556561 0.9455521472392638 0.10407239819004525 0.07208588957055215
27 0.11538461538461539 0.05214723926380368 0.10407239819004525 0.0705521472392638
