33 0.19683257918552036 0.7714723926380368 0.167420814479638 0.13190184049079753
33 0.7963800904977375 0.7714723926380368 0.167420814479638 0.13190184049079753
33 0.18665158371040724 0.21088957055214724 0.1244343891402715 0.11503067484662577
33 0.7861990950226244 0.21088957055214724 0.1244343891402715 0.11503067484662577
33 0.501131221719457 0.11809815950920245 0.18778280542986425 0.1687116564417178
33 0.48868778280542985 0.8788343558282209 0.16289592760180996 0.147239263803681
23 0.22624434389140272 0.6487730061349694 0.1493212669683258 0.08895705521472393
20 0.7929864253393665 0.6648773006134969 0.042986425339366516 0.05674846625766871
16 0.4423076923076923 0.5069018404907976 0.04751131221719457 0.03834355828220859
19 0.1515837104072398 0.05291411042944785 0.10407239819004525 0.08742331288343558
0 0.6391402714932126 0.3266871165644172 0.05656108597285068 0.05828220858895705
8 0.7997737556561086 0.5483128834355828 0.05203619909502263 0.04141104294478527
17 0.5576923076923077 0.49309815950920244 0.07013574660633484 0.04754601226993865
23 0.6527149321266968 0.45858895705521474 0.1425339366515837 0.07975460122699386
4 0.11085972850678733 0.5299079754601227 0.12217194570135746 0.09969325153374232
3 0.4807692307692308 0.6817484662576687 0.06561085972850679 0.05674846625766871
