33 0.19683257918552036 0.7714723926380368 0.167420814479638 0.13190184049079753
33 0.7963800904977375 0.7714723926380368 0.167420814479638 0.13190184049079753
33 0.18665158371040724 0.21088957055214724 0.1244343891402715 0.11503067484662577
33 0.7861990950226244 0.21088957055214724 0.1244343891402715 0.11503067484662577
33 0.501131221719457 0.11809815950920245 0.18778280542986425 0.1687116564417178
33 0.48868778280542985 0.8788343558282209 0.16289592760180996 0.147239263803681
9 0.498868778280543 0.5613496932515337 0.16968325791855204 0.1196319018404908
19 0.8687782805429864 0.4869631901840491 0.10407239819004525 0.08742331288343558
2 0.7624434389140271 0.661042944785276 0.07692307692307693 0.0950920245398773
18 0.9558823529411765 0.5728527607361963 0.083710407239819 0.05674846625766871
25 0.8461538461538461 0.3665644171779141 0.03167420814479638 0.03067484662576687
