33 0.19683257918552036 0.7714723926380368 0.167420814479638 0.13190184049079753
33 0.7963800904977375 0.7714723926380368 0.167420814479638 0.13190184049079753
33 0.18665158371040724 0.21088957055214724 0.1244343891402715 0.11503067484662577
33 0.7861990950226244 0.21088957055214724 0.1244343891402715 0.11503067484662577
33 0.501131221719457 0.11809815950920245 0.18778280542986425 0.1687116564417178
33 0.48868778280542985 0.8788343558282209 0.16289592760180996 0.147239263803681
22 0.11312217194570136 0.07822085889570553 0.13122171945701358 0.13190184049079753
0 0.504524886877828 0.5130368098159509 0.058823529411764705 0.05674846625766871
16 0.45248868778280543 0.7170245398773006 0.05429864253393665 0.0352760736196319
3 0.8631221719457014 0.504601226993865 0.05203619909502263 0.06441717791411043
30 0.2748868778280543 0.39723926380368096 0.1244343891402715 0.024539877300613498
26 0.830316742081448 0.9317484662576687 0.13122171945701358 0.09662576687116564
31 0.5735294117647058 0.6119631901840491 0.06561085972850679 0.024539877300613498
