33 0.19683257918552036 0.7714723926380368 0.167420814479638 0.13190184049079753
33 0.7963800904977375 0.7714723926380368 0.167420814479638 0.13190184049079753
33 0.18665158371040724 0.21088957055214724 0.1244343891402715 0.11503067484662577
33 0.7861990950226244 0.21088957055214724 0.1244343891402715 0.11503067484662577
33 0.501131221719457 0.11809815950920245 0.18778280542986425 0.1687116564417178
33 0.48868778280542985 0.8788343558282209 0.16289592760180996 0.147239263803681
5 0.5520361990950227 0.661042944785276 0.06787330316742081 0.049079754601226995
10 0.747737556561086 0.47776073619631904 0.11085972850678733 0.07515337423312883
20 0.021493212669683258 0.6495398773006135 0.042986425339366516 0.05674846625766871
15 0.7760180995475113 0.6004601226993865 0.05429864253393665 0.06288343558282208
17 0.8031674208144797 0.5452453987730062 0.08144796380090498 0.05674846625766871
3 0.501131221719457 0.6848159509202454 0.05203619909502263 0.0843558282208589
4 0.5509049773755657 0.6104294478527608 0.11085972850678733 0.08895705521472393
1 0.4819004524886878 0.6664110429447853 0.09954751131221719 0.05061349693251534
11 0.6470588235294118 0.37806748466257667 0.12669683257918551 0.14570552147239263
29 0.3223981900452489 0.5168711656441718 0.083710407239819 0.08895705521472393
32 0.7782805429864253 0.9578220858895705 0.03167420814479638 0.023006134969325152
