33 0.19683257918552036 0.7714723926380368 0.167420814479638 0.13190184049079753
33 0.7963800904977375 0.7714723926380368 0.167420814479638 0.13190184049079753
33 0.18665158371040724 0.21088957055214724 0.1244343891402715 0.11503067484662577
33 0.7861990950226244 0.21088957055214724 0.1244343891402715 0.11503067484662577
33 0.501131221719457 0.11809815950920245 0.18778280542986425 0.1687116564417178
33 0.48868778280542985 0.8788343558282209 0.16289592760180996 0.147239263803681
11 0.4230769230769231 0.5559815950920245 0.12669683257918551 0.14570552147239263
16 0.9660633484162896 0.4754601226993865 0.04072398190045249 0.03067484662576687
0 0.8914027149321267 0.5529141104294478 0.058823529411764705 0.05674846625766871
4 0.1414027149321267 0.5429447852760736 0.11085972850678733 0.08895705521472393
10 0.33710407239819007 0.6464723926380368 0.10407239819004525 0.07515337423312883
18 0.1414027149321267 0.5099693251533742 0.083710407239819 0.05674846625766871
21 0.49434389140271495 0.6526073619631901 0.07918552036199095 0.05061349693251534
23 0.4468325791855204 0.4708588957055215 0.1425339366515837 0.07975460122699386
20 0.2160633484162896 0.566717791411043 0.042986425339366516 0.05674846625766871
