33 0.19683257918552036 0.7714723926380368 0.167420814479638 0.13190184049079753
33 0.7963800904977375 0.7714723926380368 0.167420814479638 0.13190184049079753
33 0.18665158371040724 0.21088957055214724 0.1244343891402715 0.11503067484662577
33 0.7861990950226244 0.21088957055214724 0.1244343891402715 0.11503067484662577
33 0.501131221719457 0.11809815950920245 0.18778280542986425 0.1687116564417178
33 0.48868778280542985 0.8788343558282209 0.16289592760180996 0.147239263803681
1 0.05429864253393665 0.2967791411042945 0.09049773755656108 0.06595092024539877
10 0.19117647058823528 0.575920245398773 0.11085972850678733 0.07515337423312883
23 0.6549773755656109 0.6441717791411042 0.1425339366515837 0.07975460122699386
9 0.916289592760181 0.5130368098159509 0.167420814479638 0.11809815950920245
29 0.9309954751131222 0.9248466257668712 0.08823529411764706 0.06441717791411043
31 0.417420814479638 0.6664110429447853 0.1244343891402715 0.023006134969325152
32 0.7828054298642534 0.5329754601226994 0.03167420814479638 0.023006134969325152
27 0.9049773755656109 0.4424846625766871 0.09954751131221719 0.06595092024539877
