33 0.19683257918552036 0.7714723926380368 0.167420814479638 0.13190184049079753
33 0.7963800904977375 0.7714723926380368 0.167420814479638 0.13190184049079753
33 0.18665158371040724 0.21088957055214724 0.1244343891402715 0.11503067484662577
33 0.7861990950226244 0.21088957055214724 0.1244343891402715 0.11503067484662577
33 0.501131221719457 0.11809815950920245 0.18778280542986425 0.1687116564417178
33 0.48868778280542985 0.8788343558282209 0.16289592760180996 0.147239263803681
0 0.06561085972850679 0.8274539877300614 0.05429864253393665 0.05368098159509203
7 0.2986425339366516 0.6457055214723927 0.13574660633484162 0.10429447852760736
24 0.26244343891402716 0.46319018404907975 0.12217194570135746 0.0950920245398773
2 0.07013574660633484 0.07822085889570553 0.07692307692307693 0.0950920245398773
20 0.35180995475113125 0.49079754601226994 0.05203619909502263 0.06134969325153374
11 0.6108597285067874 0.27837423312883436 0.12669683257918551 0.14570552147239263
27 0.2647058823529412 0.5230061349693251 0.10407239819004525 0.0705521472392638
25 0.8744343891402715 0.9562883435582822 0.0746606334841629 0.029141104294478526
30 0.8427601809954751 0.696319018404908 0.1244343891402715 0.024539877300613498
