33 0.19683257918552036 0.7714723926380368 0.167420814479638 0.13190184049079753
33 0.7963800904977375 0.7714723926380368 0.167420814479638 0.13190184049079753
33 0.18665158371040724 0.21088957055214724 0.1244343891402715 0.11503067484662577
33 0.7861990950226244 0.21088957055214724 0.1244343891402715 0.11503067484662577
33 0.501131221719457 0.11809815950920245 0.18778280542986425 0.1687116564417178
33 0.48868778280542985 0.8788343558282209 0.16289592760180996 0.147239263803681
8 0.29298642533936653 0.023773006134969327 0.04751131221719457 0.04754601226993865
6 0.13122171945701358 0.6656441717791411 0.058823529411764705 0.03067484662576687
24 0.6809954751131222 0.5337423312883436 0.12217194570135746 0.0950920245398773
14 0.8665158371040724 0.47162576687116564 0.09502262443438914 0.06901840490797546
20 0.12217194570135746 0.4424846625766871 0.07692307692307693 0.05368098159509203
16 0.11764705882352941 0.5835889570552147 0.049773755656108594 0.04447852760736196
7 0.38009049773755654 0.6533742331288344 0.17647058823529413 0.11042944785276074
23 0.581447963800905 0.602760736196319 0.1493212669683258 0.08895705521472393
4 0.06447963800904978 0.7691717791411042 0.11990950226244344 0.09662576687116564
11 0.2149321266968326 0.5682515337423313 0.12669683257918551 0.14570552147239263
30 0.08484162895927602 0.7246932515337423 0.06561085972850679 0.02607361963190184
