33 0.19683257918552036 0.7714723926380368 0.167420814479638 0.13190184049079753
33 0.7963800904977375 0.7714723926380368 0.167420814479638 0.13190184049079753
33 0.18665158371040724 0.21088957055214724 0.1244343891402715 0.11503067484662577
33 0.7861990950226244 0.21088957055214724 0.1244343891402715 0.11503067484662577
33 0.501131221719457 0.11809815950920245 0.18778280542986425 0.1687116564417178
33 0.48868778280542985 0.8788343558282209 0.16289592760180996 0.147239263803681
10 0.2228506787330317 0.6372699386503068 0.11085972850678733 0.07515337423312883
12 0.4457013574660634 0.6618098159509203 0.06787330316742081 0.07822085889570553
2 0.5622171945701357 0.5322085889570553 0.0746606334841629 0.08895705521472393
14 0.0667420814479638 0.46549079754601225 0.09728506787330317 0.07208588957055215
16 0.9502262443438914 0.6303680981595092 0.03167420814479638 0.03067484662576687
21 0.9015837104072398 0.6817484662576687 0.04751131221719457 0.05368098159509203
11 0.497737556561086 0.6326687116564417 0.12669683257918551 0.14570552147239263
27 0.17194570135746606 0.13113496932515337 0.10407239819004525 0.07208588957055215
32 0.3597285067873303 0.5207055214723927 0.03167420814479638 0.023006134969325152
