33 0.19683257918552036 0.7714723926380368 0.167420814479638 0.13190184049079753
33 0.7963800904977375 0.7714723926380368 0.167420814479638 0.13190184049079753
33 0.18665158371040724 0.21088957055214724 0.1244343891402715 0.11503067484662577
33 0.7861990950226244 0.21088957055214724 0.1244343891402715 0.11503067484662577
33 0.501131221719457 0.11809815950920245 0.18778280542986425 0.1687116564417178
33 0.48868778280542985 0.8788343558282209 0.16289592760180996 0.147239263803681
5 0.6617647058823529 0.7070552147239264 0.0746606334841629 0.03680981595092025
9 0.22171945701357465 0.06978527607361963 0.167420814479638 0.11809815950920245
17 0.08031674208144797 0.4746932515337423 0.07013574660633484 0.04754601226993865
14 0.3190045248868778 0.10199386503067484 0.09502262443438914 0.06901840490797546
2 0.6334841628959276 0.6947852760736196 0.07692307692307693 0.0950920245398773
27 0.5633484162895928 0.7101226993865031 0.10407239819004525 0.0705521472392638
29 0.2907239819004525 0.9355828220858896 0.08823529411764706 0.06441717791411043
