33 0.19683257918552036 0.7714723926380368 0.167420814479638 0.13190184049079753
33 0.7963800904977375 0.7714723926380368 0.167420814479638 0.13190184049079753
33 0.18665158371040724 0.21088957055214724 0.1244343891402715 0.11503067484662577
33 0.7861990950226244 0.21088957055214724 0.1244343891402715 0.11503067484662577
33 0.501131221719457 0.11809815950920245 0.18778280542986425 0.1687116564417178
33 0.48868778280542985 0.8788343558282209 0.16289592760180996 0.147239263803681
14 0.747737556561086 0.5130368098159509 0.09728506787330317 0.07208588957055215
0 0.19117647058823528 0.6042944785276073 0.06108597285067873 0.05214723926380368
20 0.08710407239819004 0.683282208588957 0.042986425339366516 0.05674846625766871
8 0.0746606334841629 0.3366564417177914 0.06334841628959276 0.05368098159509203
3 0.38574660633484165 0.6434049079754601 0.05203619909502263 0.0843558282208589
15 0.5497737556561086 0.276840490797546 0.05429864253393665 0.07208588957055215
2 0.6742081447963801 0.558282208588957 0.07692307692307693 0.0950920245398773
7 0.583710407239819 0.38496932515337423 0.167420814479638 0.09815950920245399
22 0.06787330316742081 0.4340490797546012 0.13122171945701358 0.13190184049079753
25 0.13914027149321267 0.553680981595092 0.07918552036199095 0.03374233128834356
26 0.4253393665158371 0.9440184049079755 0.13122171945701358 0.09662576687116564
32 0.4638009049773756 0.4486196319018405 0.03167420814479638 0.023006134969325152
27 0.7760180995475113 0.8964723926380368 0.09954751131221719 0.06595092024539877
