33 0.19683257918552036 0.7714723926380368 0.167420814479638 0.13190184049079753
33 0.7963800904977375 0.7714723926380368 0.167420814479638 0.13190184049079753
33 0.18665158371040724 0.21088957055214724 0.1244343891402715 0.11503067484662577
33 0.7861990950226244 0.21088957055214724 0.1244343891402715 0.11503067484662577
33 0.501131221719457 0.11809815950920245 0.18778280542986425 0.1687116564417178
33 0.48868778280542985 0.8788343558282209 0.16289592760180996 0.147239263803681
17 0.3201357466063348 0.09662576687116564 0.07918552036199095 0.05214723926380368
20 0.5214932126696833 0.2898773006134969 0.0746606334841629 0.06134969325153374
7 0.6402714932126696 0.2898773006134969 0.13574660633484162 0.10429447852760736
9 0.7997737556561086 0.5414110429447853 0.16968325791855204 0.1196319018404908
24 0.20361990950226244 0.6533742331288344 0.12217194570135746 0.0950920245398773
2 0.09502262443438914 0.450920245398773 0.07692307692307693 0.0950920245398773
14 0.744343891402715 0.5851226993865031 0.09502262443438914 0.06901840490797546
19 0.2986425339366516 0.5544478527607362 0.10407239819004525 0.08742331288343558
4 0.6142533936651584 0.6633435582822086 0.11990950226244344 0.09662576687116564
19 0.2895927601809955 0.5421779141104295 0.10407239819004525 0.08742331288343558
32 0.5248868778280543 0.2200920245398773 0.03167420814479638 0.023006134969325152
28 0.9140271493212669 0.5544478527607362 0.058823529411764705 0.05061349693251534
26 0.08484162895927602 0.4915644171779141 0.1425339366515837 0.07208588957055215
