33 0.19683257918552036 0.7714723926380368 0.167420814479638 0.13190184049079753
33 0.7963800904977375 0.7714723926380368 0.167420814479638 0.13190184049079753
33 0.18665158371040724 0.21088957055214724 0.1244343891402715 0.11503067484662577
33 0.7861990950226244 0.21088957055214724 0.1244343891402715 0.11503067484662577
33 0.501131221719457 0.11809815950920245 0.18778280542986425 0.1687116564417178
33 0.48868778280542985 0.8788343558282209 0.16289592760180996 0.147239263803681
18 0.6640271493212669 0.36119631901840493 0.09728506787330317 0.06901840490797546
6 0.40497737556561086 0.5605828220858896 0.04524886877828054 0.03834355828220859
24 0.6085972850678733 0.38650306748466257 0.12217194570135746 0.0950920245398773
9 0.5418552036199095 0.3726993865030675 0.16968325791855204 0.1196319018404908
22 0.14027149321266968 0.06901840490797546 0.13122171945701358 0.13190184049079753
12 0.5769230769230769 0.5820552147239264 0.08144796380090498 0.1058282208588957
3 0.5893665158371041 0.6081288343558282 0.06561085972850679 0.05674846625766871
16 0.5475113122171946 0.4187116564417178 0.04072398190045249 0.03067484662576687
25 0.18212669683257918 0.7576687116564417 0.07918552036199095 0.03374233128834356
26 0.22850678733031674 0.18634969325153375 0.13122171945701358 0.09662576687116564
28 0.8778280542986425 0.5391104294478528 0.058823529411764705 0.05061349693251534
28 0.6006787330316742 0.8274539877300614 0.06108597285067873 0.05368098159509203
