33 0.19683257918552036 0.7714723926380368 0.167420814479638 0.13190184049079753
33 0.7963800904977375 0.7714723926380368 0.167420814479638 0.13190184049079753
33 0.18665158371040724 0.21088957055214724 0.1244343891402715 0.11503067484662577
33 0.7861990950226244 0.21088957055214724 0.1244343891402715 0.11503067484662577
33 0.501131221719457 0.11809815950920245 0.18778280542986425 0.1687116564417178
33 0.48868778280542985 0.8788343558282209 0.16289592760180996 0.147239263803681
1 0.9592760180995475 0.46549079754601225 0.08144796380090498 0.05674846625766871
7 0.5203619909502263 0.5521472392638037 0.17647058823529413 0.11042944785276074
2 0.083710407239819 0.5628834355828221 0.07692307692307693 0.0950920245398773
21 0.11199095022624435 0.39033742331288346 0.04751131221719457 0.05368098159509203
9 0.5271493212669683 0.2584355828220859 0.167420814479638 0.11809815950920245
12 0.6606334841628959 0.4808282208588957 0.08144796380090498 0.1058282208588957
9 0.16402714932126697 0.495398773006135 0.16968325791855204 0.1196319018404908
23 0.5373303167420814 0.37423312883435583 0.1425339366515837 0.07975460122699386
27 0.6809954751131222 0.3458588957055215 0.09954751131221719 0.06595092024539877
25 0.5452488687782805 0.15567484662576686 0.08597285067873303 0.04447852760736196
26 0.10633484162895927 0.7584355828220859 0.13122171945701358 0.09662576687116564
30 0.6572398190045249 0.4133435582822086 0.06561085972850679 0.02607361963190184
