33 0.19683257918552036 0.7714723926380368 0.167420814479638 0.13190184049079753
33 0.7963800904977375 0.7714723926380368 0.167420814479638 0.13190184049079753
33 0.18665158371040724 0.21088957055214724 0.1244343891402715 0.11503067484662577
33 0.7861990950226244 0.21088957055214724 0.1244343891402715 0.11503067484662577
33 0.501131221719457 0.11809815950920245 0.18778280542986425 0.1687116564417178
33 0.48868778280542985 0.8788343558282209 0.16289592760180996 0.147239263803681
17 0.083710407239819 0.4639570552147239 0.06787330316742081 0.05061349693251534
18 0.17307692307692307 0.054447852760736194 0.10180995475113122 0.0598159509202454
12 0.5214932126696833 0.7569018404907976 0.1334841628959276 0.07515337423312883
9 0.09954751131221719 0.5176380368098159 0.167420814479638 0.11809815950920245
1 0.06221719457013575 0.5897239263803681 0.08823529411764706 0.05674846625766871
20 0.18099547511312217 0.0950920245398773 0.04072398190045249 0.05828220858895705
19 0.6719457013574661 0.25996932515337423 0.10407239819004525 0.08742331288343558
28 0.5418552036199095 0.8075153374233128 0.06108597285067873 0.05368098159509203
26 0.4920814479638009 0.11273006134969325 0.1425339366515837 0.07208588957055215
