33 0.19683257918552036 0.7714723926380368 0.167420814479638 0.13190184049079753
33 0.7963800904977375 0.7714723926380368 0.167420814479638 0.13190184049079753
33 0.18665158371040724 0.21088957055214724 0.1244343891402715 0.11503067484662577
33 0.7861990950226244 0.21088957055214724 0.1244343891402715 0.11503067484662577
33 0.501131221719457 0.11809815950920245 0.18778280542986425 0.1687116564417178
33 0.48868778280542985 0.8788343558282209 0.16289592760180996 0.147239263803681
4 0.7918552036199095 0.6510736196319018 0.12217194570135746 0.09969325153374232
6 0.04072398190045249 0.11196319018404909 0.058823529411764705 0.03067484662576687
9 0.5735294117647058 0.4263803680981595 0.16968325791855204 0.1196319018404908
22 0.1832579185520362 0.6395705521472392 0.13122171945701358 0.13190184049079753
11 0.8665158371040724 0.5789877300613497 0.12669683257918551 0.14570552147239263
21 0.0746606334841629 0.4401840490797546 0.058823529411764705 0.05521472392638037
5 0.048642533936651584 0.2714723926380368 0.0746606334841629 0.03680981595092025
8 0.8371040723981901 0.6863496932515337 0.06334841628959276 0.05368098159509203
2 0.28054298642533937 0.6334355828220859 0.07692307692307693 0.0950920245398773
30 0.8042986425339367 0.20168711656441718 0.06561085972850679 0.02607361963190184
32 0.6561085972850679 0.6219325153374233 0.03167420814479638 0.023006134969325152
