33 0.19683257918552036 0.7714723926380368 0.167420814479638 0.13190184049079753
33 0.7963800904977375 0.7714723926380368 0.167420814479638 0.13190184049079753
33 0.18665158371040724 0.21088957055214724 0.1244343891402715 0.11503067484662577
33 0.7861990950226244 0.21088957055214724 0.1244343891402715 0.11503067484662577
33 0.501131221719457 0.11809815950920245 0.18778280542986425 0.1687116564417178
33 0.48868778280542985 0.8788343558282209 0.16289592760180996 0.147239263803681
2 0.5927601809954751 0.7193251533742331 0.07692307692307693 0.0950920245398773
13 0.1425339366515837 0.06134969325153374 0.06787330316742081 0.049079754601226995
8 0.19796380090497737 0.43941717791411045 0.05203619909502263 0.04141104294478527
1 0.5667420814479638 0.5521472392638037 0.05656108597285068 0.06134969325153374
19 0.19909502262443438 0.6725460122699386 0.10407239819004525 0.09049079754601227
24 0.6199095022624435 0.7208588957055214 0.12217194570135746 0.0950920245398773
9 0.1085972850678733 0.5927914110429447 0.167420814479638 0.11809815950920245
6 0.6266968325791855 0.7292944785276073 0.04524886877828054 0.03834355828220859
31 0.31108597285067874 0.7177914110429447 0.06561085972850679 0.024539877300613498
31 0.5486425339366516 0.3098159509202454 0.06561085972850679 0.024539877300613498
25 0.30995475113122173 0.8803680981595092 0.03167420814479638 0.03067484662576687
32 0.6764705882352942 0.8427914110429447 0.03167420814479638 0.023006134969325152
