33 0.19683257918552036 0.7714723926380368 0.167420814479638 0.13190184049079753
33 0.7963800904977375 0.7714723926380368 0.167420814479638 0.13190184049079753
33 0.18665158371040724 0.21088957055214724 0.1244343891402715 0.11503067484662577
33 0.7861990950226244 0.21088957055214724 0.1244343891402715 0.11503067484662577
33 0.501131221719457 0.11809815950920245 0.18778280542986425 0.1687116564417178
33 0.48868778280542985 0.8788343558282209 0.16289592760180996 0.147239263803681
22 0.832579185520362 0.49079754601226994 0.13122171945701358 0.13190184049079753
21 0.07126696832579185 0.6050613496932515 0.04751131221719457 0.05368098159509203
30 0.417420814479638 0.5644171779141104 0.1244343891402715 0.024539877300613498
32 0.830316742081448 0.0299079754601227 0.03167420814479638 0.023006134969325152
29 0.9513574660633484 0.15644171779141106 0.08823529411764706 0.06441717791411043
25 0.2171945701357466 0.8995398773006135 0.08597285067873303 0.04447852760736196
