33 0.19683257918552036 0.7714723926380368 0.167420814479638 0.13190184049079753
33 0.7963800904977375 0.7714723926380368 0.167420814479638 0.13190184049079753
33 0.18665158371040724 0.21088957055214724 0.1244343891402715 0.11503067484662577
33 0.7861990950226244 0.21088957055214724 0.1244343891402715 0.11503067484662577
33 0.501131221719457 0.11809815950920245 0.18778280542986425 0.1687116564417178
33 0.48868778280542985 0.8788343558282209 0.16289592760180996 0.147239263803681
11 0.6357466063348416 0.6188650306748467 0.12669683257918551 0.14570552147239263
22 0.4276018099547511 0.5260736196319018 0.13122171945701358 0.13190184049079753
15 0.0746606334841629 0.36273006134969327 0.09502262443438914 0.0598159509202454
19 0.6606334841628959 0.4808282208588957 0.10407239819004525 0.08742331288343558
16 0.9083710407239819 0.5521472392638037 0.05656108597285068 0.049079754601226995
24 0.3891402714932127 0.5398773006134969 0.12217194570135746 0.0950920245398773
9 0.3156108597285068 0.6426380368098159 0.16968325791855204 0.1196319018404908
29 0.5599547511312217 0.8458588957055214 0.10180995475113122 0.05368098159509203
32 0.6515837104072398 0.5467791411042945 0.03167420814479638 0.023006134969325152
32 0.45248868778280543 0.6771472392638037 0.03167420814479638 0.023006134969325152
