33 0.19683257918552036 0.7714723926380368 0.167420814479638 0.13190184049079753
33 0.7963800904977375 0.7714723926380368 0.167420814479638 0.13190184049079753
33 0.18665158371040724 0.21088957055214724 0.1244343891402715 0.11503067484662577
33 0.7861990950226244 0.21088957055214724 0.1244343891402715 0.11503067484662577
33 0.501131221719457 0.11809815950920245 0.18778280542986425 0.1687116564417178
33 0.48868778280542985 0.8788343558282209 0.16289592760180996 0.147239263803681
7 0.49095022624434387 0.5782208588957055 0.167420814479638 0.09815950920245399
18 0.4264705882352941 0.6188650306748467 0.09728506787330317 0.06901840490797546
24 0.47737556561085975 0.7269938650306749 0.12217194570135746 0.0950920245398773
26 0.746606334841629 0.5099693251533742 0.13122171945701358 0.09662576687116564
28 0.06221719457013575 0.7300613496932515 0.07013574660633484 0.05521472392638037
