33 0.19683257918552036 0.7714723926380368 0.167420814479638 0.13190184049079753
33 0.7963800904977375 0.7714723926380368 0.167420814479638 0.13190184049079753
33 0.18665158371040724 0.21088957055214724 0.1244343891402715 0.11503067484662577
33 0.7861990950226244 0.21088957055214724 0.1244343891402715 0.11503067484662577
33 0.501131221719457 0.11809815950920245 0.18778280542986425 0.1687116564417178
33 0.48868778280542985 0.8788343558282209 0.16289592760180996 0.147239263803681
10 0.7160633484162896 0.6526073619631901 0.07918552036199095 0.07208588957055215
23 0.20475113122171945 0.5038343558282209 0.1334841628959276 0.10276073619631902
8 0.5916289592760181 0.47776073619631904 0.05203619909502263 0.04141104294478527
5 0.04072398190045249 0.38496932515337423 0.06787330316742081 0.049079754601226995
28 0.8744343891402715 0.5628834355828221 0.07013574660633484 0.05521472392638037
29 0.12217194570135746 0.4348159509202454 0.1085972850678733 0.08128834355828221
27 0.19909502262443438 0.3773006134969325 0.10407239819004525 0.0705521472392638
