33 0.19683257918552036 0.7714723926380368 0.167420814479638 0.13190184049079753
33 0.7963800904977375 0.7714723926380368 0.167420814479638 0.13190184049079753
33 0.18665158371040724 0.21088957055214724 0.1244343891402715 0.11503067484662577
33 0.7861990950226244 0.21088957055214724 0.1244343891402715 0.11503067484662577
33 0.501131221719457 0.11809815950920245 0.18778280542986425 0.1687116564417178
33 0.48868778280542985 0.8788343558282209 0.16289592760180996 0.147239263803681
9 0.833710407239819 0.5291411042944786 0.16968325791855204 0.1196319018404908
24 0.5633484162895928 0.74079754601227 0.12217194570135746 0.0950920245398773
8 0.22058823529411764 0.46855828220858897 0.05203619909502263 0.04141104294478527
23 0.498868778280543 0.7384969325153374 0.1334841628959276 0.10276073619631902
16 0.3167420814479638 0.023773006134969327 0.049773755656108594 0.04447852760736196
