33 0.19683257918552036 0.7714723926380368 0.167420814479638 0.13190184049079753
33 0.7963800904977375 0.7714723926380368 0.167420814479638 0.13190184049079753
33 0.18665158371040724 0.21088957055214724 0.1244343891402715 0.11503067484662577
33 0.7861990950226244 0.21088957055214724 0.1244343891402715 0.11503067484662577
33 0.501131221719457 0.11809815950920245 0.18778280542986425 0.1687116564417178
33 0.48868778280542985 0.8788343558282209 0.16289592760180996 0.147239263803681
15 0.12669683257918551 0.6365030674846626 0.06334841628959276 0.08588957055214724
18 0.8563348416289592 0.4516871165644172 0.083710407239819 0.05674846625766871
17 0.7239819004524887 0.5214723926380368 0.08144796380090498 0.046012269938650305
14 0.5237556561085973 0.6050613496932515 0.09728506787330317 0.07208588957055215
21 0.10972850678733032 0.5176380368098159 0.07918552036199095 0.05061349693251534
