33 0.19683257918552036 0.7714723926380368 0.167420814479638 0.13190184049079753
33 0.7963800904977375 0.7714723926380368 0.167420814479638 0.13190184049079753
33 0.18665158371040724 0.21088957055214724 0.1244343891402715 0.11503067484662577
33 0.7861990950226244 0.21088957055214724 0.1244343891402715 0.11503067484662577
33 0.501131221719457 0.11809815950920245 0.18778280542986425 0.1687116564417178
33 0.48868778280542985 0.8788343558282209 0.16289592760180996 0.147239263803681
3 0.4242081447963801 0.46319018404907975 0.05203619909502263 0.06134969325153374
11 0.39819004524886875 0.5421779141104295 0.12669683257918551 0.14570552147239263
15 0.8280542986425339 0.5789877300613497 0.05429864253393665 0.07208588957055215
21 0.06447963800904978 0.7707055214723927 0.07918552036199095 0.05061349693251534
28 0.10972850678733032 0.9202453987730062 0.07013574660633484 0.05521472392638037
29 0.1323529411764706 0.14263803680981596 0.083710407239819 0.08895705521472393
26 0.5927601809954751 0.2661042944785276 0.13122171945701358 0.09662576687116564
