33 0.19683257918552036 0.7714723926380368 0.167420814479638 0.13190184049079753
33 0.7963800904977375 0.7714723926380368 0.167420814479638 0.13190184049079753
33 0.18665158371040724 0.21088957055214724 0.1244343891402715 0.11503067484662577
33 0.7861990950226244 0.21088957055214724 0.1244343891402715 0.11503067484662577
33 0.501131221719457 0.11809815950920245 0.18778280542986425 0.1687116564417178
33 0.48868778280542985 0.8788343558282209 0.16289592760180996 0.147239263803681
0 0.6357466063348416 0.2584355828220859 0.049773755656108594 0.04754601226993865
21 0.13574660633484162 0.05061349693251534 0.058823529411764705 0.05521472392638037
15 0.06334841628959276 0.4256134969325153 0.05429864253393665 0.06288343558282208
22 0.6561085972850679 0.3098159509202454 0.13122171945701358 0.13190184049079753
5 0.6176470588235294 0.7331288343558282 0.06787330316742081 0.049079754601226995
6 0.5407239819004525 0.4210122699386503 0.04524886877828054 0.03834355828220859
3 0.7115384615384616 0.629601226993865 0.05203619909502263 0.05368098159509203
12 0.5067873303167421 0.46088957055214724 0.13574660633484162 0.07515337423312883
1 0.9355203619909502 0.6188650306748467 0.08823529411764706 0.05674846625766871
32 0.3031674208144796 0.4946319018404908 0.03167420814479638 0.023006134969325152
25 0.16968325791855204 0.8335889570552147 0.08597285067873303 0.04447852760736196
31 0.17081447963800905 0.7753067484662577 0.1244343891402715 0.023006134969325152
