33 0.19683257918552036 0.7714723926380368 0.167420814479638 0.13190184049079753
33 0.7963800904977375 0.7714723926380368 0.167420814479638 0.13190184049079753
33 0.18665158371040724 0.21088957055214724 0.1244343891402715 0.11503067484662577
33 0.7861990950226244 0.21088957055214724 0.1244343891402715 0.11503067484662577
33 0.501131221719457 0.11809815950920245 0.18778280542986425 0.1687116564417178
33 0.48868778280542985 0.8788343558282209 0.16289592760180996 0.147239263803681
24 0.5927601809954751 0.48773006134969327 0.12217194570135746 0.0950920245398773
10 0.6538461538461539 0.5437116564417178 0.10407239819004525 0.07515337423312883
12 0.503393665158371 0.5069018404907976 0.1334841628959276 0.07515337423312883
7 0.6289592760180995 0.6871165644171779 0.167420814479638 0.09815950920245399
1 0.29411764705882354 0.6081288343558282 0.09954751131221719 0.05061349693251534
18 0.666289592760181 0.42714723926380366 0.083710407239819 0.05674846625766871
3 0.49095022624434387 0.43558282208588955 0.058823529411764705 0.06134969325153374
25 0.06787330316742081 0.691717791411043 0.03167420814479638 0.03067484662576687
