33 0.19683257918552036 0.7714723926380368 0.167420814479638 0.13190184049079753
33 0.7963800904977375 0.7714723926380368 0.167420814479638 0.13190184049079753
33 0.18665158371040724 0.21088957055214724 0.1244343891402715 0.11503067484662577
33 0.7861990950226244 0.21088957055214724 0.1244343891402715 0.11503067484662577
33 0.501131221719457 0.11809815950920245 0.18778280542986425 0.1687116564417178
33 0.48868778280542985 0.8788343558282209 0.16289592760180996 0.147239263803681
24 0.4796380090497738 0.3558282208588957 0.12217194570135746 0.0950920245398773
18 0.20248868778280543 0.03144171779141104 0.10180995475113122 0.0598159509202454
6 0.8393665158371041 0.6510736196319018 0.04524886877828054 0.03834355828220859
32 0.6289592760180995 0.6495398773006135 0.03167420814479638 0.023006134969325152
26 0.19004524886877827 0.3243865030674847 0.13122171945701358 0.09662576687116564
