33 0.19683257918552036 0.7714723926380368 0.167420814479638 0.13190184049079753
33 0.7963800904977375 0.7714723926380368 0.167420814479638 0.13190184049079753
33 0.18665158371040724 0.21088957055214724 0.1244343891402715 0.11503067484662577
33 0.7861990950226244 0.21088957055214724 0.1244343891402715 0.11503067484662577
33 0.501131221719457 0.11809815950920245 0.18778280542986425 0.1687116564417178
33 0.48868778280542985 0.8788343558282209 0.16289592760180996 0.147239263803681
14 0.0746606334841629 0.3473926380368098 0.09502262443438914 0.06901840490797546
10 0.8529411764705882 0.6127300613496932 0.10407239819004525 0.07515337423312883
5 0.667420814479638 0.2929447852760736 0.06787330316742081 0.049079754601226995
12 0.08823529411764706 0.5130368098159509 0.06787330316742081 0.07822085889570553
8 0.45588235294117646 0.6602760736196319 0.05203619909502263 0.04141104294478527
7 0.41855203619909503 0.47699386503067487 0.13574660633484162 0.10429447852760736
18 0.5350678733031674 0.625 0.10180995475113122 0.0598159509202454
32 0.3190045248868778 0.2200920245398773 0.03167420814479638 0.023006134969325152
27 0.6515837104072398 0.86579754601227 0.09954751131221719 0.06595092024539877
