33 0.19683257918552036 0.7714723926380368 0.167420814479638 0.13190184049079753
33 0.7963800904977375 0.7714723926380368 0.167420814479638 0.13190184049079753
33 0.18665158371040724 0.21088957055214724 0.1244343891402715 0.11503067484662577
33 0.7861990950226244 0.21088957055214724 0.1244343891402715 0.11503067484662577
33 0.501131221719457 0.11809815950920245 0.18778280542986425 0.1687116564417178
33 0.48868778280542985 0.8788343558282209 0.16289592760180996 0.147239263803681
20 0.6312217194570136 0.6840490797546013 0.04072398190045249 0.05828220858895705
9 0.5486425339366516 0.3834355828220859 0.16968325791855204 0.1196319018404908
14 0.48981900452488686 0.379601226993865 0.09728506787330317 0.07208588957055215
3 0.02828054298642534 0.9585889570552147 0.05203619909502263 0.06441717791411043
11 0.7692307692307693 0.7093558282208589 0.12669683257918551 0.14570552147239263
18 0.7975113122171946 0.5283742331288344 0.083710407239819 0.05674846625766871
