33 0.19683257918552036 0.7714723926380368 0.167420814479638 0.13190184049079753
33 0.7963800904977375 0.7714723926380368 0.167420814479638 0.13190184049079753
33 0.18665158371040724 0.21088957055214724 0.1244343891402715 0.11503067484662577
33 0.7861990950226244 0.21088957055214724 0.1244343891402715 0.11503067484662577
33 0.501131221719457 0.11809815950920245 0.18778280542986425 0.1687116564417178
33 0.48868778280542985 0.8788343558282209 0.16289592760180996 0.147239263803681
13 0.3665158371040724 0.6855828220858896 0.06787330316742081 0.049079754601226995
21 0.6866515837104072 0.6434049079754601 0.07918552036199095 0.05061349693251534
19 0.6289592760180995 0.28911042944785276 0.10407239819004525 0.08742331288343558
26 0.4604072398190045 0.3243865030674847 0.1425339366515837 0.07208588957055215
