33 0.19683257918552036 0.7714723926380368 0.167420814479638 0.13190184049079753
33 0.7963800904977375 0.7714723926380368 0.167420814479638 0.13190184049079753
33 0.18665158371040724 0.21088957055214724 0.1244343891402715 0.11503067484662577
33 0.7861990950226244 0.21088957055214724 0.1244343891402715 0.11503067484662577
33 0.501131221719457 0.11809815950920245 0.18778280542986425 0.1687116564417178
33 0.48868778280542985 0.8788343558282209 0.16289592760180996 0.147239263803681
12 0.3269230769230769 0.5375766871165644 0.1334841628959276 0.07515337423312883
11 0.9004524886877828 0.5897239263803681 0.12669683257918551 0.14570552147239263
23 0.5723981900452488 0.4616564417177914 0.1493212669683258 0.08895705521472393
17 0.12330316742081449 0.44401840490797545 0.07013574660633484 0.04754601226993865
3 0.3936651583710407 0.450920245398773 0.049773755656108594 0.05521472392638037
15 0.4796380090497738 0.6196319018404908 0.06334841628959276 0.08588957055214724
32 0.502262443438914 0.4148773006134969 0.03167420814479638 0.023006134969325152
