33 0.19683257918552036 0.7714723926380368 0.167420814479638 0.13190184049079753
33 0.7963800904977375 0.7714723926380368 0.167420814479638 0.13190184049079753
33 0.18665158371040724 0.21088957055214724 0.1244343891402715 0.11503067484662577
33 0.7861990950226244 0.21088957055214724 0.1244343891402715 0.11503067484662577
33 0.501131221719457 0.11809815950920245 0.18778280542986425 0.1687116564417178
33 0.48868778280542985 0.8788343558282209 0.16289592760180996 0.147239263803681
23 0.22963800904977374 0.5828220858895705 0.1425339366515837 0.07975460122699386
22 0.8959276018099548 0.5 0.13122171945701358 0.13190184049079753
8 0.48981900452488686 0.3044478527607362 0.05203619909502263 0.04141104294478527
12 0.5678733031674208 0.575920245398773 0.08144796380090498 0.1058282208588957
28 0.40384615384615385 0.7661042944785276 0.06108597285067873 0.05368098159509203
27 0.2895927601809955 0.2684049079754601 0.10407239819004525 0.0705521472392638
25 0.5486425339366516 0.8052147239263804 0.07918552036199095 0.03374233128834356
