33 0.19683257918552036 0.7714723926380368 0.167420814479638 0.13190184049079753
33 0.7963800904977375 0.7714723926380368 0.167420814479638 0.13190184049079753
33 0.18665158371040724 0.21088957055214724 0.1244343891402715 0.11503067484662577
33 0.7861990950226244 0.21088957055214724 0.1244343891402715 0.11503067484662577
33 0.501131221719457 0.11809815950920245 0.18778280542986425 0.1687116564417178
33 0.48868778280542985 0.8788343558282209 0.16289592760180996 0.147239263803681
20 0.4343891402714932 0.4854294478527607 0.07692307692307693 0.05368098159509203
16 0.918552036199095 0.6986196319018405 0.05429864253393665 0.0352760736196319
6 0.049773755656108594 0.7791411042944786 0.058823529411764705 0.03067484662576687
25 0.13800904977375567 0.06134969325153374 0.03167420814479638 0.03067484662576687
26 0.915158371040724 0.24309815950920247 0.1425339366515837 0.07208588957055215
32 0.583710407239819 0.7062883435582822 0.03167420814479638 0.023006134969325152
