33 0.19683257918552036 0.7714723926380368 0.167420814479638 0.13190184049079753
33 0.7963800904977375 0.7714723926380368 0.167420814479638 0.13190184049079753
33 0.18665158371040724 0.21088957055214724 0.1244343891402715 0.11503067484662577
33 0.7861990950226244 0.21088957055214724 0.1244343891402715 0.11503067484662577
33 0.501131221719457 0.11809815950920245 0.18778280542986425 0.1687116564417178
33 0.48868778280542985 0.8788343558282209 0.16289592760180996 0.147239263803681
17 0.2420814479638009 0.02607361963190184 0.08597285067873303 0.049079754601226995
10 0.8212669683257918 0.6756134969325154 0.10407239819004525 0.07515337423312883
4 0.6210407239819005 0.48773006134969327 0.11085972850678733 0.08895705521472393
22 0.4411764705882353 0.7269938650306749 0.13122171945701358 0.13190184049079753
7 0.4819004524886878 0.6579754601226994 0.16289592760180996 0.10122699386503067
14 0.7782805429864253 0.6173312883435583 0.09502262443438914 0.06901840490797546
16 0.20361990950226244 0.43941717791411045 0.05429864253393665 0.0352760736196319
31 0.5282805429864253 0.6633435582822086 0.1244343891402715 0.023006134969325152
