33 0.19683257918552036 0.7714723926380368 0.167420814479638 0.13190184049079753
33 0.7963800904977375 0.7714723926380368 0.167420814479638 0.13190184049079753
33 0.18665158371040724 0.21088957055214724 0.1244343891402715 0.11503067484662577
33 0.7861990950226244 0.21088957055214724 0.1244343891402715 0.11503067484662577
33 0.501131221719457 0.11809815950920245 0.18778280542986425 0.1687116564417178
33 0.48868778280542985 0.8788343558282209 0.16289592760180996 0.147239263803681
0 0.08823529411764706 0.8550613496932515 0.05429864253393665 0.05368098159509203
20 0.7432126696832579 0.4785276073619632 0.0746606334841629 0.06134969325153374
22 0.49547511312217196 0.7285276073619632 0.13122171945701358 0.13190184049079753
8 0.5124434389140271 0.3458588957055215 0.05203619909502263 0.04141104294478527
32 0.6085972850678733 0.08665644171779141 0.03167420814479638 0.023006134969325152
29 0.7567873303167421 0.26993865030674846 0.083710407239819 0.08895705521472393
32 0.8846153846153846 0.28144171779141103 0.03167420814479638 0.023006134969325152
