33 0.19683257918552036 0.7714723926380368 0.167420814479638 0.13190184049079753
33 0.7963800904977375 0.7714723926380368 0.167420814479638 0.13190184049079753
33 0.18665158371040724 0.21088957055214724 0.1244343891402715 0.11503067484662577
33 0.7861990950226244 0.21088957055214724 0.1244343891402715 0.11503067484662577
33 0.501131221719457 0.11809815950920245 0.18778280542986425 0.1687116564417178
33 0.48868778280542985 0.8788343558282209 0.16289592760180996 0.147239263803681
4 0.9128959276018099 0.5575153374233128 0.11990950226244344 0.09355828220858896
0 0.9468325791855203 0.6487730061349694 0.07013574660633484 0.049079754601226995
9 0.5667420814479638 0.6395705521472392 0.16968325791855204 0.1196319018404908
6 0.5950226244343891 0.7016871165644172 0.04524886877828054 0.03834355828220859
5 0.5305429864253394 0.7116564417177914 0.0746606334841629 0.03680981595092025
10 0.38461538461538464 0.549079754601227 0.11312217194570136 0.0736196319018405
16 0.32918552036199095 0.5107361963190185 0.05656108597285068 0.049079754601226995
29 0.252262443438914 0.16104294478527606 0.08823529411764706 0.06441717791411043
30 0.3404977375565611 0.588957055214724 0.1244343891402715 0.024539877300613498
32 0.6855203619909502 0.8995398773006135 0.03167420814479638 0.023006134969325152
