33 0.19683257918552036 0.7714723926380368 0.167420814479638 0.13190184049079753
33 0.7963800904977375 0.7714723926380368 0.167420814479638 0.13190184049079753
33 0.18665158371040724 0.21088957055214724 0.1244343891402715 0.11503067484662577
33 0.7861990950226244 0.21088957055214724 0.1244343891402715 0.11503067484662577
33 0.501131221719457 0.11809815950920245 0.18778280542986425 0.1687116564417178
33 0.48868778280542985 0.8788343558282209 0.16289592760180996 0.147239263803681
24 0.5226244343891403 0.5184049079754601 0.12217194570135746 0.0950920245398773
20 0.042986425339366516 0.4808282208588957 0.07692307692307693 0.05368098159509203
28 0.6798642533936652 0.6165644171779141 0.07013574660633484 0.05521472392638037
28 0.6323529411764706 0.27223926380368096 0.06108597285067873 0.05368098159509203
26 0.8031674208144797 0.3934049079754601 0.13122171945701358 0.09662576687116564
30 0.5622171945701357 0.4470858895705521 0.06561085972850679 0.02607361963190184
