33 0.19683257918552036 0.7714723926380368 0.167420814479638 0.13190184049079753
33 0.7963800904977375 0.7714723926380368 0.167420814479638 0.13190184049079753
33 0.18665158371040724 0.21088957055214724 0.1244343891402715 0.11503067484662577
33 0.7861990950226244 0.21088957055214724 0.1244343891402715 0.11503067484662577
33 0.501131221719457 0.11809815950920245 0.18778280542986425 0.1687116564417178
33 0.48868778280542985 0.8788343558282209 0.16289592760180996 0.147239263803681
12 0.29638009049773756 0.5345092024539877 0.06787330316742081 0.07822085889570553
32 0.8144796380090498 0.2860429447852761 0.03167420814479638 0.023006134969325152
29 0.5984162895927602 0.6073619631901841 0.083710407239819 0.08895705521472393
28 0.8076923076923077 0.37193251533742333 0.058823529411764705 0.05061349693251534
26 0.29298642533936653 0.4026073619631902 0.1425339366515837 0.07208588957055215
