33 0.19683257918552036 0.7714723926380368 0.167420814479638 0.13190184049079753
33 0.7963800904977375 0.7714723926380368 0.167420814479638 0.13190184049079753
33 0.18665158371040724 0.21088957055214724 0.1244343891402715 0.11503067484662577
33 0.7861990950226244 0.21088957055214724 0.1244343891402715 0.11503067484662577
33 0.501131221719457 0.11809815950920245 0.18778280542986425 0.1687116564417178
33 0.48868778280542985 0.8788343558282209 0.16289592760180996 0.147239263803681
21 0.4445701357466063 0.6111963190184049 0.07918552036199095 0.05061349693251534
18 0.2703619909502262 0.04984662576687116 0.09728506787330317 0.06901840490797546
9 0.22058823529411764 0.5276073619631901 0.16968325791855204 0.1196319018404908
14 0.5180995475113123 0.4516871165644172 0.09502262443438914 0.06901840490797546
2 0.08710407239819004 0.6595092024539877 0.0746606334841629 0.08895705521472393
11 0.6470588235294118 0.28911042944785276 0.12669683257918551 0.14570552147239263
0 0.09502262443438914 0.6388036809815951 0.05429864253393665 0.05368098159509203
15 0.5972850678733032 0.2776073619631902 0.06334841628959276 0.08588957055214724
3 0.5916289592760181 0.522239263803681 0.06561085972850679 0.05674846625766871
8 0.747737556561086 0.5421779141104295 0.04751131221719457 0.04754601226993865
25 0.8167420814479638 0.5191717791411042 0.08597285067873303 0.04447852760736196
28 0.6221719457013575 0.3427914110429448 0.058823529411764705 0.05061349693251534
