33 0.19683257918552036 0.7714723926380368 0.167420814479638 0.13190184049079753
33 0.7963800904977375 0.7714723926380368 0.167420814479638 0.13190184049079753
33 0.18665158371040724 0.21088957055214724 0.1244343891402715 0.11503067484662577
33 0.7861990950226244 0.21088957055214724 0.1244343891402715 0.11503067484662577
33 0.501131221719457 0.11809815950920245 0.18778280542986425 0.1687116564417178
33 0.48868778280542985 0.8788343558282209 0.16289592760180996 0.147239263803681
15 0.497737556561086 0.2523006134969325 0.09502262443438914 0.0598159509202454
13 0.13009049773755657 0.06288343558282208 0.083710407239819 0.06748466257668712
6 0.1085972850678733 0.5659509202453987 0.058823529411764705 0.03067484662576687
8 0.05203619909502263 0.22929447852760737 0.06334841628959276 0.05368098159509203
6 0.13574660633484162 0.10506134969325154 0.04524886877828054 0.03834355828220859
17 0.4852941176470588 0.45245398773006135 0.07918552036199095 0.05214723926380368
15 0.5090497737556561 0.4723926380368098 0.05429864253393665 0.09202453987730061
11 0.42081447963800905 0.6280674846625767 0.12669683257918551 0.14570552147239263
24 0.3733031674208145 0.495398773006135 0.12217194570135746 0.0950920245398773
1 0.15271493212669685 0.48773006134969327 0.05656108597285068 0.06134969325153374
28 0.36312217194570134 0.26226993865030673 0.07013574660633484 0.05521472392638037
29 0.7680995475113123 0.1058282208588957 0.08823529411764706 0.06441717791411043
