33 0.19683257918552036 0.7714723926380368 0.167420814479638 0.13190184049079753
33 0.7963800904977375 0.7714723926380368 0.167420814479638 0.13190184049079753
33 0.18665158371040724 0.21088957055214724 0.1244343891402715 0.11503067484662577
33 0.7861990950226244 0.21088957055214724 0.1244343891402715 0.11503067484662577
33 0.501131221719457 0.11809815950920245 0.18778280542986425 0.1687116564417178
33 0.48868778280542985 0.8788343558282209 0.16289592760180996 0.147239263803681
11 0.2330316742081448 0.6434049079754601 0.12669683257918551 0.14570552147239263
15 0.4502262443438914 0.2338957055214724 0.05429864253393665 0.06288343558282208
9 0.2839366515837104 0.598159509202454 0.16968325791855204 0.1196319018404908
16 0.49434389140271495 0.3366564417177914 0.04751131221719457 0.03834355828220859
0 0.22963800904977374 0.6380368098159509 0.05656108597285068 0.05828220858895705
8 0.04411764705882353 0.9010736196319018 0.05203619909502263 0.04141104294478527
24 0.832579185520362 0.5352760736196319 0.12217194570135746 0.0950920245398773
21 0.41855203619909503 0.6717791411042945 0.058823529411764705 0.05521472392638037
25 0.8823529411764706 0.48619631901840493 0.03167420814479638 0.03067484662576687
30 0.9015837104072398 0.5766871165644172 0.1244343891402715 0.024539877300613498
25 0.745475113122172 0.44785276073619634 0.07918552036199095 0.03374233128834356
32 0.8167420814479638 0.5191717791411042 0.03167420814479638 0.023006134969325152
