33 0.19683257918552036 0.7714723926380368 0.167420814479638 0.13190184049079753
33 0.7963800904977375 0.7714723926380368 0.167420814479638 0.13190184049079753
33 0.18665158371040724 0.21088957055214724 0.1244343891402715 0.11503067484662577
33 0.7861990950226244 0.21088957055214724 0.1244343891402715 0.11503067484662577
33 0.501131221719457 0.11809815950920245 0.18778280542986425 0.1687116564417178
33 0.48868778280542985 0.8788343558282209 0.16289592760180996 0.147239263803681
2 0.08597285067873303 0.2898773006134969 0.07692307692307693 0.0950920245398773
3 0.48868778280542985 0.36809815950920244 0.058823529411764705 0.06134969325153374
22 0.5361990950226244 0.3174846625766871 0.13122171945701358 0.13190184049079753
5 0.6515837104072398 0.75 0.06787330316742081 0.049079754601226995
7 0.17420814479638008 0.6349693251533742 0.17647058823529413 0.11042944785276074
27 0.16515837104072398 0.5636503067484663 0.10407239819004525 0.07208588957055215
28 0.9604072398190046 0.7093558282208589 0.06108597285067873 0.05368098159509203
25 0.26131221719457015 0.21012269938650308 0.07918552036199095 0.03374233128834356
