33 0.19683257918552036 0.7714723926380368 0.167420814479638 0.13190184049079753
33 0.7963800904977375 0.7714723926380368 0.167420814479638 0.13190184049079753
33 0.18665158371040724 0.21088957055214724 0.1244343891402715 0.11503067484662577
33 0.7861990950226244 0.21088957055214724 0.1244343891402715 0.11503067484662577
33 0.501131221719457 0.11809815950920245 0.18778280542986425 0.1687116564417178
33 0.48868778280542985 0.8788343558282209 0.16289592760180996 0.147239263803681
11 0.6312217194570136 0.5912576687116564 0.12669683257918551 0.14570552147239263
6 0.8144796380090498 0.5797546012269938 0.058823529411764705 0.03067484662576687
3 0.3563348416289593 0.5214723926380368 0.05203619909502263 0.06441717791411043
13 0.7782805429864253 0.6242331288343558 0.09502262443438914 0.049079754601226995
7 0.5361990950226244 0.3512269938650307 0.167420814479638 0.09815950920245399
12 0.03619909502262444 0.3351226993865031 0.06787330316742081 0.07822085889570553
31 0.7975113122171946 0.424079754601227 0.1244343891402715 0.023006134969325152
30 0.2816742081447964 0.15184049079754602 0.1244343891402715 0.024539877300613498
32 0.9728506787330317 0.27837423312883436 0.03167420814479638 0.023006134969325152
27 0.11764705882352941 0.39263803680981596 0.10407239819004525 0.0705521472392638
