33 0.19683257918552036 0.7714723926380368 0.167420814479638 0.13190184049079753
33 0.7963800904977375 0.7714723926380368 0.167420814479638 0.13190184049079753
33 0.18665158371040724 0.21088957055214724 0.1244343891402715 0.11503067484662577
33 0.7861990950226244 0.21088957055214724 0.1244343891402715 0.11503067484662577
33 0.501131221719457 0.11809815950920245 0.18778280542986425 0.1687116564417178
33 0.48868778280542985 0.8788343558282209 0.16289592760180996 0.147239263803681
2 0.7771493212669683 0.5460122699386503 0.0746606334841629 0.08895705521472393
8 0.670814479638009 0.6940184049079755 0.04751131221719457 0.04754601226993865
20 0.9762443438914027 0.6311349693251533 0.042986425339366516 0.05674846625766871
11 0.8076923076923077 0.6127300613496932 0.12669683257918551 0.14570552147239263
0 0.06900452488687783 0.1687116564417178 0.06108597285067873 0.05214723926380368
24 0.8144796380090498 0.48466257668711654 0.12217194570135746 0.0950920245398773
7 0.4920814479638009 0.38496932515337423 0.11085972850678733 0.11042944785276074
14 0.3925339366515837 0.5851226993865031 0.09728506787330317 0.07208588957055215
22 0.38687782805429866 0.558282208588957 0.13122171945701358 0.13190184049079753
13 0.5542986425339367 0.24386503067484663 0.06787330316742081 0.049079754601226995
30 0.3065610859728507 0.48006134969325154 0.1244343891402715 0.024539877300613498
29 0.3902714932126697 0.7983128834355828 0.10180995475113122 0.05368098159509203
32 0.04072398190045249 0.04524539877300614 0.03167420814479638 0.023006134969325152
