33 0.19683257918552036 0.7714723926380368 0.167420814479638 0.13190184049079753
33 0.7963800904977375 0.7714723926380368 0.167420814479638 0.13190184049079753
33 0.18665158371040724 0.21088957055214724 0.1244343891402715 0.11503067484662577
33 0.7861990950226244 0.21088957055214724 0.1244343891402715 0.11503067484662577
33 0.501131221719457 0.11809815950920245 0.18778280542986425 0.1687116564417178
33 0.48868778280542985 0.8788343558282209 0.16289592760180996 0.147239263803681
8 0.5644796380090498 0.32131901840490795 0.04751131221719457 0.04754601226993865
14 0.5769230769230769 0.25076687116564417 0.09502262443438914 0.06901840490797546
6 0.579185520361991 0.3159509202453988 0.058823529411764705 0.03067484662576687
3 0.2703619909502262 0.46319018404907975 0.05203619909502263 0.06441717791411043
10 0.8506787330316742 0.46702453987730064 0.10407239819004525 0.07515337423312883
17 0.27941176470588236 0.11733128834355828 0.07013574660633484 0.04754601226993865
15 0.6832579185520362 0.5851226993865031 0.09502262443438914 0.0598159509202454
11 0.6809954751131222 0.5835889570552147 0.12669683257918551 0.14570552147239263
12 0.6040723981900452 0.5207055214723927 0.08144796380090498 0.1058282208588957
16 0.5667420814479638 0.7062883435582822 0.04751131221719457 0.03834355828220859
28 0.7828054298642534 0.7461656441717791 0.058823529411764705 0.05061349693251534
