33 0.19683257918552036 0.7714723926380368 0.167420814479638 0.13190184049079753
33 0.7963800904977375 0.7714723926380368 0.167420814479638 0.13190184049079753
33 0.18665158371040724 0.21088957055214724 0.1244343891402715 0.11503067484662577
33 0.7861990950226244 0.21088957055214724 0.1244343891402715 0.11503067484662577
33 0.501131221719457 0.11809815950920245 0.18778280542986425 0.1687116564417178
33 0.48868778280542985 0.8788343558282209 0.16289592760180996 0.147239263803681
24 0.6470588235294118 0.48619631901840493 0.12217194570135746 0.0950920245398773
2 0.6131221719457014 0.38650306748466257 0.07692307692307693 0.0950920245398773
17 0.504524886877828 0.7216257668711656 0.08144796380090498 0.0598159509202454
1 0.5282805429864253 0.3052147239263804 0.05656108597285068 0.06134969325153374
4 0.09049773755656108 0.08665644171779141 0.12217194570135746 0.09969325153374232
