33 0.19683257918552036 0.7714723926380368 0.167420814479638 0.13190184049079753
33 0.7963800904977375 0.7714723926380368 0.167420814479638 0.13190184049079753
33 0.18665158371040724 0.21088957055214724 0.1244343891402715 0.11503067484662577
33 0.7861990950226244 0.21088957055214724 0.1244343891402715 0.11503067484662577
33 0.501131221719457 0.11809815950920245 0.18778280542986425 0.1687116564417178
33 0.48868778280542985 0.8788343558282209 0.16289592760180996 0.147239263803681
19 0.2918552036199095 0.5881901840490797 0.10407239819004525 0.09049079754601227
18 0.3065610859728507 0.6449386503067485 0.10180995475113122 0.0598159509202454
6 0.251131221719457 0.5782208588957055 0.058823529411764705 0.03067484662576687
21 0.5893665158371041 0.4593558282208589 0.07918552036199095 0.05061349693251534
27 0.14027149321266968 0.375 0.09954751131221719 0.06595092024539877
29 0.9445701357466063 0.19171779141104295 0.083710407239819 0.08895705521472393
