33 0.19683257918552036 0.7714723926380368 0.167420814479638 0.13190184049079753
33 0.7963800904977375 0.7714723926380368 0.167420814479638 0.13190184049079753
33 0.18665158371040724 0.21088957055214724 0.1244343891402715 0.11503067484662577
33 0.7861990950226244 0.21088957055214724 0.1244343891402715 0.11503067484662577
33 0.501131221719457 0.11809815950920245 0.18778280542986425 0.1687116564417178
33 0.48868778280542985 0.8788343558282209 0.16289592760180996 0.147239263803681
22 0.6289592760180995 0.5368098159509203 0.13122171945701358 0.13190184049079753
12 0.36199095022624433 0.0789877300613497 0.06787330316742081 0.07822085889570553
30 0.34502262443438914 0.620398773006135 0.06561085972850679 0.02607361963190184
25 0.06221719457013575 0.8711656441717791 0.07918552036199095 0.03374233128834356
28 0.7002262443438914 0.36579754601226994 0.06108597285067873 0.05368098159509203
