33 0.19683257918552036 0.7714723926380368 0.167420814479638 0.13190184049079753
33 0.7963800904977375 0.7714723926380368 0.167420814479638 0.13190184049079753
33 0.18665158371040724 0.21088957055214724 0.1244343891402715 0.11503067484662577
33 0.7861990950226244 0.21088957055214724 0.1244343891402715 0.11503067484662577
33 0.501131221719457 0.11809815950920245 0.18778280542986425 0.1687116564417178
33 0.48868778280542985 0.8788343558282209 0.16289592760180996 0.147239263803681
18 0.5282805429864253 0.6526073619631901 0.09728506787330317 0.06901840490797546
13 0.07239819004524888 0.656441717791411 0.06787330316742081 0.049079754601226995
5 0.47850678733031676 0.4049079754601227 0.0746606334841629 0.03680981595092025
0 0.08823529411764706 0.7776073619631901 0.07692307692307693 0.046012269938650305
10 0.057692307692307696 0.8059815950920245 0.11085972850678733 0.07515337423312883
9 0.49095022624434387 0.3121165644171779 0.167420814479638 0.11809815950920245
21 0.06900452488687783 0.375 0.07918552036199095 0.05061349693251534
31 0.6210407239819005 0.20552147239263804 0.06561085972850679 0.024539877300613498
32 0.09502262443438914 0.47929447852760737 0.03167420814479638 0.023006134969325152
