33 0.19683257918552036 0.7714723926380368 0.167420814479638 0.13190184049079753
33 0.7963800904977375 0.7714723926380368 0.167420814479638 0.13190184049079753
33 0.18665158371040724 0.21088957055214724 0.1244343891402715 0.11503067484662577
33 0.7861990950226244 0.21088957055214724 0.1244343891402715 0.11503067484662577
33 0.501131221719457 0.11809815950920245 0.18778280542986425 0.1687116564417178
33 0.48868778280542985 0.8788343558282209 0.16289592760180996 0.147239263803681
20 0.6210407239819005 0.7108895705521472 0.042986425339366516 0.05674846625766871
17 0.45475113122171945 0.7331288343558282 0.08597285067873303 0.049079754601226995
5 0.6809954751131222 0.6380368098159509 0.06787330316742081 0.049079754601226995
13 0.2081447963800905 0.49079754601226994 0.09502262443438914 0.049079754601226995
18 0.7658371040723982 0.5191717791411042 0.10180995475113122 0.0598159509202454
22 0.35294117647058826 0.6319018404907976 0.13122171945701358 0.13190184049079753
0 0.5180995475113123 0.5529141104294478 0.05429864253393665 0.05368098159509203
21 0.10972850678733032 0.25996932515337423 0.04751131221719457 0.05368098159509203
1 0.6787330316742082 0.5897239263803681 0.08144796380090498 0.05674846625766871
8 0.07126696832579185 0.7062883435582822 0.05203619909502263 0.04141104294478527
28 0.7703619909502263 0.1165644171779141 0.07013574660633484 0.05521472392638037
27 0.8619909502262444 0.8151840490797546 0.10407239819004525 0.07208588957055215
29 0.9264705882352942 0.5161042944785276 0.10180995475113122 0.05368098159509203
