33 0.19683257918552036 0.7714723926380368 0.167420814479638 0.13190184049079753
33 0.7963800904977375 0.7714723926380368 0.167420814479638 0.13190184049079753
33 0.18665158371040724 0.21088957055214724 0.1244343891402715 0.11503067484662577
33 0.7861990950226244 0.21088957055214724 0.1244343891402715 0.11503067484662577
33 0.501131221719457 0.11809815950920245 0.18778280542986425 0.1687116564417178
33 0.48868778280542985 0.8788343558282209 0.16289592760180996 0.147239263803681
12 0.8099547511312217 0.4708588957055215 0.09502262443438914 0.07668711656441718
0 0.6504524886877828 0.700920245398773 0.07013574660633484 0.049079754601226995
2 0.2895927601809955 0.5552147239263804 0.07692307692307693 0.0950920245398773
8 0.053167420814479636 0.06978527607361963 0.05203619909502263 0.04141104294478527
24 0.8868778280542986 0.5061349693251533 0.12217194570135746 0.0950920245398773
5 0.0746606334841629 0.46319018404907975 0.06787330316742081 0.049079754601226995
23 0.6470588235294118 0.647239263803681 0.1493212669683258 0.08895705521472393
13 0.22737556561085973 0.5214723926380368 0.083710407239819 0.06748466257668712
30 0.8812217194570136 0.01303680981595092 0.06561085972850679 0.02607361963190184
28 0.7748868778280543 0.42714723926380366 0.06108597285067873 0.05368098159509203
29 0.2420814479638009 0.1526073619631902 0.1085972850678733 0.08128834355828221
27 0.11312217194570136 0.6633435582822086 0.10407239819004525 0.07208588957055215
