33 0.19683257918552036 0.7714723926380368 0.167420814479638 0.13190184049079753
33 0.7963800904977375 0.7714723926380368 0.167420814479638 0.13190184049079753
33 0.18665158371040724 0.21088957055214724 0.1244343891402715 0.11503067484662577
33 0.7861990950226244 0.21088957055214724 0.1244343891402715 0.11503067484662577
33 0.501131221719457 0.11809815950920245 0.18778280542986425 0.1687116564417178
33 0.48868778280542985 0.8788343558282209 0.16289592760180996 0.147239263803681
24 0.5633484162895928 0.700920245398773 0.12217194570135746 0.0950920245398773
1 0.8506787330316742 0.48849693251533743 0.09049773755656108 0.06595092024539877
4 0.4264705882352941 0.5881901840490797 0.11990950226244344 0.09662576687116564
18 0.05995475113122172 0.6878834355828221 0.09728506787330317 0.06901840490797546
5 0.37104072398190047 0.5966257668711656 0.06787330316742081 0.049079754601226995
14 0.2737556561085973 0.4869631901840491 0.09502262443438914 0.06901840490797546
9 0.24660633484162897 0.5636503067484663 0.167420814479638 0.11809815950920245
25 0.9355203619909502 0.6050613496932515 0.0746606334841629 0.029141104294478526
26 0.1832579185520362 0.9225460122699386 0.13122171945701358 0.09662576687116564
