33 0.19683257918552036 0.7714723926380368 0.167420814479638 0.13190184049079753
33 0.7963800904977375 0.7714723926380368 0.167420814479638 0.13190184049079753
33 0.18665158371040724 0.21088957055214724 0.1244343891402715 0.11503067484662577
33 0.7861990950226244 0.21088957055214724 0.1244343891402715 0.11503067484662577
33 0.501131221719457 0.11809815950920245 0.18778280542986425 0.1687116564417178
33 0.48868778280542985 0.8788343558282209 0.16289592760180996 0.147239263803681
12 0.5475113122171946 0.6188650306748467 0.13574660633484162 0.07515337423312883
20 0.08597285067873303 0.12193251533742332 0.04524886877828054 0.05368098159509203
14 0.5599547511312217 0.7415644171779141 0.09728506787330317 0.07208588957055215
6 0.6244343891402715 0.34202453987730064 0.058823529411764705 0.03067484662576687
18 0.6052036199095022 0.3918711656441718 0.10180995475113122 0.0598159509202454
5 0.2239819004524887 0.5950920245398773 0.06787330316742081 0.049079754601226995
11 0.6063348416289592 0.46088957055214724 0.12669683257918551 0.14570552147239263
3 0.5712669683257918 0.5958588957055214 0.06561085972850679 0.05674846625766871
32 0.4230769230769231 0.19861963190184048 0.03167420814479638 0.023006134969325152
28 0.4762443438914027 0.8949386503067485 0.06108597285067873 0.05368098159509203
32 0.5995475113122172 0.18788343558282208 0.03167420814479638 0.023006134969325152
26 0.8031674208144797 0.2645705521472393 0.13122171945701358 0.09662576687116564
