33 0.19683257918552036 0.7714723926380368 0.167420814479638 0.13190184049079753
33 0.7963800904977375 0.7714723926380368 0.167420814479638 0.13190184049079753
33 0.18665158371040724 0.21088957055214724 0.1244343891402715 0.11503067484662577
33 0.7861990950226244 0.21088957055214724 0.1244343891402715 0.11503067484662577
33 0.501131221719457 0.11809815950920245 0.18778280542986425 0.1687116564417178
33 0.48868778280542985 0.8788343558282209 0.16289592760180996 0.147239263803681
23 0.6278280542986425 0.27223926380368096 0.1334841628959276 0.10276073619631902
22 0.3190045248868778 0.6088957055214724 0.13122171945701358 0.13190184049079753
5 0.08936651583710407 0.5674846625766872 0.0746606334841629 0.03680981595092025
0 0.5305429864253394 0.23466257668711657 0.05656108597285068 0.05828220858895705
32 0.7963800904977375 0.1495398773006135 0.03167420814479638 0.023006134969325152
26 0.5350678733031674 0.5038343558282209 0.1425339366515837 0.07208588957055215
