33 0.19683257918552036 0.7714723926380368 0.167420814479638 0.13190184049079753
33 0.7963800904977375 0.7714723926380368 0.167420814479638 0.13190184049079753
33 0.18665158371040724 0.21088957055214724 0.1244343891402715 0.11503067484662577
33 0.7861990950226244 0.21088957055214724 0.1244343891402715 0.11503067484662577
33 0.501131221719457 0.11809815950920245 0.18778280542986425 0.1687116564417178
33 0.48868778280542985 0.8788343558282209 0.16289592760180996 0.147239263803681
18 0.4468325791855204 0.5084355828220859 0.09728506787330317 0.06901840490797546
3 0.40158371040723984 0.6065950920245399 0.05203619909502263 0.05368098159509203
11 0.5882352941176471 0.7170245398773006 0.12669683257918551 0.14570552147239263
8 0.4445701357466063 0.2476993865030675 0.05203619909502263 0.04141104294478527
1 0.6052036199095022 0.3397239263803681 0.083710407239819 0.05061349693251534
