33 0.19683257918552036 0.7714723926380368 0.167420814479638 0.13190184049079753
33 0.7963800904977375 0.7714723926380368 0.167420814479638 0.13190184049079753
33 0.18665158371040724 0.21088957055214724 0.1244343891402715 0.11503067484662577
33 0.7861990950226244 0.21088957055214724 0.1244343891402715 0.11503067484662577
33 0.501131221719457 0.11809815950920245 0.18778280542986425 0.1687116564417178
33 0.48868778280542985 0.8788343558282209 0.16289592760180996 0.147239263803681
7 0.7171945701357466 0.4754601226993865 0.17647058823529413 0.11042944785276074
11 0.6312217194570136 0.6970858895705522 0.12669683257918551 0.14570552147239263
0 0.3778280542986425 0.6449386503067485 0.058823529411764705 0.05674846625766871
16 0.36877828054298645 0.6280674846625767 0.05429864253393665 0.0352760736196319
6 0.1244343891402715 0.5053680981595092 0.04524886877828054 0.03834355828220859
14 0.7703619909502263 0.5191717791411042 0.09728506787330317 0.07208588957055215
24 0.6425339366515838 0.6104294478527608 0.12217194570135746 0.0950920245398773
5 0.04638009049773756 0.5230061349693251 0.0746606334841629 0.03680981595092025
4 0.6323529411764706 0.4378834355828221 0.11990950226244344 0.09355828220858896
32 0.8665158371040724 0.8581288343558282 0.03167420814479638 0.023006134969325152
29 0.1165158371040724 0.7377300613496932 0.083710407239819 0.08895705521472393
25 0.5260180995475113 0.06441717791411043 0.07918552036199095 0.03374233128834356
31 0.6617647058823529 0.6096625766871165 0.1244343891402715 0.023006134969325152
