33 0.19683257918552036 0.7714723926380368 0.167420814479638 0.13190184049079753
33 0.7963800904977375 0.7714723926380368 0.167420814479638 0.13190184049079753
33 0.18665158371040724 0.21088957055214724 0.1244343891402715 0.11503067484662577
33 0.7861990950226244 0.21088957055214724 0.1244343891402715 0.11503067484662577
33 0.501131221719457 0.11809815950920245 0.18778280542986425 0.1687116564417178
33 0.48868778280542985 0.8788343558282209 0.16289592760180996 0.147239263803681
21 0.6346153846153846 0.4808282208588957 0.04751131221719457 0.05368098159509203
14 0.668552036199095 0.5130368098159509 0.09728506787330317 0.07208588957055215
13 0.5701357466063348 0.7285276073619632 0.06787330316742081 0.049079754601226995
4 0.6595022624434389 0.370398773006135 0.11990950226244344 0.09662576687116564
5 0.6719457013574661 0.745398773006135 0.06787330316742081 0.049079754601226995
0 0.9366515837104072 0.44171779141104295 0.07692307692307693 0.046012269938650305
2 0.9547511312217195 0.49693251533742333 0.07692307692307693 0.0950920245398773
20 0.6199095022624435 0.3151840490797546 0.04524886877828054 0.05368098159509203
25 0.5169683257918553 0.4493865030674847 0.07918552036199095 0.03374233128834356
