33 0.19683257918552036 0.7714723926380368 0.167420814479638 0.13190184049079753
33 0.7963800904977375 0.7714723926380368 0.167420814479638 0.13190184049079753
33 0.18665158371040724 0.21088957055214724 0.1244343891402715 0.11503067484662577
33 0.7861990950226244 0.21088957055214724 0.1244343891402715 0.11503067484662577
33 0.501131221719457 0.11809815950920245 0.18778280542986425 0.1687116564417178
33 0.48868778280542985 0.8788343558282209 0.16289592760180996 0.147239263803681
20 0.665158371040724 0.34432515337423314 0.04524886877828054 0.05368098159509203
21 0.8653846153846154 0.49003067484662577 0.04751131221719457 0.05368098159509203
11 0.5 0.6725460122699386 0.12669683257918551 0.14570552147239263
23 0.7183257918552036 0.5406441717791411 0.1334841628959276 0.10276073619631902
4 0.6595022624434389 0.7078220858895705 0.11990950226244344 0.09355828220858896
12 0.05429864253393665 0.8151840490797546 0.08144796380090498 0.1058282208588957
17 0.09049773755656108 0.024539877300613498 0.08144796380090498 0.046012269938650305
13 0.057692307692307696 0.7714723926380368 0.083710407239819 0.06748466257668712
5 0.754524886877828 0.5260736196319018 0.0746606334841629 0.03680981595092025
7 0.21040723981900453 0.50920245398773 0.13574660633484162 0.10429447852760736
29 0.24321266968325791 0.40567484662576686 0.10180995475113122 0.05368098159509203
25 0.746606334841629 0.9693251533742331 0.03167420814479638 0.03067484662576687
