33 0.19683257918552036 0.7714723926380368 0.167420814479638 0.13190184049079753
33 0.7963800904977375 0.7714723926380368 0.167420814479638 0.13190184049079753
33 0.18665158371040724 0.21088957055214724 0.1244343891402715 0.11503067484662577
33 0.7861990950226244 0.21088957055214724 0.1244343891402715 0.11503067484662577
33 0.501131221719457 0.11809815950920245 0.18778280542986425 0.1687116564417178
33 0.48868778280542985 0.8788343558282209 0.16289592760180996 0.147239263803681
8 0.3223981900452489 0.49309815950920244 0.04751131221719457 0.04754601226993865
9 0.8868778280542986 0.61579754601227 0.167420814479638 0.11809815950920245
7 0.3382352941176471 0.6349693251533742 0.11085972850678733 0.11042944785276074
4 0.8269230769230769 0.6380368098159509 0.11085972850678733 0.08895705521472393
27 0.7873303167420814 0.2476993865030675 0.10407239819004525 0.07208588957055215
25 0.6040723981900452 0.3803680981595092 0.03167420814479638 0.03067484662576687
