33 0.19683257918552036 0.7714723926380368 0.167420814479638 0.13190184049079753
33 0.7963800904977375 0.7714723926380368 0.167420814479638 0.13190184049079753
33 0.18665158371040724 0.21088957055214724 0.1244343891402715 0.11503067484662577
33 0.7861990950226244 0.21088957055214724 0.1244343891402715 0.11503067484662577
33 0.501131221719457 0.11809815950920245 0.18778280542986425 0.1687116564417178
33 0.48868778280542985 0.8788343558282209 0.16289592760180996 0.147239263803681
8 0.05656108597285068 0.5191717791411042 0.06334841628959276 0.05368098159509203
24 0.5950226244343891 0.36809815950920244 0.12217194570135746 0.0950920245398773
14 0.07918552036199095 0.9593558282208589 0.09502262443438914 0.06901840490797546
11 0.07239819004524888 0.49309815950920244 0.12669683257918551 0.14570552147239263
