33 0.19683257918552036 0.7714723926380368 0.167420814479638 0.13190184049079753
33 0.7963800904977375 0.7714723926380368 0.167420814479638 0.13190184049079753
33 0.18665158371040724 0.21088957055214724 0.1244343891402715 0.11503067484662577
33 0.7861990950226244 0.21088957055214724 0.1244343891402715 0.11503067484662577
33 0.501131221719457 0.11809815950920245 0.18778280542986425 0.1687116564417178
33 0.48868778280542985 0.8788343558282209 0.16289592760180996 0.147239263803681
14 0.8574660633484162 0.4854294478527607 0.09502262443438914 0.06901840490797546
23 0.501131221719457 0.49309815950920244 0.1334841628959276 0.10276073619631902
5 0.04638009049773756 0.7868098159509203 0.0746606334841629 0.03680981595092025
15 0.6787330316742082 0.44631901840490795 0.08144796380090498 0.06134969325153374
9 0.08597285067873303 0.07285276073619631 0.167420814479638 0.11809815950920245
19 0.665158371040724 0.6694785276073619 0.10407239819004525 0.08742331288343558
28 0.2409502262443439 0.6334355828220859 0.07013574660633484 0.05521472392638037
