33 0.19683257918552036 0.7714723926380368 0.167420814479638 0.13190184049079753
33 0.7963800904977375 0.7714723926380368 0.167420814479638 0.13190184049079753
33 0.18665158371040724 0.21088957055214724 0.1244343891402715 0.11503067484662577
33 0.7861990950226244 0.21088957055214724 0.1244343891402715 0.11503067484662577
33 0.501131221719457 0.11809815950920245 0.18778280542986425 0.1687116564417178
33 0.48868778280542985 0.8788343558282209 0.16289592760180996 0.147239263803681
3 0.580316742081448 0.5866564417177914 0.05203619909502263 0.05368098159509203
20 0.023755656108597284 0.8335889570552147 0.042986425339366516 0.05674846625766871
23 0.3585972850678733 0.5115030674846626 0.1334841628959276 0.10276073619631902
7 0.5384615384615384 0.7300613496932515 0.167420814479638 0.09815950920245399
15 0.5678733031674208 0.42024539877300615 0.05429864253393665 0.09202453987730061
17 0.832579185520362 0.5498466257668712 0.08144796380090498 0.0598159509202454
11 0.9366515837104072 0.5774539877300614 0.12669683257918551 0.14570552147239263
17 0.1334841628959276 0.625 0.08144796380090498 0.05674846625766871
