33 0.19683257918552036 0.7714723926380368 0.167420814479638 0.13190184049079753
33 0.7963800904977375 0.7714723926380368 0.167420814479638 0.13190184049079753
33 0.18665158371040724 0.21088957055214724 0.1244343891402715 0.11503067484662577
33 0.7861990950226244 0.21088957055214724 0.1244343891402715 0.11503067484662577
33 0.501131221719457 0.11809815950920245 0.18778280542986425 0.1687116564417178
33 0.48868778280542985 0.8788343558282209 0.16289592760180996 0.147239263803681
10 0.6052036199095022 0.7062883435582822 0.11085972850678733 0.07515337423312883
5 0.4457013574660634 0.5153374233128835 0.06787330316742081 0.049079754601226995
24 0.4321266968325792 0.5444785276073619 0.12217194570135746 0.0950920245398773
19 0.06561085972850679 0.6418711656441718 0.10407239819004525 0.09049079754601227
8 0.11199095022624435 0.5958588957055214 0.04751131221719457 0.04754601226993865
2 0.36764705882352944 0.6395705521472392 0.0746606334841629 0.08895705521472393
23 0.6300904977375565 0.5291411042944786 0.1425339366515837 0.07975460122699386
1 0.049773755656108594 0.5084355828220859 0.09049773755656108 0.06595092024539877
10 0.7036199095022625 0.5421779141104295 0.10407239819004525 0.07515337423312883
15 0.7058823529411765 0.46855828220858897 0.09502262443438914 0.0598159509202454
31 0.9309954751131222 0.9194785276073619 0.1244343891402715 0.023006134969325152
28 0.7352941176470589 0.5590490797546013 0.058823529411764705 0.05061349693251534
