33 0.19683257918552036 0.7714723926380368 0.167420814479638 0.13190184049079753
33 0.7963800904977375 0.7714723926380368 0.167420814479638 0.13190184049079753
33 0.18665158371040724 0.21088957055214724 0.1244343891402715 0.11503067484662577
33 0.7861990950226244 0.21088957055214724 0.1244343891402715 0.11503067484662577
33 0.501131221719457 0.11809815950920245 0.18778280542986425 0.1687116564417178
33 0.48868778280542985 0.8788343558282209 0.16289592760180996 0.147239263803681
4 0.12782805429864252 0.5161042944785276 0.11990950226244344 0.09355828220858896
2 0.6323529411764706 0.6134969325153374 0.0746606334841629 0.08895705521472393
24 0.3438914027149321 0.593558282208589 0.12217194570135746 0.0950920245398773
14 0.7307692307692307 0.5912576687116564 0.09502262443438914 0.06901840490797546
17 0.2251131221719457 0.4447852760736196 0.07918552036199095 0.05214723926380368
11 0.5882352941176471 0.5038343558282209 0.12669683257918551 0.14570552147239263
1 0.6628959276018099 0.43328220858895705 0.09049773755656108 0.06595092024539877
8 0.6210407239819005 0.5544478527607362 0.04751131221719457 0.04754601226993865
31 0.17307692307692307 0.04447852760736196 0.06561085972850679 0.024539877300613498
