33 0.19683257918552036 0.7714723926380368 0.167420814479638 0.13190184049079753
33 0.7963800904977375 0.7714723926380368 0.167420814479638 0.13190184049079753
33 0.18665158371040724 0.21088957055214724 0.1244343891402715 0.11503067484662577
33 0.7861990950226244 0.21088957055214724 0.1244343891402715 0.11503067484662577
33 0.501131221719457 0.11809815950920245 0.18778280542986425 0.1687116564417178
33 0.48868778280542985 0.8788343558282209 0.16289592760180996 0.147239263803681
10 0.5497737556561086 0.6748466257668712 0.11312217194570136 0.0736196319018405
3 0.6176470588235294 0.7331288343558282 0.049773755656108594 0.05521472392638037
13 0.09615384615384616 0.11503067484662577 0.083710407239819 0.06748466257668712
14 0.08597285067873303 0.8550613496932515 0.09502262443438914 0.06901840490797546
30 0.7273755656108597 0.6357361963190185 0.06561085972850679 0.02607361963190184
