33 0.19683257918552036 0.7714723926380368 0.167420814479638 0.13190184049079753
33 0.7963800904977375 0.7714723926380368 0.167420814479638 0.13190184049079753
33 0.18665158371040724 0.21088957055214724 0.1244343891402715 0.11503067484662577
33 0.7861990950226244 0.21088957055214724 0.1244343891402715 0.11503067484662577
33 0.501131221719457 0.11809815950920245 0.18778280542986425 0.1687116564417178
33 0.48868778280542985 0.8788343558282209 0.16289592760180996 0.147239263803681
21 0.5599547511312217 0.3351226993865031 0.04751131221719457 0.05368098159509203
4 0.3269230769230769 0.5207055214723927 0.11990950226244344 0.09662576687116564
19 0.23755656108597284 0.5989263803680982 0.10407239819004525 0.08742331288343558
5 0.07352941176470588 0.2684049079754601 0.0746606334841629 0.03680981595092025
28 0.5497737556561086 0.49923312883435583 0.058823529411764705 0.05061349693251534
32 0.8981900452488688 0.2200920245398773 0.03167420814479638 0.023006134969325152
