33 0.19683257918552036 0.7714723926380368 0.167420814479638 0.13190184049079753
33 0.7963800904977375 0.7714723926380368 0.167420814479638 0.13190184049079753
33 0.18665158371040724 0.21088957055214724 0.1244343891402715 0.11503067484662577
33 0.7861990950226244 0.21088957055214724 0.1244343891402715 0.11503067484662577
33 0.501131221719457 0.11809815950920245 0.18778280542986425 0.1687116564417178
33 0.48868778280542985 0.8788343558282209 0.16289592760180996 0.147239263803681
22 0.07692307692307693 0.5966257668711656 0.13122171945701358 0.13190184049079753
21 0.920814479638009 0.6886503067484663 0.058823529411764705 0.05521472392638037
9 0.5893665158371041 0.6871165644171779 0.16968325791855204 0.1196319018404908
10 0.5113122171945701 0.42024539877300615 0.11312217194570136 0.0736196319018405
7 0.13122171945701358 0.5107361963190185 0.17647058823529413 0.11042944785276074
1 0.08144796380090498 0.674079754601227 0.09954751131221719 0.05061349693251534
