33 0.19683257918552036 0.7714723926380368 0.167420814479638 0.13190184049079753
33 0.7963800904977375 0.7714723926380368 0.167420814479638 0.13190184049079753
33 0.18665158371040724 0.21088957055214724 0.1244343891402715 0.11503067484662577
33 0.7861990950226244 0.21088957055214724 0.1244343891402715 0.11503067484662577
33 0.501131221719457 0.11809815950920245 0.18778280542986425 0.1687116564417178
33 0.48868778280542985 0.8788343558282209 0.16289592760180996 0.147239263803681
19 0.41855203619909503 0.5728527607361963 0.10407239819004525 0.08742331288343558
1 0.4264705882352941 0.6004601226993865 0.08823529411764706 0.05674846625766871
23 0.5237556561085973 0.7016871165644172 0.1334841628959276 0.10276073619631902
4 0.22171945701357465 0.5421779141104295 0.12217194570135746 0.09969325153374232
12 0.9479638009049773 0.5498466257668712 0.06787330316742081 0.07822085889570553
16 0.7647058823529411 0.6756134969325154 0.05429864253393665 0.0352760736196319
13 0.669683257918552 0.6717791411042945 0.09502262443438914 0.049079754601226995
