33 0.19683257918552036 0.7714723926380368 0.167420814479638 0.13190184049079753
33 0.7963800904977375 0.7714723926380368 0.167420814479638 0.13190184049079753
33 0.18665158371040724 0.21088957055214724 0.1244343891402715 0.11503067484662577
33 0.7861990950226244 0.21088957055214724 0.1244343891402715 0.11503067484662577
33 0.501131221719457 0.11809815950920245 0.18778280542986425 0.1687116564417178
33 0.48868778280542985 0.8788343558282209 0.16289592760180996 0.147239263803681
8 0.7217194570135747 0.5881901840490797 0.06334841628959276 0.05368098159509203
26 0.33144796380090497 0.7262269938650306 0.1425339366515837 0.07208588957055215
31 0.7567873303167421 0.6142638036809815 0.1244343891402715 0.023006134969325152
30 0.7703619909502263 0.7569018404907976 0.06561085972850679 0.02607361963190184
