33 0.19683257918552036 0.7714723926380368 0.167420814479638 0.13190184049079753
33 0.7963800904977375 0.7714723926380368 0.167420814479638 0.13190184049079753
33 0.18665158371040724 0.21088957055214724 0.1244343891402715 0.11503067484662577
33 0.7861990950226244 0.21088957055214724 0.1244343891402715 0.11503067484662577
33 0.501131221719457 0.11809815950920245 0.18778280542986425 0.1687116564417178
33 0.48868778280542985 0.8788343558282209 0.16289592760180996 0.147239263803681
22 0.2239819004524887 0.0843558282208589 0.13122171945701358 0.13190184049079753
8 0.2907239819004525 0.06365030674846625 0.05203619909502263 0.04141104294478527
15 0.3190045248868778 0.4785276073619632 0.06334841628959276 0.08588957055214724
3 0.3993212669683258 0.61579754601227 0.05203619909502263 0.0843558282208589
2 0.2997737556561086 0.6211656441717791 0.0746606334841629 0.08895705521472393
25 0.6278280542986425 0.3911042944785276 0.07918552036199095 0.03374233128834356
30 0.4807692307692308 0.6196319018404908 0.1244343891402715 0.024539877300613498
31 0.6753393665158371 0.946319018404908 0.06561085972850679 0.024539877300613498
