33 0.19683257918552036 0.7714723926380368 0.167420814479638 0.13190184049079753
33 0.7963800904977375 0.7714723926380368 0.167420814479638 0.13190184049079753
33 0.18665158371040724 0.21088957055214724 0.1244343891402715 0.11503067484662577
33 0.7861990950226244 0.21088957055214724 0.1244343891402715 0.11503067484662577
33 0.501131221719457 0.11809815950920245 0.18778280542986425 0.1687116564417178
33 0.48868778280542985 0.8788343558282209 0.16289592760180996 0.147239263803681
21 0.1334841628959276 0.6595092024539877 0.058823529411764705 0.05521472392638037
4 0.2330316742081448 0.473159509202454 0.12217194570135746 0.09969325153374232
17 0.43778280542986425 0.4516871165644172 0.07013574660633484 0.04754601226993865
11 0.5769230769230769 0.27837423312883436 0.12669683257918551 0.14570552147239263
0 0.04751131221719457 0.6142638036809815 0.049773755656108594 0.04754601226993865
5 0.3246606334841629 0.5766871165644172 0.0746606334841629 0.03680981595092025
24 0.4819004524886878 0.3588957055214724 0.12217194570135746 0.0950920245398773
1 0.920814479638009 0.5943251533742331 0.09954751131221719 0.05061349693251534
16 0.03167420814479638 0.9501533742331288 0.049773755656108594 0.04447852760736196
31 0.7115384615384616 0.1794478527607362 0.06561085972850679 0.024539877300613498
25 0.43552036199095023 0.23466257668711657 0.07918552036199095 0.03374233128834356
28 0.4638009049773756 0.36733128834355827 0.058823529411764705 0.05061349693251534
30 0.8110859728506787 0.3857361963190184 0.06561085972850679 0.02607361963190184
