33 0.19683257918552036 0.7714723926380368 0.167420814479638 0.13190184049079753
33 0.7963800904977375 0.7714723926380368 0.167420814479638 0.13190184049079753
33 0.18665158371040724 0.21088957055214724 0.1244343891402715 0.11503067484662577
33 0.7861990950226244 0.21088957055214724 0.1244343891402715 0.11503067484662577
33 0.501131221719457 0.11809815950920245 0.18778280542986425 0.1687116564417178
33 0.48868778280542985 0.8788343558282209 0.16289592760180996 0.147239263803681
7 0.083710407239819 0.49846625766871167 0.167420814479638 0.09815950920245399
0 0.30995475113122173 0.6418711656441718 0.05429864253393665 0.05368098159509203
22 0.36425339366515835 0.5690184049079755 0.13122171945701358 0.13190184049079753
14 0.3936651583710407 0.6802147239263804 0.09502262443438914 0.06901840490797546
9 0.6368778280542986 0.6840490797546013 0.16968325791855204 0.1196319018404908
2 0.0667420814479638 0.2361963190184049 0.0746606334841629 0.08895705521472393
3 0.0418552036199095 0.9003067484662577 0.05203619909502263 0.06134969325153374
13 0.5995475113122172 0.2285276073619632 0.06787330316742081 0.049079754601226995
30 0.5328054298642534 0.0598159509202454 0.1244343891402715 0.024539877300613498
29 0.580316742081448 0.5705521472392638 0.08823529411764706 0.06441717791411043
