33 0.19683257918552036 0.7714723926380368 0.167420814479638 0.13190184049079753
33 0.7963800904977375 0.7714723926380368 0.167420814479638 0.13190184049079753
33 0.18665158371040724 0.21088957055214724 0.1244343891402715 0.11503067484662577
33 0.7861990950226244 0.21088957055214724 0.1244343891402715 0.11503067484662577
33 0.501131221719457 0.11809815950920245 0.18778280542986425 0.1687116564417178
33 0.48868778280542985 0.8788343558282209 0.16289592760180996 0.147239263803681
5 0.6957013574660633 0.691717791411043 0.0746606334841629 0.03680981595092025
8 0.6119909502262444 0.23849693251533743 0.04751131221719457 0.04754601226993865
10 0.19117647058823528 0.6710122699386503 0.11085972850678733 0.07515337423312883
12 0.8891402714932126 0.5996932515337423 0.09502262443438914 0.07668711656441718
11 0.25339366515837103 0.5467791411042945 0.12669683257918551 0.14570552147239263
