33 0.19683257918552036 0.7714723926380368 0.167420814479638 0.13190184049079753
33 0.7963800904977375 0.7714723926380368 0.167420814479638 0.13190184049079753
33 0.18665158371040724 0.21088957055214724 0.1244343891402715 0.11503067484662577
33 0.7861990950226244 0.21088957055214724 0.1244343891402715 0.11503067484662577
33 0.501131221719457 0.11809815950920245 0.18778280542986425 0.1687116564417178
33 0.48868778280542985 0.8788343558282209 0.16289592760180996 0.147239263803681
21 0.6572398190045249 0.6510736196319018 0.07918552036199095 0.05061349693251534
17 0.6843891402714932 0.473159509202454 0.07013574660633484 0.04754601226993865
3 0.9728506787330317 0.5843558282208589 0.049773755656108594 0.05521472392638037
24 0.18778280542986425 0.6503067484662577 0.12217194570135746 0.0950920245398773
13 0.05542986425339366 0.7883435582822086 0.083710407239819 0.06748466257668712
23 0.2918552036199095 0.5720858895705522 0.1493212669683258 0.08895705521472393
25 0.12330316742081449 0.9831288343558282 0.07918552036199095 0.03374233128834356
