33 0.19683257918552036 0.7714723926380368 0.167420814479638 0.13190184049079753
33 0.7963800904977375 0.7714723926380368 0.167420814479638 0.13190184049079753
33 0.18665158371040724 0.21088957055214724 0.1244343891402715 0.11503067484662577
33 0.7861990950226244 0.21088957055214724 0.1244343891402715 0.11503067484662577
33 0.501131221719457 0.11809815950920245 0.18778280542986425 0.1687116564417178
33 0.48868778280542985 0.8788343558282209 0.16289592760180996 0.147239263803681
15 0.7194570135746606 0.49846625766871167 0.08144796380090498 0.06134969325153374
19 0.083710407239819 0.4148773006134969 0.10407239819004525 0.09049079754601227
13 0.47850678733031676 0.3834355828220859 0.083710407239819 0.06748466257668712
20 0.8110859728506787 0.4470858895705521 0.042986425339366516 0.05674846625766871
23 0.48981900452488686 0.370398773006135 0.1334841628959276 0.10276073619631902
12 0.18778280542986425 0.5130368098159509 0.08144796380090498 0.1058282208588957
24 0.1085972850678733 0.6088957055214724 0.12217194570135746 0.0950920245398773
