33 0.19683257918552036 0.7714723926380368 0.167420814479638 0.13190184049079753
33 0.7963800904977375 0.7714723926380368 0.167420814479638 0.13190184049079753
33 0.18665158371040724 0.21088957055214724 0.1244343891402715 0.11503067484662577
33 0.7861990950226244 0.21088957055214724 0.1244343891402715 0.11503067484662577
33 0.501131221719457 0.11809815950920245 0.18778280542986425 0.1687116564417178
33 0.48868778280542985 0.8788343558282209 0.16289592760180996 0.147239263803681
3 0.7771493212669683 0.683282208588957 0.05203619909502263 0.05368098159509203
17 0.8834841628959276 0.5927914110429447 0.07013574660633484 0.04754601226993865
19 0.2986425339366516 0.5145705521472392 0.10407239819004525 0.09049079754601227
0 0.14479638009049775 0.6188650306748467 0.058823529411764705 0.05674846625766871
12 0.41968325791855204 0.6096625766871165 0.1334841628959276 0.07515337423312883
22 0.06787330316742081 0.6058282208588958 0.13122171945701358 0.13190184049079753
24 0.8235294117647058 0.5782208588957055 0.12217194570135746 0.0950920245398773
23 0.5124434389140271 0.4041411042944785 0.1334841628959276 0.10276073619631902
13 0.6289592760180995 0.74079754601227 0.09502262443438914 0.049079754601226995
32 0.48868778280542985 0.07285276073619631 0.03167420814479638 0.023006134969325152
28 0.5757918552036199 0.6257668711656442 0.07013574660633484 0.05521472392638037
