33 0.19683257918552036 0.7714723926380368 0.167420814479638 0.13190184049079753
33 0.7963800904977375 0.7714723926380368 0.167420814479638 0.13190184049079753
33 0.18665158371040724 0.21088957055214724 0.1244343891402715 0.11503067484662577
33 0.7861990950226244 0.21088957055214724 0.1244343891402715 0.11503067484662577
33 0.501131221719457 0.11809815950920245 0.18778280542986425 0.1687116564417178
33 0.48868778280542985 0.8788343558282209 0.16289592760180996 0.147239263803681
29 0.8122171945701357 0.8734662576687117 0.1085972850678733 0.08128834355828221
31 0.505656108597285 0.4470858895705521 0.1244343891402715 0.023006134969325152
25 0.5101809954751131 0.7975460122699386 0.07918552036199095 0.03374233128834356
28 0.8812217194570136 0.7699386503067485 0.07013574660633484 0.05521472392638037
