33 0.19683257918552036 0.7714723926380368 0.167420814479638 0.13190184049079753
33 0.7963800904977375 0.7714723926380368 0.167420814479638 0.13190184049079753
33 0.18665158371040724 0.21088957055214724 0.1244343891402715 0.11503067484662577
33 0.7861990950226244 0.21088957055214724 0.1244343891402715 0.11503067484662577
33 0.501131221719457 0.11809815950920245 0.18778280542986425 0.1687116564417178
33 0.48868778280542985 0.8788343558282209 0.16289592760180996 0.147239263803681
17 0.5067873303167421 0.6572085889570553 0.08144796380090498 0.0598159509202454
20 0.6809954751131222 0.42714723926380366 0.07692307692307693 0.05368098159509203
6 0.5633484162895928 0.3504601226993865 0.04524886877828054 0.03834355828220859
14 0.5418552036199095 0.7523006134969326 0.09728506787330317 0.07208588957055215
8 0.08257918552036199 0.11273006134969325 0.05203619909502263 0.04141104294478527
15 0.10180995475113122 0.39800613496932513 0.05429864253393665 0.06288343558282208
1 0.6085972850678733 0.6480061349693251 0.09049773755656108 0.06595092024539877
2 0.7816742081447964 0.5 0.0746606334841629 0.08895705521472393
12 0.5339366515837104 0.7400306748466258 0.08144796380090498 0.1058282208588957
26 0.2319004524886878 0.776840490797546 0.1425339366515837 0.07208588957055215
31 0.41289592760180993 0.01763803680981595 0.1244343891402715 0.023006134969325152
30 0.9671945701357466 0.9148773006134969 0.06561085972850679 0.02607361963190184
