33 0.19683257918552036 0.7714723926380368 0.167420814479638 0.13190184049079753
33 0.7963800904977375 0.7714723926380368 0.167420814479638 0.13190184049079753
33 0.18665158371040724 0.21088957055214724 0.1244343891402715 0.11503067484662577
33 0.7861990950226244 0.21088957055214724 0.1244343891402715 0.11503067484662577
33 0.501131221719457 0.11809815950920245 0.18778280542986425 0.1687116564417178
33 0.48868778280542985 0.8788343558282209 0.16289592760180996 0.147239263803681
18 0.7748868778280543 0.5053680981595092 0.083710407239819 0.05674846625766871
31 0.1414027149321267 0.9440184049079755 0.1244343891402715 0.023006134969325152
28 0.7002262443438914 0.08128834355828221 0.07013574660633484 0.05521472392638037
27 0.4230769230769231 0.5007668711656442 0.09954751131221719 0.06595092024539877
26 0.12782805429864252 0.38266871165644173 0.1425339366515837 0.07208588957055215
