33 0.19683257918552036 0.7714723926380368 0.167420814479638 0.13190184049079753
33 0.7963800904977375 0.7714723926380368 0.167420814479638 0.13190184049079753
33 0.18665158371040724 0.21088957055214724 0.1244343891402715 0.11503067484662577
33 0.7861990950226244 0.21088957055214724 0.1244343891402715 0.11503067484662577
33 0.501131221719457 0.11809815950920245 0.18778280542986425 0.1687116564417178
33 0.48868778280542985 0.8788343558282209 0.16289592760180996 0.147239263803681
8 0.04524886877828054 0.6065950920245399 0.06334841628959276 0.05368098159509203
4 0.5350678733031674 0.4156441717791411 0.11085972850678733 0.08895705521472393
3 0.5452488687782805 0.495398773006135 0.058823529411764705 0.06134969325153374
14 0.05656108597285068 0.9547546012269938 0.09502262443438914 0.06901840490797546
22 0.8099547511312217 0.5138036809815951 0.13122171945701358 0.13190184049079753
21 0.083710407239819 0.4754601226993865 0.058823529411764705 0.05521472392638037
20 0.5678733031674208 0.5429447852760736 0.04072398190045249 0.05828220858895705
28 0.7341628959276018 0.1142638036809816 0.06108597285067873 0.05368098159509203
32 0.9773755656108597 0.10812883435582822 0.03167420814479638 0.023006134969325152
30 0.582579185520362 0.06288343558282208 0.1244343891402715 0.024539877300613498
31 0.16176470588235295 0.04447852760736196 0.06561085972850679 0.024539877300613498
