33 0.19683257918552036 0.7714723926380368 0.167420814479638 0.13190184049079753
33 0.7963800904977375 0.7714723926380368 0.167420814479638 0.13190184049079753
33 0.18665158371040724 0.21088957055214724 0.1244343891402715 0.11503067484662577
33 0.7861990950226244 0.21088957055214724 0.1244343891402715 0.11503067484662577
33 0.501131221719457 0.11809815950920245 0.18778280542986425 0.1687116564417178
33 0.48868778280542985 0.8788343558282209 0.16289592760180996 0.147239263803681
23 0.6764705882352942 0.48773006134969327 0.1493212669683258 0.08895705521472393
18 0.06447963800904978 0.34432515337423314 0.083710407239819 0.05674846625766871
28 0.48981900452488686 0.29524539877300615 0.06108597285067873 0.05368098159509203
32 0.9117647058823529 0.04984662576687116 0.03167420814479638 0.023006134969325152
31 0.6798642533936652 0.713957055214724 0.1244343891402715 0.023006134969325152
