33 0.19683257918552036 0.7714723926380368 0.167420814479638 0.13190184049079753
33 0.7963800904977375 0.7714723926380368 0.167420814479638 0.13190184049079753
33 0.18665158371040724 0.21088957055214724 0.1244343891402715 0.11503067484662577
33 0.7861990950226244 0.21088957055214724 0.1244343891402715 0.11503067484662577
33 0.501131221719457 0.11809815950920245 0.18778280542986425 0.1687116564417178
33 0.48868778280542985 0.8788343558282209 0.16289592760180996 0.147239263803681
23 0.5712669683257918 0.6365030674846626 0.1425339366515837 0.07975460122699386
17 0.4920814479638009 0.5820552147239264 0.07013574660633484 0.04754601226993865
13 0.47171945701357465 0.5920245398773006 0.083710407239819 0.06748466257668712
14 0.8076923076923077 0.571319018404908 0.09502262443438914 0.06901840490797546
7 0.6753393665158371 0.5475460122699386 0.11085972850678733 0.11042944785276074
6 0.33031674208144796 0.10736196319018405 0.058823529411764705 0.03067484662576687
25 0.29411764705882354 0.5858895705521472 0.03167420814479638 0.03067484662576687
32 0.038461538461538464 0.9501533742331288 0.03167420814479638 0.023006134969325152
