33 0.19683257918552036 0.7714723926380368 0.167420814479638 0.13190184049079753
33 0.7963800904977375 0.7714723926380368 0.167420814479638 0.13190184049079753
33 0.18665158371040724 0.21088957055214724 0.1244343891402715 0.11503067484662577
33 0.7861990950226244 0.21088957055214724 0.1244343891402715 0.11503067484662577
33 0.501131221719457 0.11809815950920245 0.18778280542986425 0.1687116564417178
33 0.48868778280542985 0.8788343558282209 0.16289592760180996 0.147239263803681
0 0.08710407239819004 0.9447852760736196 0.05656108597285068 0.05828220858895705
11 0.6312217194570136 0.6265337423312883 0.12669683257918551 0.14570552147239263
9 0.31221719457013575 0.48849693251533743 0.167420814479638 0.11809815950920245
2 0.6040723981900452 0.495398773006135 0.07692307692307693 0.0950920245398773
13 0.5565610859728507 0.7469325153374233 0.06787330316742081 0.049079754601226995
15 0.5633484162895928 0.3811349693251534 0.05429864253393665 0.07208588957055215
3 0.4117647058823529 0.5720858895705522 0.049773755656108594 0.05521472392638037
6 0.6538461538461539 0.36503067484662577 0.058823529411764705 0.03067484662576687
20 0.07692307692307693 0.7661042944785276 0.04524886877828054 0.05368098159509203
1 0.5554298642533937 0.7124233128834356 0.08823529411764706 0.05674846625766871
32 0.7986425339366516 0.5943251533742331 0.03167420814479638 0.023006134969325152
31 0.9604072398190046 0.9079754601226994 0.06561085972850679 0.024539877300613498
32 0.5610859728506787 0.375 0.03167420814479638 0.023006134969325152
27 0.46153846153846156 0.5345092024539877 0.10407239819004525 0.07208588957055215
