33 0.19683257918552036 0.7714723926380368 0.167420814479638 0.13190184049079753
33 0.7963800904977375 0.7714723926380368 0.167420814479638 0.13190184049079753
33 0.18665158371040724 0.21088957055214724 0.1244343891402715 0.11503067484662577
33 0.7861990950226244 0.21088957055214724 0.1244343891402715 0.11503067484662577
33 0.501131221719457 0.11809815950920245 0.18778280542986425 0.1687116564417178
33 0.48868778280542985 0.8788343558282209 0.16289592760180996 0.147239263803681
17 0.19683257918552036 0.1142638036809816 0.07239819004524888 0.04754601226993865
24 0.29638009049773756 0.6503067484662577 0.12217194570135746 0.0950920245398773
7 0.3733031674208145 0.5306748466257669 0.16289592760180996 0.10122699386503067
26 0.7963800904977375 0.8765337423312883 0.13122171945701358 0.09662576687116564
25 0.7952488687782805 0.5498466257668712 0.0746606334841629 0.029141104294478526
31 0.36538461538461536 0.02607361963190184 0.06561085972850679 0.024539877300613498
30 0.3246606334841629 0.5835889570552147 0.06561085972850679 0.02607361963190184
