33 0.19683257918552036 0.7714723926380368 0.167420814479638 0.13190184049079753
33 0.7963800904977375 0.7714723926380368 0.167420814479638 0.13190184049079753
33 0.18665158371040724 0.21088957055214724 0.1244343891402715 0.11503067484662577
33 0.7861990950226244 0.21088957055214724 0.1244343891402715 0.11503067484662577
33 0.501131221719457 0.11809815950920245 0.18778280542986425 0.1687116564417178
33 0.48868778280542985 0.8788343558282209 0.16289592760180996 0.147239263803681
14 0.5339366515837104 0.625 0.09502262443438914 0.06901840490797546
3 0.5995475113122172 0.6625766871165644 0.049773755656108594 0.05521472392638037
21 0.9389140271493213 0.5030674846625767 0.058823529411764705 0.05521472392638037
23 0.8699095022624435 0.5452453987730062 0.1334841628959276 0.10276073619631902
5 0.5452488687782805 0.40644171779141103 0.06787330316742081 0.049079754601226995
15 0.7013574660633484 0.5460122699386503 0.06334841628959276 0.08588957055214724
19 0.8800904977375565 0.5605828220858896 0.10407239819004525 0.09049079754601227
28 0.7895927601809954 0.2906441717791411 0.058823529411764705 0.05061349693251534
32 0.6809954751131222 0.7062883435582822 0.03167420814479638 0.023006134969325152
27 0.45701357466063347 0.24923312883435583 0.10407239819004525 0.07208588957055215
31 0.06221719457013575 0.22162576687116564 0.1244343891402715 0.023006134969325152
