33 0.19683257918552036 0.7714723926380368 0.167420814479638 0.13190184049079753
33 0.7963800904977375 0.7714723926380368 0.167420814479638 0.13190184049079753
33 0.18665158371040724 0.21088957055214724 0.1244343891402715 0.11503067484662577
33 0.7861990950226244 0.21088957055214724 0.1244343891402715 0.11503067484662577
33 0.501131221719457 0.11809815950920245 0.18778280542986425 0.1687116564417178
33 0.48868778280542985 0.8788343558282209 0.16289592760180996 0.147239263803681
0 0.8461538461538461 0.656441717791411 0.07692307692307693 0.046012269938650305
14 0.5248868778280543 0.3044478527607362 0.09502262443438914 0.06901840490797546
20 0.13122171945701358 0.5682515337423313 0.04524886877828054 0.05368098159509203
11 0.8529411764705882 0.6434049079754601 0.12669683257918551 0.14570552147239263
13 0.6493212669683258 0.44631901840490795 0.06787330316742081 0.049079754601226995
16 0.8076923076923077 0.5061349693251533 0.03167420814479638 0.03067484662576687
1 0.31447963800904977 0.05138036809815951 0.09502262443438914 0.06595092024539877
12 0.3914027149321267 0.6403374233128835 0.08144796380090498 0.1058282208588957
30 0.8427601809954751 0.26226993865030673 0.1244343891402715 0.024539877300613498
