33 0.19683257918552036 0.7714723926380368 0.167420814479638 0.13190184049079753
33 0.7963800904977375 0.7714723926380368 0.167420814479638 0.13190184049079753
33 0.18665158371040724 0.21088957055214724 0.1244343891402715 0.11503067484662577
33 0.7861990950226244 0.21088957055214724 0.1244343891402715 0.11503067484662577
33 0.501131221719457 0.11809815950920245 0.18778280542986425 0.1687116564417178
33 0.48868778280542985 0.8788343558282209 0.16289592760180996 0.147239263803681
21 0.7794117647058824 0.47776073619631904 0.04751131221719457 0.05368098159509203
3 0.36877828054298645 0.6779141104294478 0.049773755656108594 0.05521472392638037
32 0.11312217194570136 0.7154907975460123 0.03167420814479638 0.023006134969325152
27 0.7918552036199095 0.5122699386503068 0.10407239819004525 0.0705521472392638
31 0.8631221719457014 0.26993865030674846 0.06561085972850679 0.024539877300613498
31 0.18438914027149322 0.5260736196319018 0.06561085972850679 0.024539877300613498
