33 0.19683257918552036 0.7714723926380368 0.167420814479638 0.13190184049079753
33 0.7963800904977375 0.7714723926380368 0.167420814479638 0.13190184049079753
33 0.18665158371040724 0.21088957055214724 0.1244343891402715 0.11503067484662577
33 0.7861990950226244 0.21088957055214724 0.1244343891402715 0.11503067484662577
33 0.501131221719457 0.11809815950920245 0.18778280542986425 0.1687116564417178
33 0.48868778280542985 0.8788343558282209 0.16289592760180996 0.147239263803681
21 0.6074660633484162 0.3642638036809816 0.07918552036199095 0.05061349693251534
1 0.6561085972850679 0.5989263803680982 0.07692307692307693 0.0598159509202454
2 0.5746606334841629 0.6380368098159509 0.07692307692307693 0.0950920245398773
7 0.7013574660633484 0.4785276073619632 0.13574660633484162 0.10429447852760736
12 0.8857466063348416 0.6648773006134969 0.1334841628959276 0.07515337423312883
31 0.24773755656108598 0.6127300613496932 0.1244343891402715 0.023006134969325152
