33 0.19683257918552036 0.7714723926380368 0.167420814479638 0.13190184049079753
33 0.7963800904977375 0.7714723926380368 0.167420814479638 0.13190184049079753
33 0.18665158371040724 0.21088957055214724 0.1244343891402715 0.11503067484662577
33 0.7861990950226244 0.21088957055214724 0.1244343891402715 0.11503067484662577
33 0.501131221719457 0.11809815950920245 0.18778280542986425 0.1687116564417178
33 0.48868778280542985 0.8788343558282209 0.16289592760180996 0.147239263803681
22 0.06787330316742081 0.4815950920245399 0.13122171945701358 0.13190184049079753
27 0.28054298642533937 0.040644171779141106 0.10407239819004525 0.07208588957055215
28 0.05995475113122172 0.4562883435582822 0.06108597285067873 0.05368098159509203
32 0.3416289592760181 0.8872699386503068 0.03167420814479638 0.023006134969325152
30 0.7183257918552036 0.8144171779141104 0.1244343891402715 0.024539877300613498
