33 0.19683257918552036 0.7714723926380368 0.167420814479638 0.13190184049079753
33 0.7963800904977375 0.7714723926380368 0.167420814479638 0.13190184049079753
33 0.18665158371040724 0.21088957055214724 0.1244343891402715 0.11503067484662577
33 0.7861990950226244 0.21088957055214724 0.1244343891402715 0.11503067484662577
33 0.501131221719457 0.11809815950920245 0.18778280542986425 0.1687116564417178
33 0.48868778280542985 0.8788343558282209 0.16289592760180996 0.147239263803681
5 0.3382352941176471 0.6211656441717791 0.0746606334841629 0.03680981595092025
16 0.5067873303167421 0.5636503067484663 0.049773755656108594 0.04447852760736196
8 0.3088235294117647 0.08052147239263803 0.05203619909502263 0.04141104294478527
23 0.7952488687782805 0.63420245398773 0.1334841628959276 0.10276073619631902
