33 0.19683257918552036 0.7714723926380368 0.167420814479638 0.13190184049079753
33 0.7963800904977375 0.7714723926380368 0.167420814479638 0.13190184049079753
33 0.18665158371040724 0.21088957055214724 0.1244343891402715 0.11503067484662577
33 0.7861990950226244 0.21088957055214724 0.1244343891402715 0.11503067484662577
33 0.501131221719457 0.11809815950920245 0.18778280542986425 0.1687116564417178
33 0.48868778280542985 0.8788343558282209 0.16289592760180996 0.147239263803681
12 0.47285067873303166 0.5567484662576687 0.09502262443438914 0.07668711656441718
18 0.08484162895927602 0.24616564417177914 0.083710407239819 0.05674846625766871
23 0.5101809954751131 0.3581288343558282 0.1334841628959276 0.10276073619631902
6 0.6085972850678733 0.37193251533742333 0.04524886877828054 0.03834355828220859
22 0.5520361990950227 0.7269938650306749 0.13122171945701358 0.13190184049079753
20 0.49547511312217196 0.41641104294478526 0.04524886877828054 0.05368098159509203
8 0.6040723981900452 0.522239263803681 0.06334841628959276 0.05368098159509203
3 0.12104072398190045 0.4424846625766871 0.05203619909502263 0.05368098159509203
30 0.3178733031674208 0.8788343558282209 0.1244343891402715 0.024539877300613498
29 0.332579185520362 0.08512269938650306 0.1085972850678733 0.08128834355828221
26 0.16063348416289594 0.5053680981595092 0.13122171945701358 0.09662576687116564
31 0.9332579185520362 0.5414110429447853 0.06561085972850679 0.024539877300613498
