33 0.19683257918552036 0.7714723926380368 0.167420814479638 0.13190184049079753
33 0.7963800904977375 0.7714723926380368 0.167420814479638 0.13190184049079753
33 0.18665158371040724 0.21088957055214724 0.1244343891402715 0.11503067484662577
33 0.7861990950226244 0.21088957055214724 0.1244343891402715 0.11503067484662577
33 0.501131221719457 0.11809815950920245 0.18778280542986425 0.1687116564417178
33 0.48868778280542985 0.8788343558282209 0.16289592760180996 0.147239263803681
24 0.832579185520362 0.49693251533742333 0.12217194570135746 0.0950920245398773
22 0.5475113122171946 0.6288343558282209 0.13122171945701358 0.13190184049079753
18 0.07805429864253394 0.375 0.083710407239819 0.05674846625766871
13 0.07013574660633484 0.24846625766871167 0.06787330316742081 0.049079754601226995
16 0.2748868778280543 0.11809815950920245 0.05656108597285068 0.049079754601226995
29 0.7036199095022625 0.19248466257668712 0.1085972850678733 0.08128834355828221
32 0.5316742081447964 0.49003067484662577 0.03167420814479638 0.023006134969325152
