33 0.19683257918552036 0.7714723926380368 0.167420814479638 0.13190184049079753
33 0.7963800904977375 0.7714723926380368 0.167420814479638 0.13190184049079753
33 0.18665158371040724 0.21088957055214724 0.1244343891402715 0.11503067484662577
33 0.7861990950226244 0.21088957055214724 0.1244343891402715 0.11503067484662577
33 0.501131221719457 0.11809815950920245 0.18778280542986425 0.1687116564417178
33 0.48868778280542985 0.8788343558282209 0.16289592760180996 0.147239263803681
24 0.581447963800905 0.2837423312883436 0.12217194570135746 0.0950920245398773
17 0.3891402714932127 0.6748466257668712 0.08144796380090498 0.046012269938650305
6 0.40271493212669685 0.63420245398773 0.04524886877828054 0.03834355828220859
11 0.8122171945701357 0.6019938650306749 0.12669683257918551 0.14570552147239263
7 0.5701357466063348 0.5076687116564417 0.16289592760180996 0.10122699386503067
10 0.5452488687782805 0.6119631901840491 0.11312217194570136 0.0736196319018405
15 0.8574660633484162 0.5621165644171779 0.09502262443438914 0.0598159509202454
19 0.1515837104072398 0.47776073619631904 0.10407239819004525 0.08742331288343558
12 0.6085972850678733 0.7323619631901841 0.08144796380090498 0.1058282208588957
26 0.17194570135746606 0.5115030674846626 0.13122171945701358 0.09662576687116564
32 0.6990950226244343 0.7369631901840491 0.03167420814479638 0.023006134969325152
27 0.5226244343891403 0.9164110429447853 0.10407239819004525 0.07208588957055215
31 0.21380090497737556 0.8205521472392638 0.06561085972850679 0.024539877300613498
