33 0.19683257918552036 0.7714723926380368 0.167420814479638 0.13190184049079753
33 0.7963800904977375 0.7714723926380368 0.167420814479638 0.13190184049079753
33 0.18665158371040724 0.21088957055214724 0.1244343891402715 0.11503067484662577
33 0.7861990950226244 0.21088957055214724 0.1244343891402715 0.11503067484662577
33 0.501131221719457 0.11809815950920245 0.18778280542986425 0.1687116564417178
33 0.48868778280542985 0.8788343558282209 0.16289592760180996 0.147239263803681
9 0.6911764705882353 0.6426380368098159 0.16968325791855204 0.1196319018404908
20 0.4309954751131222 0.5038343558282209 0.042986425339366516 0.05674846625766871
2 0.7703619909502263 0.48773006134969327 0.0746606334841629 0.08895705521472393
17 0.5203619909502263 0.6180981595092024 0.08597285067873303 0.049079754601226995
32 0.3574660633484163 0.7799079754601227 0.03167420814479638 0.023006134969325152
30 0.7409502262443439 0.31901840490797545 0.1244343891402715 0.024539877300613498
28 0.6889140271493213 0.8151840490797546 0.06108597285067873 0.05368098159509203
25 0.2918552036199095 0.8742331288343558 0.03167420814479638 0.03067484662576687
