33 0.19683257918552036 0.7714723926380368 0.167420814479638 0.13190184049079753
33 0.7963800904977375 0.7714723926380368 0.167420814479638 0.13190184049079753
33 0.18665158371040724 0.21088957055214724 0.1244343891402715 0.11503067484662577
33 0.7861990950226244 0.21088957055214724 0.1244343891402715 0.11503067484662577
33 0.501131221719457 0.11809815950920245 0.18778280542986425 0.1687116564417178
33 0.48868778280542985 0.8788343558282209 0.16289592760180996 0.147239263803681
4 0.07013574660633484 0.27837423312883436 0.12217194570135746 0.09969325153374232
24 0.3393665158371041 0.4616564417177914 0.12217194570135746 0.0950920245398773
2 0.4502262443438914 0.4125766871165644 0.07692307692307693 0.0950920245398773
16 0.14705882352941177 0.6863496932515337 0.049773755656108594 0.04447852760736196
1 0.07692307692307693 0.5958588957055214 0.09502262443438914 0.06595092024539877
13 0.5305429864253394 0.6886503067484663 0.083710407239819 0.06748466257668712
15 0.4819004524886878 0.3987730061349693 0.08144796380090498 0.06134969325153374
12 0.07692307692307693 0.6572085889570553 0.13574660633484162 0.07515337423312883
22 0.7194570135746606 0.588957055214724 0.13122171945701358 0.13190184049079753
27 0.4841628959276018 0.037576687116564415 0.09954751131221719 0.06595092024539877
28 0.5486425339366516 0.7799079754601227 0.06108597285067873 0.05368098159509203
29 0.7364253393665159 0.6648773006134969 0.10180995475113122 0.05368098159509203
32 0.1334841628959276 0.2875766871165644 0.03167420814479638 0.023006134969325152
