33 0.19683257918552036 0.7714723926380368 0.167420814479638 0.13190184049079753
33 0.7963800904977375 0.7714723926380368 0.167420814479638 0.13190184049079753
33 0.18665158371040724 0.21088957055214724 0.1244343891402715 0.11503067484662577
33 0.7861990950226244 0.21088957055214724 0.1244343891402715 0.11503067484662577
33 0.501131221719457 0.11809815950920245 0.18778280542986425 0.1687116564417178
33 0.48868778280542985 0.8788343558282209 0.16289592760180996 0.147239263803681
12 0.7036199095022625 0.5322085889570553 0.09502262443438914 0.07668711656441718
13 0.6131221719457014 0.6901840490797546 0.06787330316742081 0.049079754601226995
20 0.5701357466063348 0.4087423312883436 0.04524886877828054 0.05368098159509203
8 0.6312217194570136 0.42254601226993865 0.06334841628959276 0.05368098159509203
7 0.11538461538461539 0.5613496932515337 0.17647058823529413 0.11042944785276074
16 0.4445701357466063 0.7584355828220859 0.04751131221719457 0.03834355828220859
9 0.4683257918552036 0.5605828220858896 0.167420814479638 0.11809815950920245
14 0.5723981900452488 0.5897239263803681 0.09502262443438914 0.06901840490797546
2 0.917420814479638 0.5184049079754601 0.0746606334841629 0.08895705521472393
30 0.17760180995475114 0.01687116564417178 0.1244343891402715 0.024539877300613498
