33 0.19683257918552036 0.7714723926380368 0.167420814479638 0.13190184049079753
33 0.7963800904977375 0.7714723926380368 0.167420814479638 0.13190184049079753
33 0.18665158371040724 0.21088957055214724 0.1244343891402715 0.11503067484662577
33 0.7861990950226244 0.21088957055214724 0.1244343891402715 0.11503067484662577
33 0.501131221719457 0.11809815950920245 0.18778280542986425 0.1687116564417178
33 0.48868778280542985 0.8788343558282209 0.16289592760180996 0.147239263803681
17 0.7850678733031674 0.5851226993865031 0.06787330316742081 0.05061349693251534
8 0.08823529411764706 0.24616564417177914 0.06334841628959276 0.05368098159509203
18 0.6142533936651584 0.6403374233128835 0.083710407239819 0.05674846625766871
20 0.6052036199095022 0.2960122699386503 0.05203619909502263 0.06134969325153374
7 0.8257918552036199 0.5797546012269938 0.16289592760180996 0.10122699386503067
12 0.1255656108597285 0.473159509202454 0.1334841628959276 0.07515337423312883
23 0.5667420814479638 0.6434049079754601 0.1334841628959276 0.10276073619631902
11 0.8642533936651584 0.5912576687116564 0.12669683257918551 0.14570552147239263
30 0.2861990950226244 0.901840490797546 0.1244343891402715 0.024539877300613498
32 0.4638009049773756 0.4976993865030675 0.03167420814479638 0.023006134969325152
