33 0.19683257918552036 0.7714723926380368 0.167420814479638 0.13190184049079753
33 0.7963800904977375 0.7714723926380368 0.167420814479638 0.13190184049079753
33 0.18665158371040724 0.21088957055214724 0.1244343891402715 0.11503067484662577
33 0.7861990950226244 0.21088957055214724 0.1244343891402715 0.11503067484662577
33 0.501131221719457 0.11809815950920245 0.18778280542986425 0.1687116564417178
33 0.48868778280542985 0.8788343558282209 0.16289592760180996 0.147239263803681
18 0.8834841628959276 0.6035276073619632 0.09728506787330317 0.06901840490797546
20 0.083710407239819 0.7001533742331288 0.04524886877828054 0.05368098159509203
10 0.6142533936651584 0.6004601226993865 0.11085972850678733 0.07515337423312883
21 0.1504524886877828 0.6863496932515337 0.04751131221719457 0.05368098159509203
5 0.10407239819004525 0.6165644171779141 0.06787330316742081 0.049079754601226995
20 0.9298642533936652 0.4486196319018405 0.07692307692307693 0.05368098159509203
23 0.1085972850678733 0.549079754601227 0.1493212669683258 0.08895705521472393
19 0.19909502262443438 0.46702453987730064 0.10407239819004525 0.09049079754601227
2 0.29751131221719457 0.5659509202453987 0.0746606334841629 0.08895705521472393
