33 0.19683257918552036 0.7714723926380368 0.167420814479638 0.13190184049079753
33 0.7963800904977375 0.7714723926380368 0.167420814479638 0.13190184049079753
33 0.18665158371040724 0.21088957055214724 0.1244343891402715 0.11503067484662577
33 0.7861990950226244 0.21088957055214724 0.1244343891402715 0.11503067484662577
33 0.501131221719457 0.11809815950920245 0.18778280542986425 0.1687116564417178
33 0.48868778280542985 0.8788343558282209 0.16289592760180996 0.147239263803681
20 0.6923076923076923 0.5038343558282209 0.04524886877828054 0.05368098159509203
8 0.2918552036199095 0.6679447852760736 0.06334841628959276 0.05368098159509203
1 0.498868778280543 0.5291411042944786 0.05656108597285068 0.06134969325153374
23 0.584841628959276 0.5575153374233128 0.1334841628959276 0.10276073619631902
5 0.06447963800904978 0.24079754601226994 0.0746606334841629 0.03680981595092025
2 0.4434389140271493 0.6733128834355828 0.07692307692307693 0.0950920245398773
7 0.5576923076923077 0.6702453987730062 0.11085972850678733 0.11042944785276074
19 0.05203619909502263 0.19248466257668712 0.10407239819004525 0.09049079754601227
16 0.19457013574660634 0.5191717791411042 0.049773755656108594 0.04447852760736196
27 0.48642533936651583 0.536042944785276 0.09954751131221719 0.06595092024539877
29 0.41855203619909503 0.20782208588957055 0.1085972850678733 0.08128834355828221
