33 0.19683257918552036 0.7714723926380368 0.167420814479638 0.13190184049079753
33 0.7963800904977375 0.7714723926380368 0.167420814479638 0.13190184049079753
33 0.18665158371040724 0.21088957055214724 0.1244343891402715 0.11503067484662577
33 0.7861990950226244 0.21088957055214724 0.1244343891402715 0.11503067484662577
33 0.501131221719457 0.11809815950920245 0.18778280542986425 0.1687116564417178
33 0.48868778280542985 0.8788343558282209 0.16289592760180996 0.147239263803681
24 0.07239819004524888 0.8865030674846626 0.12217194570135746 0.0950920245398773
4 0.27714932126696834 0.5943251533742331 0.11990950226244344 0.09662576687116564
23 0.5441176470588235 0.5989263803680982 0.1334841628959276 0.10276073619631902
11 0.07918552036199095 0.5176380368098159 0.12669683257918551 0.14570552147239263
22 0.33031674208144796 0.5613496932515337 0.13122171945701358 0.13190184049079753
19 0.12895927601809956 0.46549079754601225 0.10407239819004525 0.08742331288343558
13 0.5509049773755657 0.40797546012269936 0.083710407239819 0.06748466257668712
16 0.5135746606334841 0.5299079754601227 0.05429864253393665 0.0352760736196319
21 0.02828054298642534 0.5053680981595092 0.04751131221719457 0.05368098159509203
27 0.5475113122171946 0.8059815950920245 0.10407239819004525 0.07208588957055215
32 0.8009049773755657 0.5498466257668712 0.03167420814479638 0.023006134969325152
29 0.06334841628959276 0.8335889570552147 0.1085972850678733 0.08128834355828221
