33 0.19683257918552036 0.7714723926380368 0.167420814479638 0.13190184049079753
33 0.7963800904977375 0.7714723926380368 0.167420814479638 0.13190184049079753
33 0.18665158371040724 0.21088957055214724 0.1244343891402715 0.11503067484662577
33 0.7861990950226244 0.21088957055214724 0.1244343891402715 0.11503067484662577
33 0.501131221719457 0.11809815950920245 0.18778280542986425 0.1687116564417178
33 0.48868778280542985 0.8788343558282209 0.16289592760180996 0.147239263803681
3 0.5350678733031674 0.5099693251533742 0.05203619909502263 0.0843558282208589
11 0.33710407239819007 0.5513803680981595 0.12669683257918551 0.14570552147239263
19 0.1334841628959276 0.6188650306748467 0.10407239819004525 0.08742331288343558
0 0.8280542986425339 0.6058282208588958 0.07692307692307693 0.046012269938650305
4 0.505656108597285 0.6595092024539877 0.11085972850678733 0.08895705521472393
18 0.6255656108597285 0.2630368098159509 0.09728506787330317 0.06901840490797546
28 0.5237556561085973 0.5690184049079755 0.07013574660633484 0.05521472392638037
30 0.6911764705882353 0.6303680981595092 0.1244343891402715 0.024539877300613498
28 0.7352941176470589 0.6188650306748467 0.058823529411764705 0.05061349693251534
30 0.47398190045248867 0.10812883435582822 0.06561085972850679 0.02607361963190184
