33 0.19683257918552036 0.7714723926380368 0.167420814479638 0.13190184049079753
33 0.7963800904977375 0.7714723926380368 0.167420814479638 0.13190184049079753
33 0.18665158371040724 0.21088957055214724 0.1244343891402715 0.11503067484662577
33 0.7861990950226244 0.21088957055214724 0.1244343891402715 0.11503067484662577
33 0.501131221719457 0.11809815950920245 0.18778280542986425 0.1687116564417178
33 0.48868778280542985 0.8788343558282209 0.16289592760180996 0.147239263803681
7 0.581447963800905 0.401840490797546 0.17647058823529413 0.11042944785276074
16 0.8823529411764706 0.6694785276073619 0.049773755656108594 0.04447852760736196
4 0.07918552036199095 0.531441717791411 0.12217194570135746 0.09969325153374232
1 0.7703619909502263 0.5728527607361963 0.083710407239819 0.05061349693251534
28 0.6368778280542986 0.8174846625766872 0.07013574660633484 0.05521472392638037
26 0.8766968325791855 0.7354294478527608 0.1425339366515837 0.07208588957055215
32 0.834841628959276 0.522239263803681 0.03167420814479638 0.023006134969325152
