33 0.19683257918552036 0.7714723926380368 0.167420814479638 0.13190184049079753
33 0.7963800904977375 0.7714723926380368 0.167420814479638 0.13190184049079753
33 0.18665158371040724 0.21088957055214724 0.1244343891402715 0.11503067484662577
33 0.7861990950226244 0.21088957055214724 0.1244343891402715 0.11503067484662577
33 0.501131221719457 0.11809815950920245 0.18778280542986425 0.1687116564417178
33 0.48868778280542985 0.8788343558282209 0.16289592760180996 0.147239263803681
0 0.8144796380090498 0.4532208588957055 0.049773755656108594 0.04754601226993865
2 0.583710407239819 0.4294478527607362 0.07692307692307693 0.0950920245398773
3 0.6210407239819005 0.4401840490797546 0.05203619909502263 0.06134969325153374
27 0.6742081447963801 0.06365030674846625 0.10407239819004525 0.07208588957055215
30 0.47171945701357465 0.023006134969325152 0.1244343891402715 0.024539877300613498
