33 0.19683257918552036 0.7714723926380368 0.167420814479638 0.13190184049079753
33 0.7963800904977375 0.7714723926380368 0.167420814479638 0.13190184049079753
33 0.18665158371040724 0.21088957055214724 0.1244343891402715 0.11503067484662577
33 0.7861990950226244 0.21088957055214724 0.1244343891402715 0.11503067484662577
33 0.501131221719457 0.11809815950920245 0.18778280542986425 0.1687116564417178
33 0.48868778280542985 0.8788343558282209 0.16289592760180996 0.147239263803681
16 0.9457013574660633 0.598159509202454 0.04072398190045249 0.03067484662576687
14 0.1346153846153846 0.10659509202453987 0.09728506787330317 0.07208588957055215
5 0.7647058823529411 0.450920245398773 0.06787330316742081 0.049079754601226995
27 0.34615384615384615 0.2937116564417178 0.09954751131221719 0.06595092024539877
29 0.2703619909502262 0.6978527607361963 0.083710407239819 0.08895705521472393
31 0.11425339366515837 0.09432515337423313 0.1244343891402715 0.023006134969325152
