33 0.19683257918552036 0.7714723926380368 0.167420814479638 0.13190184049079753
33 0.7963800904977375 0.7714723926380368 0.167420814479638 0.13190184049079753
33 0.18665158371040724 0.21088957055214724 0.1244343891402715 0.11503067484662577
33 0.7861990950226244 0.21088957055214724 0.1244343891402715 0.11503067484662577
33 0.501131221719457 0.11809815950920245 0.18778280542986425 0.1687116564417178
33 0.48868778280542985 0.8788343558282209 0.16289592760180996 0.147239263803681
23 0.6414027149321267 0.6595092024539877 0.1425339366515837 0.07975460122699386
19 0.16063348416289594 0.5835889570552147 0.10407239819004525 0.09049079754601227
3 0.6742081447963801 0.48466257668711654 0.049773755656108594 0.05521472392638037
0 0.5113122171945701 0.6388036809815951 0.049773755656108594 0.04754601226993865
21 0.4309954751131222 0.4516871165644172 0.04751131221719457 0.05368098159509203
10 0.06447963800904978 0.8044478527607362 0.07918552036199095 0.07208588957055215
12 0.38235294117647056 0.6587423312883436 0.08144796380090498 0.1058282208588957
6 0.38009049773755654 0.6311349693251533 0.04524886877828054 0.03834355828220859
2 0.5723981900452488 0.40797546012269936 0.07692307692307693 0.0950920245398773
14 0.5576923076923077 0.6234662576687117 0.09728506787330317 0.07208588957055215
