33 0.19683257918552036 0.7714723926380368 0.167420814479638 0.13190184049079753
33 0.7963800904977375 0.7714723926380368 0.167420814479638 0.13190184049079753
33 0.18665158371040724 0.21088957055214724 0.1244343891402715 0.11503067484662577
33 0.7861990950226244 0.21088957055214724 0.1244343891402715 0.11503067484662577
33 0.501131221719457 0.11809815950920245 0.18778280542986425 0.1687116564417178
33 0.48868778280542985 0.8788343558282209 0.16289592760180996 0.147239263803681
17 0.7285067873303167 0.6035276073619632 0.08144796380090498 0.0598159509202454
2 0.4762443438914027 0.25153374233128833 0.0746606334841629 0.08895705521472393
5 0.6764705882352942 0.7684049079754601 0.06787330316742081 0.049079754601226995
20 0.6470588235294118 0.683282208588957 0.04524886877828054 0.05368098159509203
24 0.45475113122171945 0.553680981595092 0.12217194570135746 0.0950920245398773
6 0.41855203619909503 0.6863496932515337 0.04524886877828054 0.03834355828220859
10 0.5101809954751131 0.23696319018404907 0.11085972850678733 0.07515337423312883
11 0.6990950226244343 0.5053680981595092 0.12669683257918551 0.14570552147239263
0 0.7635746606334841 0.49693251533742333 0.05656108597285068 0.05828220858895705
32 0.7941176470588235 0.29524539877300615 0.03167420814479638 0.023006134969325152
32 0.7737556561085973 0.7937116564417178 0.03167420814479638 0.023006134969325152
29 0.6595022624434389 0.22085889570552147 0.08823529411764706 0.06441717791411043
