33 0.19683257918552036 0.7714723926380368 0.167420814479638 0.13190184049079753
33 0.7963800904977375 0.7714723926380368 0.167420814479638 0.13190184049079753
33 0.18665158371040724 0.21088957055214724 0.1244343891402715 0.11503067484662577
33 0.7861990950226244 0.21088957055214724 0.1244343891402715 0.11503067484662577
33 0.501131221719457 0.11809815950920245 0.18778280542986425 0.1687116564417178
33 0.48868778280542985 0.8788343558282209 0.16289592760180996 0.147239263803681
15 0.6176470588235294 0.7331288343558282 0.06334841628959276 0.08588957055214724
19 0.4819004524886878 0.26150306748466257 0.10407239819004525 0.08742331288343558
7 0.2398190045248869 0.4647239263803681 0.16289592760180996 0.10122699386503067
6 0.09728506787330317 0.4256134969325153 0.04524886877828054 0.03834355828220859
0 0.45475113122171945 0.4539877300613497 0.07692307692307693 0.046012269938650305
20 0.48642533936651583 0.4624233128834356 0.07692307692307693 0.05368098159509203
4 0.31221719457013575 0.6664110429447853 0.12217194570135746 0.09969325153374232
26 0.7975113122171946 0.04371165644171779 0.1425339366515837 0.07208588957055215
31 0.47171945701357465 0.07131901840490798 0.1244343891402715 0.023006134969325152
