33 0.19683257918552036 0.7714723926380368 0.167420814479638 0.13190184049079753
33 0.7963800904977375 0.7714723926380368 0.167420814479638 0.13190184049079753
33 0.18665158371040724 0.21088957055214724 0.1244343891402715 0.11503067484662577
33 0.7861990950226244 0.21088957055214724 0.1244343891402715 0.11503067484662577
33 0.501131221719457 0.11809815950920245 0.18778280542986425 0.1687116564417178
33 0.48868778280542985 0.8788343558282209 0.16289592760180996 0.147239263803681
3 0.0418552036199095 0.571319018404908 0.05203619909502263 0.0843558282208589
20 0.5995475113122172 0.23466257668711657 0.04072398190045249 0.05828220858895705
12 0.6357466063348416 0.5299079754601227 0.08144796380090498 0.1058282208588957
6 0.8914027149321267 0.4386503067484663 0.058823529411764705 0.03067484662576687
2 0.12669683257918551 0.5567484662576687 0.07692307692307693 0.0950920245398773
18 0.6006787330316742 0.40107361963190186 0.09728506787330317 0.06901840490797546
5 0.3902714932126697 0.5122699386503068 0.0746606334841629 0.03680981595092025
22 0.5542986425339367 0.34049079754601225 0.13122171945701358 0.13190184049079753
9 0.753393665158371 0.6510736196319018 0.167420814479638 0.11809815950920245
1 0.8065610859728507 0.674079754601227 0.083710407239819 0.05061349693251534
29 0.9242081447963801 0.6955521472392638 0.10180995475113122 0.05368098159509203
28 0.667420814479638 0.6065950920245399 0.058823529411764705 0.05061349693251534
32 0.334841628959276 0.38726993865030673 0.03167420814479638 0.023006134969325152
30 0.2861990950226244 0.4601226993865031 0.1244343891402715 0.024539877300613498
