33 0.19683257918552036 0.7714723926380368 0.167420814479638 0.13190184049079753
33 0.7963800904977375 0.7714723926380368 0.167420814479638 0.13190184049079753
33 0.18665158371040724 0.21088957055214724 0.1244343891402715 0.11503067484662577
33 0.7861990950226244 0.21088957055214724 0.1244343891402715 0.11503067484662577
33 0.501131221719457 0.11809815950920245 0.18778280542986425 0.1687116564417178
33 0.48868778280542985 0.8788343558282209 0.16289592760180996 0.147239263803681
17 0.6312217194570136 0.647239263803681 0.08597285067873303 0.049079754601226995
10 0.6606334841628959 0.5115030674846626 0.10407239819004525 0.07515337423312883
27 0.8031674208144797 0.9516871165644172 0.10407239819004525 0.07208588957055215
27 0.39592760180995473 0.7638036809815951 0.10407239819004525 0.0705521472392638
31 0.0667420814479638 0.19478527607361965 0.06561085972850679 0.024539877300613498
32 0.33031674208144796 0.057515337423312884 0.03167420814479638 0.023006134969325152
