33 0.19683257918552036 0.7714723926380368 0.167420814479638 0.13190184049079753
33 0.7963800904977375 0.7714723926380368 0.167420814479638 0.13190184049079753
33 0.18665158371040724 0.21088957055214724 0.1244343891402715 0.11503067484662577
33 0.7861990950226244 0.21088957055214724 0.1244343891402715 0.11503067484662577
33 0.501131221719457 0.11809815950920245 0.18778280542986425 0.1687116564417178
33 0.48868778280542985 0.8788343558282209 0.16289592760180996 0.147239263803681
18 0.5418552036199095 0.6710122699386503 0.10180995475113122 0.0598159509202454
19 0.753393665158371 0.575920245398773 0.10407239819004525 0.08742331288343558
8 0.580316742081448 0.7430981595092024 0.05203619909502263 0.04141104294478527
3 0.754524886877828 0.5299079754601227 0.06561085972850679 0.05674846625766871
7 0.8167420814479638 0.5613496932515337 0.167420814479638 0.09815950920245399
10 0.3766968325791855 0.46855828220858897 0.07918552036199095 0.07208588957055215
12 0.07805429864253394 0.0651840490797546 0.1334841628959276 0.07515337423312883
29 0.5961538461538461 0.37116564417177916 0.083710407239819 0.08895705521472393
