33 0.19683257918552036 0.7714723926380368 0.167420814479638 0.13190184049079753
33 0.7963800904977375 0.7714723926380368 0.167420814479638 0.13190184049079753
33 0.18665158371040724 0.21088957055214724 0.1244343891402715 0.11503067484662577
33 0.7861990950226244 0.21088957055214724 0.1244343891402715 0.11503067484662577
33 0.501131221719457 0.11809815950920245 0.18778280542986425 0.1687116564417178
33 0.48868778280542985 0.8788343558282209 0.16289592760180996 0.147239263803681
23 0.7341628959276018 0.6441717791411042 0.1425339366515837 0.07975460122699386
12 0.4751131221719457 0.5605828220858896 0.13574660633484162 0.07515337423312883
7 0.166289592760181 0.5460122699386503 0.11085972850678733 0.11042944785276074
0 0.8800904977375565 0.5828220858895705 0.07692307692307693 0.046012269938650305
3 0.09954751131221719 0.299079754601227 0.049773755656108594 0.05521472392638037
4 0.2669683257918552 0.6004601226993865 0.12217194570135746 0.09969325153374232
