33 0.19683257918552036 0.7714723926380368 0.167420814479638 0.13190184049079753
33 0.7963800904977375 0.7714723926380368 0.167420814479638 0.13190184049079753
33 0.18665158371040724 0.21088957055214724 0.1244343891402715 0.11503067484662577
33 0.7861990950226244 0.21088957055214724 0.1244343891402715 0.11503067484662577
33 0.501131221719457 0.11809815950920245 0.18778280542986425 0.1687116564417178
33 0.48868778280542985 0.8788343558282209 0.16289592760180996 0.147239263803681
10 0.34728506787330315 0.5881901840490797 0.11085972850678733 0.07515337423312883
12 0.09954751131221719 0.6081288343558282 0.13574660633484162 0.07515337423312883
8 0.5407239819004525 0.5621165644171779 0.06334841628959276 0.05368098159509203
23 0.07352941176470588 0.5805214723926381 0.1334841628959276 0.10276073619631902
14 0.083710407239819 0.5575153374233128 0.09502262443438914 0.06901840490797546
