33 0.19683257918552036 0.7714723926380368 0.167420814479638 0.13190184049079753
33 0.7963800904977375 0.7714723926380368 0.167420814479638 0.13190184049079753
33 0.18665158371040724 0.21088957055214724 0.1244343891402715 0.11503067484662577
33 0.7861990950226244 0.21088957055214724 0.1244343891402715 0.11503067484662577
33 0.501131221719457 0.11809815950920245 0.18778280542986425 0.1687116564417178
33 0.48868778280542985 0.8788343558282209 0.16289592760180996 0.147239263803681
10 0.34615384615384615 0.5529141104294478 0.10407239819004525 0.07515337423312883
15 0.6719457013574661 0.5598159509202454 0.05429864253393665 0.09202453987730061
20 0.07126696832579185 0.08588957055214724 0.05203619909502263 0.06134969325153374
27 0.33710407239819007 0.26533742331288346 0.10407239819004525 0.0705521472392638
26 0.7941176470588235 0.38726993865030673 0.13122171945701358 0.09662576687116564
31 0.752262443438914 0.8911042944785276 0.06561085972850679 0.024539877300613498
