33 0.19683257918552036 0.7714723926380368 0.167420814479638 0.13190184049079753
33 0.7963800904977375 0.7714723926380368 0.167420814479638 0.13190184049079753
33 0.18665158371040724 0.21088957055214724 0.1244343891402715 0.11503067484662577
33 0.7861990950226244 0.21088957055214724 0.1244343891402715 0.11503067484662577
33 0.501131221719457 0.11809815950920245 0.18778280542986425 0.1687116564417178
33 0.48868778280542985 0.8788343558282209 0.16289592760180996 0.147239263803681
19 0.2149321266968326 0.6602760736196319 0.10407239819004525 0.09049079754601227
14 0.06334841628959276 0.6234662576687117 0.09502262443438914 0.06901840490797546
12 0.08597285067873303 0.45475460122699385 0.06787330316742081 0.07822085889570553
0 0.5373303167420814 0.49233128834355827 0.07013574660633484 0.049079754601226995
2 0.12104072398190045 0.5030674846625767 0.0746606334841629 0.08895705521472393
28 0.5260180995475113 0.4233128834355828 0.07013574660633484 0.05521472392638037
27 0.35294117647058826 0.1848159509202454 0.10407239819004525 0.07208588957055215
31 0.43778280542986425 0.9317484662576687 0.1244343891402715 0.023006134969325152
