33 0.19683257918552036 0.7714723926380368 0.167420814479638 0.13190184049079753
33 0.7963800904977375 0.7714723926380368 0.167420814479638 0.13190184049079753
33 0.18665158371040724 0.21088957055214724 0.1244343891402715 0.11503067484662577
33 0.7861990950226244 0.21088957055214724 0.1244343891402715 0.11503067484662577
33 0.501131221719457 0.11809815950920245 0.18778280542986425 0.1687116564417178
33 0.48868778280542985 0.8788343558282209 0.16289592760180996 0.147239263803681
23 0.4671945701357466 0.5406441717791411 0.1334841628959276 0.10276073619631902
15 0.497737556561086 0.4486196319018405 0.05429864253393665 0.07208588957055215
7 0.6923076923076923 0.5107361963190185 0.16289592760180996 0.10122699386503067
21 0.8563348416289592 0.6878834355828221 0.07918552036199095 0.05061349693251534
17 0.07352941176470588 0.39723926380368096 0.07918552036199095 0.05214723926380368
24 0.3552036199095023 0.5628834355828221 0.12217194570135746 0.0950920245398773
12 0.1515837104072398 0.5260736196319018 0.09502262443438914 0.07668711656441718
28 0.9581447963800905 0.5153374233128835 0.07013574660633484 0.05521472392638037
25 0.7352941176470589 0.7223926380368099 0.03167420814479638 0.03067484662576687
