33 0.19683257918552036 0.7714723926380368 0.167420814479638 0.13190184049079753
33 0.7963800904977375 0.7714723926380368 0.167420814479638 0.13190184049079753
33 0.18665158371040724 0.21088957055214724 0.1244343891402715 0.11503067484662577
33 0.7861990950226244 0.21088957055214724 0.1244343891402715 0.11503067484662577
33 0.501131221719457 0.11809815950920245 0.18778280542986425 0.1687116564417178
33 0.48868778280542985 0.8788343558282209 0.16289592760180996 0.147239263803681
10 0.07013574660633484 0.1526073619631902 0.10407239819004525 0.07515337423312883
0 0.03733031674208145 0.38496932515337423 0.06108597285067873 0.05214723926380368
6 0.07239819004524888 0.40950920245398775 0.058823529411764705 0.03067484662576687
12 0.24434389140271492 0.5598159509202454 0.09502262443438914 0.07668711656441718
32 0.9140271493212669 0.12960122699386503 0.03167420814479638 0.023006134969325152
25 0.3393665158371041 0.8980061349693251 0.08597285067873303 0.04447852760736196
