33 0.19683257918552036 0.7714723926380368 0.167420814479638 0.13190184049079753
33 0.7963800904977375 0.7714723926380368 0.167420814479638 0.13190184049079753
33 0.18665158371040724 0.21088957055214724 0.1244343891402715 0.11503067484662577
33 0.7861990950226244 0.21088957055214724 0.1244343891402715 0.11503067484662577
33 0.501131221719457 0.11809815950920245 0.18778280542986425 0.1687116564417178
33 0.48868778280542985 0.8788343558282209 0.16289592760180996 0.147239263803681
15 0.4751131221719457 0.6418711656441718 0.05429864253393665 0.06288343558282208
1 0.08597285067873303 0.5774539877300614 0.09502262443438914 0.06595092024539877
10 0.48642533936651583 0.6633435582822086 0.10407239819004525 0.07515337423312883
2 0.38574660633484165 0.6273006134969326 0.0746606334841629 0.08895705521472393
14 0.9140271493212669 0.48849693251533743 0.09502262443438914 0.06901840490797546
0 0.08257918552036199 0.8711656441717791 0.07013574660633484 0.049079754601226995
9 0.5226244343891403 0.49616564417177916 0.167420814479638 0.11809815950920245
18 0.5644796380090498 0.5130368098159509 0.09728506787330317 0.06901840490797546
3 0.29638009049773756 0.03987730061349693 0.058823529411764705 0.06134969325153374
16 0.3721719457013575 0.5575153374233128 0.038461538461538464 0.029141104294478526
28 0.9626696832579186 0.8504601226993865 0.06108597285067873 0.05368098159509203
26 0.3936651583710407 0.10812883435582822 0.13122171945701358 0.09662576687116564
