33 0.19683257918552036 0.7714723926380368 0.167420814479638 0.13190184049079753
33 0.7963800904977375 0.7714723926380368 0.167420814479638 0.13190184049079753
33 0.18665158371040724 0.21088957055214724 0.1244343891402715 0.11503067484662577
33 0.7861990950226244 0.21088957055214724 0.1244343891402715 0.11503067484662577
33 0.501131221719457 0.11809815950920245 0.18778280542986425 0.1687116564417178
33 0.48868778280542985 0.8788343558282209 0.16289592760180996 0.147239263803681
3 0.14592760180995476 0.4700920245398773 0.06561085972850679 0.05674846625766871
9 0.5237556561085973 0.6702453987730062 0.16968325791855204 0.1196319018404908
13 0.1334841628959276 0.1165644171779141 0.06787330316742081 0.049079754601226995
11 0.36425339366515835 0.5820552147239264 0.12669683257918551 0.14570552147239263
19 0.09728506787330317 0.08358895705521473 0.10407239819004525 0.08742331288343558
6 0.6153846153846154 0.7354294478527608 0.04524886877828054 0.03834355828220859
