33 0.19683257918552036 0.7714723926380368 0.167420814479638 0.13190184049079753
33 0.7963800904977375 0.7714723926380368 0.167420814479638 0.13190184049079753
33 0.18665158371040724 0.21088957055214724 0.1244343891402715 0.11503067484662577
33 0.7861990950226244 0.21088957055214724 0.1244343891402715 0.11503067484662577
33 0.501131221719457 0.11809815950920245 0.18778280542986425 0.1687116564417178
33 0.48868778280542985 0.8788343558282209 0.16289592760180996 0.147239263803681
0 0.4581447963800905 0.42484662576687116 0.05656108597285068 0.05828220858895705
7 0.38461538461538464 0.6134969325153374 0.16289592760180996 0.10122699386503067
0 0.2873303167420814 0.09125766871165644 0.058823529411764705 0.05674846625766871
6 0.4479638009049774 0.379601226993865 0.04524886877828054 0.03834355828220859
12 0.7850678733031674 0.5912576687116564 0.06787330316742081 0.07822085889570553
17 0.1595022624434389 0.6449386503067485 0.07013574660633484 0.04754601226993865
1 0.22850678733031674 0.4624233128834356 0.07692307692307693 0.0598159509202454
8 0.6074660633484162 0.6924846625766872 0.05203619909502263 0.04141104294478527
26 0.38235294117647056 0.125 0.13122171945701358 0.09662576687116564
25 0.503393665158371 0.15030674846625766 0.07918552036199095 0.03374233128834356
28 0.6323529411764706 0.8489263803680982 0.06108597285067873 0.05368098159509203
