33 0.19683257918552036 0.7714723926380368 0.167420814479638 0.13190184049079753
33 0.7963800904977375 0.7714723926380368 0.167420814479638 0.13190184049079753
33 0.18665158371040724 0.21088957055214724 0.1244343891402715 0.11503067484662577
33 0.7861990950226244 0.21088957055214724 0.1244343891402715 0.11503067484662577
33 0.501131221719457 0.11809815950920245 0.18778280542986425 0.1687116564417178
33 0.48868778280542985 0.8788343558282209 0.16289592760180996 0.147239263803681
15 0.2171945701357466 0.6556748466257669 0.09502262443438914 0.0598159509202454
6 0.5407239819004525 0.24616564417177914 0.04524886877828054 0.03834355828220859
23 0.8529411764705882 0.6687116564417178 0.1493212669683258 0.08895705521472393
22 0.34615384615384615 0.6226993865030674 0.13122171945701358 0.13190184049079753
13 0.5158371040723982 0.22699386503067484 0.06787330316742081 0.049079754601226995
20 0.5690045248868778 0.4432515337423313 0.05203619909502263 0.06134969325153374
28 0.08710407239819004 0.43098159509202455 0.07013574660633484 0.05521472392638037
