33 0.19683257918552036 0.7714723926380368 0.167420814479638 0.13190184049079753
33 0.7963800904977375 0.7714723926380368 0.167420814479638 0.13190184049079753
33 0.18665158371040724 0.21088957055214724 0.1244343891402715 0.11503067484662577
33 0.7861990950226244 0.21088957055214724 0.1244343891402715 0.11503067484662577
33 0.501131221719457 0.11809815950920245 0.18778280542986425 0.1687116564417178
33 0.48868778280542985 0.8788343558282209 0.16289592760180996 0.147239263803681
23 0.37104072398190047 0.46319018404907975 0.1493212669683258 0.08895705521472393
7 0.9072398190045249 0.602760736196319 0.167420814479638 0.09815950920245399
3 0.24434389140271492 0.6671779141104295 0.049773755656108594 0.05521472392638037
21 0.1346153846153846 0.5621165644171779 0.04751131221719457 0.05368098159509203
16 0.49660633484162897 0.5138036809815951 0.05656108597285068 0.049079754601226995
9 0.2002262443438914 0.5628834355828221 0.16968325791855204 0.1196319018404908
0 0.502262443438914 0.7523006134969326 0.058823529411764705 0.05674846625766871
6 0.11990950226244344 0.6725460122699386 0.04524886877828054 0.03834355828220859
31 0.11199095022624435 0.3098159509202454 0.06561085972850679 0.024539877300613498
32 0.29411764705882354 0.31671779141104295 0.03167420814479638 0.023006134969325152
27 0.9411764705882353 0.5789877300613497 0.10407239819004525 0.07208588957055215
25 0.4502262443438914 0.12960122699386503 0.08597285067873303 0.04447852760736196
