33 0.19683257918552036 0.7714723926380368 0.167420814479638 0.13190184049079753
33 0.7963800904977375 0.7714723926380368 0.167420814479638 0.13190184049079753
33 0.18665158371040724 0.21088957055214724 0.1244343891402715 0.11503067484662577
33 0.7861990950226244 0.21088957055214724 0.1244343891402715 0.11503067484662577
33 0.501131221719457 0.11809815950920245 0.18778280542986425 0.1687116564417178
33 0.48868778280542985 0.8788343558282209 0.16289592760180996 0.147239263803681
10 0.05203619909502263 0.8719325153374233 0.10407239819004525 0.07515337423312883
25 0.5690045248868778 0.43558282208588955 0.07918552036199095 0.03374233128834356
30 0.75 0.4493865030674847 0.1244343891402715 0.024539877300613498
28 0.584841628959276 0.9079754601226994 0.07013574660633484 0.05521472392638037
