33 0.19683257918552036 0.7714723926380368 0.167420814479638 0.13190184049079753
33 0.7963800904977375 0.7714723926380368 0.167420814479638 0.13190184049079753
33 0.18665158371040724 0.21088957055214724 0.1244343891402715 0.11503067484662577
33 0.7861990950226244 0.21088957055214724 0.1244343891402715 0.11503067484662577
33 0.501131221719457 0.11809815950920245 0.18778280542986425 0.1687116564417178
33 0.48868778280542985 0.8788343558282209 0.16289592760180996 0.147239263803681
13 0.5678733031674208 0.4447852760736196 0.06787330316742081 0.049079754601226995
21 0.3167420814479638 0.6349693251533742 0.058823529411764705 0.05521472392638037
18 0.5938914027149321 0.46088957055214724 0.10180995475113122 0.0598159509202454
8 0.3495475113122172 0.5191717791411042 0.05203619909502263 0.04141104294478527
30 0.6368778280542986 0.8136503067484663 0.06561085972850679 0.02607361963190184
26 0.33031674208144796 0.9133435582822086 0.13122171945701358 0.09662576687116564
32 0.8778280542986425 0.3366564417177914 0.03167420814479638 0.023006134969325152
28 0.8925339366515838 0.9447852760736196 0.07013574660633484 0.05521472392638037
