33 0.19683257918552036 0.7714723926380368 0.167420814479638 0.13190184049079753
33 0.7963800904977375 0.7714723926380368 0.167420814479638 0.13190184049079753
33 0.18665158371040724 0.21088957055214724 0.1244343891402715 0.11503067484662577
33 0.7861990950226244 0.21088957055214724 0.1244343891402715 0.11503067484662577
33 0.501131221719457 0.11809815950920245 0.18778280542986425 0.1687116564417178
33 0.48868778280542985 0.8788343558282209 0.16289592760180996 0.147239263803681
5 0.36990950226244346 0.5107361963190185 0.0746606334841629 0.03680981595092025
20 0.6764705882352942 0.3243865030674847 0.04524886877828054 0.05368098159509203
25 0.5079185520361991 0.7898773006134969 0.07918552036199095 0.03374233128834356
32 0.36877828054298645 0.2799079754601227 0.03167420814479638 0.023006134969325152
