33 0.19683257918552036 0.7714723926380368 0.167420814479638 0.13190184049079753
33 0.7963800904977375 0.7714723926380368 0.167420814479638 0.13190184049079753
33 0.18665158371040724 0.21088957055214724 0.1244343891402715 0.11503067484662577
33 0.7861990950226244 0.21088957055214724 0.1244343891402715 0.11503067484662577
33 0.501131221719457 0.11809815950920245 0.18778280542986425 0.1687116564417178
33 0.48868778280542985 0.8788343558282209 0.16289592760180996 0.147239263803681
0 0.07239819004524888 0.38266871165644173 0.05429864253393665 0.05368098159509203
16 0.6911764705882353 0.32515337423312884 0.05656108597285068 0.049079754601226995
10 0.5180995475113123 0.6794478527607362 0.11312217194570136 0.0736196319018405
19 0.583710407239819 0.8427914110429447 0.10407239819004525 0.09049079754601227
7 0.4061085972850679 0.6119631901840491 0.11085972850678733 0.11042944785276074
8 0.4423076923076923 0.31671779141104295 0.04751131221719457 0.04754601226993865
13 0.36538461538461536 0.5475460122699386 0.083710407239819 0.06748466257668712
9 0.5214932126696833 0.691717791411043 0.16968325791855204 0.1196319018404908
