33 0.19683257918552036 0.7714723926380368 0.167420814479638 0.13190184049079753
33 0.7963800904977375 0.7714723926380368 0.167420814479638 0.13190184049079753
33 0.18665158371040724 0.21088957055214724 0.1244343891402715 0.11503067484662577
33 0.7861990950226244 0.21088957055214724 0.1244343891402715 0.11503067484662577
33 0.501131221719457 0.11809815950920245 0.18778280542986425 0.1687116564417178
33 0.48868778280542985 0.8788343558282209 0.16289592760180996 0.147239263803681
4 0.42194570135746606 0.45858895705521474 0.11085972850678733 0.08895705521472393
18 0.6278280542986425 0.4210122699386503 0.09728506787330317 0.06901840490797546
10 0.668552036199095 0.5130368098159509 0.07918552036199095 0.07208588957055215
21 0.7251131221719457 0.566717791411043 0.07918552036199095 0.05061349693251534
22 0.5859728506787331 0.5 0.13122171945701358 0.13190184049079753
30 0.6481900452488688 0.34892638036809814 0.06561085972850679 0.02607361963190184
25 0.7601809954751131 0.5130368098159509 0.08597285067873303 0.04447852760736196
32 0.9547511312217195 0.10199386503067484 0.03167420814479638 0.023006134969325152
28 0.3947963800904977 0.39033742331288346 0.06108597285067873 0.05368098159509203
