33 0.19683257918552036 0.7714723926380368 0.167420814479638 0.13190184049079753
33 0.7963800904977375 0.7714723926380368 0.167420814479638 0.13190184049079753
33 0.18665158371040724 0.21088957055214724 0.1244343891402715 0.11503067484662577
33 0.7861990950226244 0.21088957055214724 0.1244343891402715 0.11503067484662577
33 0.501131221719457 0.11809815950920245 0.18778280542986425 0.1687116564417178
33 0.48868778280542985 0.8788343558282209 0.16289592760180996 0.147239263803681
6 0.05656108597285068 0.22315950920245398 0.04524886877828054 0.03834355828220859
22 0.3574660633484163 0.6457055214723927 0.13122171945701358 0.13190184049079753
2 0.6572398190045249 0.348159509202454 0.0746606334841629 0.08895705521472393
9 0.7352941176470589 0.5069018404907976 0.167420814479638 0.11809815950920245
13 0.3393665158371041 0.5996932515337423 0.06787330316742081 0.049079754601226995
27 0.8868778280542986 0.2668711656441718 0.10407239819004525 0.0705521472392638
32 0.6289592760180995 0.8381901840490797 0.03167420814479638 0.023006134969325152
