33 0.19683257918552036 0.7714723926380368 0.167420814479638 0.13190184049079753
33 0.7963800904977375 0.7714723926380368 0.167420814479638 0.13190184049079753
33 0.18665158371040724 0.21088957055214724 0.1244343891402715 0.11503067484662577
33 0.7861990950226244 0.21088957055214724 0.1244343891402715 0.11503067484662577
33 0.501131221719457 0.11809815950920245 0.18778280542986425 0.1687116564417178
33 0.48868778280542985 0.8788343558282209 0.16289592760180996 0.147239263803681
17 0.3506787330316742 0.5636503067484663 0.07239819004524888 0.04754601226993865
8 0.5463800904977375 0.5621165644171779 0.05203619909502263 0.04141104294478527
7 0.10180995475113122 0.09815950920245399 0.16289592760180996 0.10122699386503067
16 0.5260180995475113 0.25383435582822084 0.038461538461538464 0.029141104294478526
13 0.6153846153846154 0.5521472392638037 0.06787330316742081 0.049079754601226995
14 0.7658371040723982 0.46088957055214724 0.09728506787330317 0.07208588957055215
11 0.28054298642533937 0.5513803680981595 0.12669683257918551 0.14570552147239263
32 0.7692307692307693 0.18788343558282208 0.03167420814479638 0.023006134969325152
30 0.6572398190045249 0.3565950920245399 0.06561085972850679 0.02607361963190184
