33 0.19683257918552036 0.7714723926380368 0.167420814479638 0.13190184049079753
33 0.7963800904977375 0.7714723926380368 0.167420814479638 0.13190184049079753
33 0.18665158371040724 0.21088957055214724 0.1244343891402715 0.11503067484662577
33 0.7861990950226244 0.21088957055214724 0.1244343891402715 0.11503067484662577
33 0.501131221719457 0.11809815950920245 0.18778280542986425 0.1687116564417178
33 0.48868778280542985 0.8788343558282209 0.16289592760180996 0.147239263803681
22 0.7013574660633484 0.5322085889570553 0.13122171945701358 0.13190184049079753
19 0.07013574660633484 0.9256134969325154 0.10407239819004525 0.08742331288343558
18 0.6436651583710408 0.6710122699386503 0.09728506787330317 0.06901840490797546
16 0.4660633484162896 0.6863496932515337 0.049773755656108594 0.04447852760736196
1 0.5203619909502263 0.4348159509202454 0.08144796380090498 0.05674846625766871
29 0.4762443438914027 0.39570552147239263 0.083710407239819 0.08895705521472393
32 0.9095022624434389 0.8458588957055214 0.03167420814479638 0.023006134969325152
