33 0.19683257918552036 0.7714723926380368 0.167420814479638 0.13190184049079753
33 0.7963800904977375 0.7714723926380368 0.167420814479638 0.13190184049079753
33 0.18665158371040724 0.21088957055214724 0.1244343891402715 0.11503067484662577
33 0.7861990950226244 0.21088957055214724 0.1244343891402715 0.11503067484662577
33 0.501131221719457 0.11809815950920245 0.18778280542986425 0.1687116564417178
33 0.48868778280542985 0.8788343558282209 0.16289592760180996 0.147239263803681
23 0.14819004524886878 0.558282208588957 0.1425339366515837 0.07975460122699386
4 0.15271493212669685 0.6349693251533742 0.11085972850678733 0.08895705521472393
12 0.3744343891402715 0.5421779141104295 0.1334841628959276 0.07515337423312883
21 0.22058823529411764 0.06365030674846625 0.07918552036199095 0.05061349693251534
0 0.6006787330316742 0.34355828220858897 0.07013574660633484 0.049079754601226995
12 0.248868778280543 0.6372699386503068 0.06787330316742081 0.07822085889570553
8 0.6233031674208145 0.227760736196319 0.04751131221719457 0.04754601226993865
1 0.20135746606334842 0.4578220858895706 0.09049773755656108 0.06595092024539877
21 0.08936651583710407 0.21395705521472394 0.07918552036199095 0.05061349693251534
9 0.7239819004524887 0.4976993865030675 0.167420814479638 0.11809815950920245
25 0.9343891402714932 0.06595092024539877 0.03167420814479638 0.03067484662576687
32 0.167420814479638 0.10812883435582822 0.03167420814479638 0.023006134969325152
30 0.0916289592760181 0.4210122699386503 0.06561085972850679 0.02607361963190184
