33 0.19683257918552036 0.7714723926380368 0.167420814479638 0.13190184049079753
33 0.7963800904977375 0.7714723926380368 0.167420814479638 0.13190184049079753
33 0.18665158371040724 0.21088957055214724 0.1244343891402715 0.11503067484662577
33 0.7861990950226244 0.21088957055214724 0.1244343891402715 0.11503067484662577
33 0.501131221719457 0.11809815950920245 0.18778280542986425 0.1687116564417178
33 0.48868778280542985 0.8788343558282209 0.16289592760180996 0.147239263803681
24 0.3212669683257919 0.6549079754601227 0.12217194570135746 0.0950920245398773
6 0.15610859728506787 0.575920245398773 0.04524886877828054 0.03834355828220859
31 0.4649321266968326 0.07668711656441718 0.06561085972850679 0.024539877300613498
29 0.24321266968325791 0.7361963190184049 0.08823529411764706 0.06441717791411043
30 0.24321266968325791 0.776840490797546 0.06561085972850679 0.02607361963190184
32 0.05656108597285068 0.7538343558282209 0.03167420814479638 0.023006134969325152
