33 0.19683257918552036 0.7714723926380368 0.167420814479638 0.13190184049079753
33 0.7963800904977375 0.7714723926380368 0.167420814479638 0.13190184049079753
33 0.18665158371040724 0.21088957055214724 0.1244343891402715 0.11503067484662577
33 0.7861990950226244 0.21088957055214724 0.1244343891402715 0.11503067484662577
33 0.501131221719457 0.11809815950920245 0.18778280542986425 0.1687116564417178
33 0.48868778280542985 0.8788343558282209 0.16289592760180996 0.147239263803681
16 0.14592760180995476 0.45858895705521474 0.05656108597285068 0.049079754601226995
0 0.6119909502262444 0.294478527607362 0.05656108597285068 0.05828220858895705
11 0.2850678733031674 0.5084355828220859 0.12669683257918551 0.14570552147239263
17 0.6493212669683258 0.4532208588957055 0.08144796380090498 0.05674846625766871
3 0.2828054298642534 0.6119631901840491 0.058823529411764705 0.06134969325153374
10 0.8235294117647058 0.05214723926380368 0.11312217194570136 0.0736196319018405
6 0.3031674208144796 0.10429447852760736 0.058823529411764705 0.03067484662576687
23 0.09389140271493213 0.5007668711656442 0.1334841628959276 0.10276073619631902
15 0.755656108597285 0.5950920245398773 0.08144796380090498 0.06134969325153374
26 0.7737556561085973 0.5927914110429447 0.13122171945701358 0.09662576687116564
32 0.1085972850678733 0.7891104294478528 0.03167420814479638 0.023006134969325152
