33 0.19683257918552036 0.7714723926380368 0.167420814479638 0.13190184049079753
33 0.7963800904977375 0.7714723926380368 0.167420814479638 0.13190184049079753
33 0.18665158371040724 0.21088957055214724 0.1244343891402715 0.11503067484662577
33 0.7861990950226244 0.21088957055214724 0.1244343891402715 0.11503067484662577
33 0.501131221719457 0.11809815950920245 0.18778280542986425 0.1687116564417178
33 0.48868778280542985 0.8788343558282209 0.16289592760180996 0.147239263803681
22 0.7692307692307693 0.593558282208589 0.13122171945701358 0.13190184049079753
10 0.20701357466063347 0.06671779141104295 0.11085972850678733 0.07515337423312883
12 0.3733031674208145 0.48619631901840493 0.09502262443438914 0.07668711656441718
14 0.7002262443438914 0.6219325153374233 0.09728506787330317 0.07208588957055215
24 0.9321266968325792 0.6012269938650306 0.12217194570135746 0.0950920245398773
17 0.25 0.651840490797546 0.07918552036199095 0.05214723926380368
1 0.5452488687782805 0.5958588957055214 0.09502262443438914 0.06595092024539877
4 0.2251131221719457 0.48849693251533743 0.11990950226244344 0.09355828220858896
19 0.332579185520362 0.6096625766871165 0.10407239819004525 0.09049079754601227
28 0.7138009049773756 0.3006134969325153 0.07013574660633484 0.05521472392638037
30 0.6368778280542986 0.18865030674846625 0.1244343891402715 0.024539877300613498
26 0.4852941176470588 0.8228527607361963 0.1425339366515837 0.07208588957055215
