33 0.19683257918552036 0.7714723926380368 0.167420814479638 0.13190184049079753
33 0.7963800904977375 0.7714723926380368 0.167420814479638 0.13190184049079753
33 0.18665158371040724 0.21088957055214724 0.1244343891402715 0.11503067484662577
33 0.7861990950226244 0.21088957055214724 0.1244343891402715 0.11503067484662577
33 0.501131221719457 0.11809815950920245 0.18778280542986425 0.1687116564417178
33 0.48868778280542985 0.8788343558282209 0.16289592760180996 0.147239263803681
12 0.9276018099547512 0.6242331288343558 0.09502262443438914 0.07668711656441718
17 0.497737556561086 0.375 0.08144796380090498 0.05674846625766871
18 0.6346153846153846 0.5805214723926381 0.09728506787330317 0.06901840490797546
4 0.5226244343891403 0.3995398773006135 0.12217194570135746 0.09969325153374232
15 0.027149321266968326 0.12653374233128833 0.05429864253393665 0.07208588957055215
6 0.049773755656108594 0.8289877300613497 0.04524886877828054 0.03834355828220859
16 0.582579185520362 0.593558282208589 0.05656108597285068 0.049079754601226995
