33 0.19683257918552036 0.7714723926380368 0.167420814479638 0.13190184049079753
33 0.7963800904977375 0.7714723926380368 0.167420814479638 0.13190184049079753
33 0.18665158371040724 0.21088957055214724 0.1244343891402715 0.11503067484662577
33 0.7861990950226244 0.21088957055214724 0.1244343891402715 0.11503067484662577
33 0.501131221719457 0.11809815950920245 0.18778280542986425 0.1687116564417178
33 0.48868778280542985 0.8788343558282209 0.16289592760180996 0.147239263803681
8 0.5531674208144797 0.6357361963190185 0.04751131221719457 0.04754601226993865
17 0.3178733031674208 0.5682515337423313 0.07013574660633484 0.04754601226993865
1 0.4095022624434389 0.4639570552147239 0.07692307692307693 0.0598159509202454
16 0.497737556561086 0.3688650306748466 0.049773755656108594 0.04447852760736196
21 0.2228506787330317 0.5820552147239264 0.04751131221719457 0.05368098159509203
6 0.2171945701357466 0.6134969325153374 0.058823529411764705 0.03067484662576687
17 0.08597285067873303 0.5337423312883436 0.08597285067873303 0.049079754601226995
10 0.25339366515837103 0.5207055214723927 0.10407239819004525 0.07515337423312883
3 0.6979638009049773 0.5322085889570553 0.05203619909502263 0.06134969325153374
4 0.06900452488687783 0.8627300613496932 0.11990950226244344 0.09662576687116564
26 0.6628959276018099 0.12346625766871165 0.13122171945701358 0.09662576687116564
