33 0.19683257918552036 0.7714723926380368 0.167420814479638 0.13190184049079753
33 0.7963800904977375 0.7714723926380368 0.167420814479638 0.13190184049079753
33 0.18665158371040724 0.21088957055214724 0.1244343891402715 0.11503067484662577
33 0.7861990950226244 0.21088957055214724 0.1244343891402715 0.11503067484662577
33 0.501131221719457 0.11809815950920245 0.18778280542986425 0.1687116564417178
33 0.48868778280542985 0.8788343558282209 0.16289592760180996 0.147239263803681
5 0.06108597285067873 0.6380368098159509 0.06787330316742081 0.049079754601226995
9 0.2647058823529412 0.09279141104294479 0.167420814479638 0.11809815950920245
0 0.5610859728506787 0.3151840490797546 0.05429864253393665 0.05368098159509203
8 0.5294117647058824 0.28297546012269936 0.06334841628959276 0.05368098159509203
6 0.5633484162895928 0.4294478527607362 0.058823529411764705 0.03067484662576687
