33 0.19683257918552036 0.7714723926380368 0.167420814479638 0.13190184049079753
33 0.7963800904977375 0.7714723926380368 0.167420814479638 0.13190184049079753
33 0.18665158371040724 0.21088957055214724 0.1244343891402715 0.11503067484662577
33 0.7861990950226244 0.21088957055214724 0.1244343891402715 0.11503067484662577
33 0.501131221719457 0.11809815950920245 0.18778280542986425 0.1687116564417178
33 0.48868778280542985 0.8788343558282209 0.16289592760180996 0.147239263803681
7 0.4626696832579186 0.588957055214724 0.11085972850678733 0.11042944785276074
19 0.4298642533936652 0.5575153374233128 0.10407239819004525 0.08742331288343558
4 0.5418552036199095 0.26380368098159507 0.11085972850678733 0.08895705521472393
13 0.03619909502262444 0.37576687116564417 0.06787330316742081 0.049079754601226995
5 0.4106334841628959 0.6487730061349694 0.0746606334841629 0.03680981595092025
22 0.4660633484162896 0.6042944785276073 0.13122171945701358 0.13190184049079753
4 0.13009049773755657 0.04831288343558282 0.11990950226244344 0.09355828220858896
3 0.8755656108597285 0.549079754601227 0.058823529411764705 0.06134969325153374
