33 0.19683257918552036 0.7714723926380368 0.167420814479638 0.13190184049079753
33 0.7963800904977375 0.7714723926380368 0.167420814479638 0.13190184049079753
33 0.18665158371040724 0.21088957055214724 0.1244343891402715 0.11503067484662577
33 0.7861990950226244 0.21088957055214724 0.1244343891402715 0.11503067484662577
33 0.501131221719457 0.11809815950920245 0.18778280542986425 0.1687116564417178
33 0.48868778280542985 0.8788343558282209 0.16289592760180996 0.147239263803681
21 0.23642533936651583 0.1280674846625767 0.07918552036199095 0.05061349693251534
23 0.45588235294117646 0.5682515337423313 0.1334841628959276 0.10276073619631902
11 0.23076923076923078 0.6265337423312883 0.12669683257918551 0.14570552147239263
13 0.8099547511312217 0.5567484662576687 0.06787330316742081 0.049079754601226995
12 0.5859728506787331 0.6111963190184049 0.06787330316742081 0.07822085889570553
7 0.8484162895927602 0.6088957055214724 0.167420814479638 0.09815950920245399
17 0.3665158371040724 0.12039877300613497 0.06787330316742081 0.05061349693251534
32 0.8619909502262444 0.8719325153374233 0.03167420814479638 0.023006134969325152
25 0.1583710407239819 0.3834355828220859 0.03167420814479638 0.03067484662576687
28 0.6742081447963801 0.46088957055214724 0.058823529411764705 0.05061349693251534
