33 0.19683257918552036 0.7714723926380368 0.167420814479638 0.13190184049079753
33 0.7963800904977375 0.7714723926380368 0.167420814479638 0.13190184049079753
33 0.18665158371040724 0.21088957055214724 0.1244343891402715 0.11503067484662577
33 0.7861990950226244 0.21088957055214724 0.1244343891402715 0.11503067484662577
33 0.501131221719457 0.11809815950920245 0.18778280542986425 0.1687116564417178
33 0.48868778280542985 0.8788343558282209 0.16289592760180996 0.147239263803681
32 0.24434389140271492 0.17561349693251535 0.03167420814479638 0.023006134969325152
28 0.1414027149321267 0.6503067484662577 0.07013574660633484 0.05521472392638037
29 0.7613122171945701 0.37653374233128833 0.10180995475113122 0.05368098159509203
25 0.12104072398190045 0.5651840490797546 0.0746606334841629 0.029141104294478526
