33 0.19683257918552036 0.7714723926380368 0.167420814479638 0.13190184049079753
33 0.7963800904977375 0.7714723926380368 0.167420814479638 0.13190184049079753
33 0.18665158371040724 0.21088957055214724 0.1244343891402715 0.11503067484662577
33 0.7861990950226244 0.21088957055214724 0.1244343891402715 0.11503067484662577
33 0.501131221719457 0.11809815950920245 0.18778280542986425 0.1687116564417178
33 0.48868778280542985 0.8788343558282209 0.16289592760180996 0.147239263803681
13 0.6312217194570136 0.754601226993865 0.06787330316742081 0.049079754601226995
2 0.7262443438914027 0.5444785276073619 0.07692307692307693 0.0950920245398773
15 0.6606334841628959 0.375 0.09502262443438914 0.0598159509202454
27 0.5429864253393665 0.647239263803681 0.10407239819004525 0.0705521472392638
31 0.07805429864253394 0.7822085889570553 0.06561085972850679 0.024539877300613498
32 0.3031674208144796 0.03144171779141104 0.03167420814479638 0.023006134969325152
31 0.831447963800905 0.0651840490797546 0.1244343891402715 0.023006134969325152
