33 0.19683257918552036 0.7714723926380368 0.167420814479638 0.13190184049079753
33 0.7963800904977375 0.7714723926380368 0.167420814479638 0.13190184049079753
33 0.18665158371040724 0.21088957055214724 0.1244343891402715 0.11503067484662577
33 0.7861990950226244 0.21088957055214724 0.1244343891402715 0.11503067484662577
33 0.501131221719457 0.11809815950920245 0.18778280542986425 0.1687116564417178
33 0.48868778280542985 0.8788343558282209 0.16289592760180996 0.147239263803681
12 0.8099547511312217 0.15414110429447853 0.06787330316742081 0.07822085889570553
11 0.6990950226244343 0.5958588957055214 0.12669683257918551 0.14570552147239263
0 0.2398190045248869 0.5912576687116564 0.049773755656108594 0.04754601226993865
10 0.07352941176470588 0.40107361963190186 0.07918552036199095 0.07208588957055215
1 0.9095022624434389 0.5483128834355828 0.09049773755656108 0.06595092024539877
4 0.47058823529411764 0.6526073619631901 0.12217194570135746 0.09969325153374232
6 0.5723981900452488 0.2929447852760736 0.058823529411764705 0.03067484662576687
8 0.16289592760180996 0.620398773006135 0.06334841628959276 0.05368098159509203
3 0.7635746606334841 0.5237730061349694 0.05203619909502263 0.0843558282208589
30 0.333710407239819 0.9348159509202454 0.06561085972850679 0.02607361963190184
31 0.5237556561085973 0.6111963190184049 0.1244343891402715 0.023006134969325152
29 0.415158371040724 0.18098159509202455 0.08823529411764706 0.06441717791411043
25 0.7873303167420814 0.6817484662576687 0.08597285067873303 0.04447852760736196
