33 0.19683257918552036 0.7714723926380368 0.167420814479638 0.13190184049079753
33 0.7963800904977375 0.7714723926380368 0.167420814479638 0.13190184049079753
33 0.18665158371040724 0.21088957055214724 0.1244343891402715 0.11503067484662577
33 0.7861990950226244 0.21088957055214724 0.1244343891402715 0.11503067484662577
33 0.501131221719457 0.11809815950920245 0.18778280542986425 0.1687116564417178
33 0.48868778280542985 0.8788343558282209 0.16289592760180996 0.147239263803681
3 0.09389140271493213 0.24846625766871167 0.05203619909502263 0.06441717791411043
9 0.504524886877828 0.5483128834355828 0.167420814479638 0.11809815950920245
21 0.1583710407239819 0.47392638036809814 0.058823529411764705 0.05521472392638037
0 0.6957013574660633 0.6687116564417178 0.05656108597285068 0.05828220858895705
4 0.07352941176470588 0.47699386503067487 0.11085972850678733 0.08895705521472393
1 0.6266968325791855 0.5452453987730062 0.08144796380090498 0.05674846625766871
16 0.251131221719457 0.5076687116564417 0.04072398190045249 0.03067484662576687
13 0.7726244343891403 0.6042944785276073 0.083710407239819 0.06748466257668712
27 0.7782805429864253 0.16947852760736196 0.10407239819004525 0.07208588957055215
32 0.9072398190045249 0.0789877300613497 0.03167420814479638 0.023006134969325152
28 0.6052036199095022 0.3535276073619632 0.06108597285067873 0.05368098159509203
29 0.11764705882352941 0.6970858895705522 0.1085972850678733 0.08128834355828221
