33 0.19683257918552036 0.7714723926380368 0.167420814479638 0.13190184049079753
33 0.7963800904977375 0.7714723926380368 0.167420814479638 0.13190184049079753
33 0.18665158371040724 0.21088957055214724 0.1244343891402715 0.11503067484662577
33 0.7861990950226244 0.21088957055214724 0.1244343891402715 0.11503067484662577
33 0.501131221719457 0.11809815950920245 0.18778280542986425 0.1687116564417178
33 0.48868778280542985 0.8788343558282209 0.16289592760180996 0.147239263803681
23 0.8110859728506787 0.8888036809815951 0.1334841628959276 0.10276073619631902
3 0.27941176470588236 0.03144171779141104 0.06561085972850679 0.05674846625766871
19 0.05203619909502263 0.8949386503067485 0.10407239819004525 0.08742331288343558
9 0.667420814479638 0.526840490797546 0.167420814479638 0.11809815950920245
1 0.25678733031674206 0.06365030674846625 0.08823529411764706 0.05674846625766871
12 0.7194570135746606 0.5007668711656442 0.06787330316742081 0.07822085889570553
16 0.43891402714932126 0.3174846625766871 0.03167420814479638 0.03067484662576687
12 0.3416289592760181 0.0705521472392638 0.09502262443438914 0.07668711656441718
4 0.6527149321266968 0.2921779141104294 0.11990950226244344 0.09355828220858896
11 0.8484162895927602 0.9210122699386503 0.12669683257918551 0.14570552147239263
28 0.29298642533936653 0.1664110429447853 0.06108597285067873 0.05368098159509203
30 0.252262443438914 0.33819018404907975 0.06561085972850679 0.02607361963190184
