33 0.19683257918552036 0.7714723926380368 0.167420814479638 0.13190184049079753
33 0.7963800904977375 0.7714723926380368 0.167420814479638 0.13190184049079753
33 0.18665158371040724 0.21088957055214724 0.1244343891402715 0.11503067484662577
33 0.7861990950226244 0.21088957055214724 0.1244343891402715 0.11503067484662577
33 0.501131221719457 0.11809815950920245 0.18778280542986425 0.1687116564417178
33 0.48868778280542985 0.8788343558282209 0.16289592760180996 0.147239263803681
16 0.06108597285067873 0.09662576687116564 0.04072398190045249 0.03067484662576687
9 0.4276018099547511 0.5375766871165644 0.167420814479638 0.11809815950920245
7 0.17647058823529413 0.10122699386503067 0.13574660633484162 0.10429447852760736
19 0.083710407239819 0.6035276073619632 0.10407239819004525 0.09049079754601227
1 0.248868778280543 0.49616564417177916 0.09954751131221719 0.05061349693251534
20 0.18665158371040724 0.6357361963190185 0.042986425339366516 0.05674846625766871
30 0.4513574660633484 0.8496932515337423 0.1244343891402715 0.024539877300613498
29 0.5961538461538461 0.28450920245398775 0.10180995475113122 0.05368098159509203
31 0.6527149321266968 0.4493865030674847 0.06561085972850679 0.024539877300613498
