33 0.19683257918552036 0.7714723926380368 0.167420814479638 0.13190184049079753
33 0.7963800904977375 0.7714723926380368 0.167420814479638 0.13190184049079753
33 0.18665158371040724 0.21088957055214724 0.1244343891402715 0.11503067484662577
33 0.7861990950226244 0.21088957055214724 0.1244343891402715 0.11503067484662577
33 0.501131221719457 0.11809815950920245 0.18778280542986425 0.1687116564417178
33 0.48868778280542985 0.8788343558282209 0.16289592760180996 0.147239263803681
0 0.18212669683257918 0.651840490797546 0.06108597285067873 0.05214723926380368
17 0.5090497737556561 0.6556748466257669 0.07239819004524888 0.04754601226993865
4 0.45588235294117646 0.656441717791411 0.11085972850678733 0.08895705521472393
11 0.8257918552036199 0.5989263803680982 0.12669683257918551 0.14570552147239263
22 0.3778280542986425 0.5337423312883436 0.13122171945701358 0.13190184049079753
7 0.748868778280543 0.7837423312883436 0.167420814479638 0.09815950920245399
9 0.497737556561086 0.7262269938650306 0.167420814479638 0.11809815950920245
28 0.2986425339366516 0.776840490797546 0.058823529411764705 0.05061349693251534
31 0.5576923076923077 0.3726993865030675 0.06561085972850679 0.024539877300613498
27 0.17873303167420815 0.09585889570552147 0.09954751131221719 0.06595092024539877
