33 0.19683257918552036 0.7714723926380368 0.167420814479638 0.13190184049079753
33 0.7963800904977375 0.7714723926380368 0.167420814479638 0.13190184049079753
33 0.18665158371040724 0.21088957055214724 0.1244343891402715 0.11503067484662577
33 0.7861990950226244 0.21088957055214724 0.1244343891402715 0.11503067484662577
33 0.501131221719457 0.11809815950920245 0.18778280542986425 0.1687116564417178
33 0.48868778280542985 0.8788343558282209 0.16289592760180996 0.147239263803681
15 0.5090497737556561 0.6503067484662577 0.06334841628959276 0.08588957055214724
24 0.8461538461538461 0.495398773006135 0.12217194570135746 0.0950920245398773
12 0.07239819004524888 0.6533742331288344 0.09502262443438914 0.07668711656441718
14 0.7081447963800905 0.5099693251533742 0.09502262443438914 0.06901840490797546
5 0.04751131221719457 0.07975460122699386 0.06787330316742081 0.049079754601226995
18 0.6368778280542986 0.3044478527607362 0.10180995475113122 0.0598159509202454
11 0.3733031674208145 0.5651840490797546 0.12669683257918551 0.14570552147239263
3 0.4604072398190045 0.5007668711656442 0.06561085972850679 0.05674846625766871
29 0.20588235294117646 0.19861963190184048 0.1085972850678733 0.08128834355828221
31 0.6843891402714932 0.37346625766871167 0.1244343891402715 0.023006134969325152
