33 0.19683257918552036 0.7714723926380368 0.167420814479638 0.13190184049079753
33 0.7963800904977375 0.7714723926380368 0.167420814479638 0.13190184049079753
33 0.18665158371040724 0.21088957055214724 0.1244343891402715 0.11503067484662577
33 0.7861990950226244 0.21088957055214724 0.1244343891402715 0.11503067484662577
33 0.501131221719457 0.11809815950920245 0.18778280542986425 0.1687116564417178
33 0.48868778280542985 0.8788343558282209 0.16289592760180996 0.147239263803681
10 0.6278280542986425 0.34892638036809814 0.11085972850678733 0.07515337423312883
3 0.49434389140271495 0.4072085889570552 0.05203619909502263 0.05368098159509203
19 0.6040723981900452 0.7001533742331288 0.10407239819004525 0.09049079754601227
14 0.5576923076923077 0.4578220858895706 0.09728506787330317 0.07208588957055215
2 0.4581447963800905 0.24846625766871167 0.0746606334841629 0.08895705521472393
12 0.8766968325791855 0.6664110429447853 0.1334841628959276 0.07515337423312883
11 0.2239819004524887 0.8473926380368099 0.12669683257918551 0.14570552147239263
27 0.49095022624434387 0.7868098159509203 0.10407239819004525 0.0705521472392638
27 0.5859728506787331 0.5007668711656442 0.09954751131221719 0.06595092024539877
25 0.9604072398190046 0.5299079754601227 0.0746606334841629 0.029141104294478526
29 0.06561085972850679 0.35506134969325154 0.1085972850678733 0.08128834355828221
