33 0.19683257918552036 0.7714723926380368 0.167420814479638 0.13190184049079753
33 0.7963800904977375 0.7714723926380368 0.167420814479638 0.13190184049079753
33 0.18665158371040724 0.21088957055214724 0.1244343891402715 0.11503067484662577
33 0.7861990950226244 0.21088957055214724 0.1244343891402715 0.11503067484662577
33 0.501131221719457 0.11809815950920245 0.18778280542986425 0.1687116564417178
33 0.48868778280542985 0.8788343558282209 0.16289592760180996 0.147239263803681
24 0.4660633484162896 0.6211656441717791 0.12217194570135746 0.0950920245398773
3 0.4604072398190045 0.27070552147239263 0.05203619909502263 0.05368098159509203
17 0.3947963800904977 0.6257668711656442 0.07918552036199095 0.05214723926380368
10 0.08484162895927602 0.47776073619631904 0.07918552036199095 0.07208588957055215
21 0.2692307692307692 0.46932515337423314 0.058823529411764705 0.05521472392638037
2 0.6040723981900452 0.35276073619631904 0.07692307692307693 0.0950920245398773
15 0.4751131221719457 0.36273006134969327 0.05429864253393665 0.06288343558282208
29 0.21380090497737556 0.7661042944785276 0.10180995475113122 0.05368098159509203
30 0.498868778280543 0.04217791411042945 0.06561085972850679 0.02607361963190184
