33 0.19683257918552036 0.7714723926380368 0.167420814479638 0.13190184049079753
33 0.7963800904977375 0.7714723926380368 0.167420814479638 0.13190184049079753
33 0.18665158371040724 0.21088957055214724 0.1244343891402715 0.11503067484662577
33 0.7861990950226244 0.21088957055214724 0.1244343891402715 0.11503067484662577
33 0.501131221719457 0.11809815950920245 0.18778280542986425 0.1687116564417178
33 0.48868778280542985 0.8788343558282209 0.16289592760180996 0.147239263803681
6 0.09276018099547512 0.7032208588957055 0.04524886877828054 0.03834355828220859
14 0.4638009049773756 0.6265337423312883 0.09502262443438914 0.06901840490797546
17 0.1493212669683258 0.6664110429447853 0.08144796380090498 0.0598159509202454
12 0.3416289592760181 0.5529141104294478 0.06787330316742081 0.07822085889570553
31 0.3042986425339366 0.6763803680981595 0.06561085972850679 0.024539877300613498
27 0.7760180995475113 0.8765337423312883 0.09954751131221719 0.06595092024539877
