33 0.19683257918552036 0.7714723926380368 0.167420814479638 0.13190184049079753
33 0.7963800904977375 0.7714723926380368 0.167420814479638 0.13190184049079753
33 0.18665158371040724 0.21088957055214724 0.1244343891402715 0.11503067484662577
33 0.7861990950226244 0.21088957055214724 0.1244343891402715 0.11503067484662577
33 0.501131221719457 0.11809815950920245 0.18778280542986425 0.1687116564417178
33 0.48868778280542985 0.8788343558282209 0.16289592760180996 0.147239263803681
4 0.13009049773755657 0.674079754601227 0.11990950226244344 0.09355828220858896
17 0.24660633484162897 0.4447852760736196 0.08597285067873303 0.049079754601226995
0 0.9513574660633484 0.5138036809815951 0.05656108597285068 0.05828220858895705
9 0.505656108597285 0.3619631901840491 0.16968325791855204 0.1196319018404908
8 0.27262443438914025 0.6633435582822086 0.05203619909502263 0.04141104294478527
1 0.5135746606334841 0.4470858895705521 0.09049773755656108 0.06595092024539877
2 0.36425339366515835 0.4677914110429448 0.07692307692307693 0.0950920245398773
30 0.915158371040724 0.06901840490797546 0.1244343891402715 0.024539877300613498
26 0.10294117647058823 0.1142638036809816 0.1425339366515837 0.07208588957055215
25 0.14027149321266968 0.7668711656441718 0.03167420814479638 0.03067484662576687
