33 0.19683257918552036 0.7714723926380368 0.167420814479638 0.13190184049079753
33 0.7963800904977375 0.7714723926380368 0.167420814479638 0.13190184049079753
33 0.18665158371040724 0.21088957055214724 0.1244343891402715 0.11503067484662577
33 0.7861990950226244 0.21088957055214724 0.1244343891402715 0.11503067484662577
33 0.501131221719457 0.11809815950920245 0.18778280542986425 0.1687116564417178
33 0.48868778280542985 0.8788343558282209 0.16289592760180996 0.147239263803681
18 0.6866515837104072 0.6111963190184049 0.10180995475113122 0.0598159509202454
5 0.09502262443438914 0.911042944785276 0.06787330316742081 0.049079754601226995
1 0.19570135746606335 0.4723926380368098 0.05656108597285068 0.06134969325153374
12 0.12669683257918551 0.5989263803680982 0.13574660633484162 0.07515337423312883
9 0.5124434389140271 0.48006134969325154 0.16968325791855204 0.1196319018404908
29 0.23642533936651583 0.8266871165644172 0.08823529411764706 0.06441717791411043
30 0.5214932126696833 0.7845092024539877 0.06561085972850679 0.02607361963190184
25 0.2579185520361991 0.7975460122699386 0.03167420814479638 0.03067484662576687
31 0.6504524886877828 0.21855828220858894 0.1244343891402715 0.023006134969325152
