33 0.19683257918552036 0.7714723926380368 0.167420814479638 0.13190184049079753
33 0.7963800904977375 0.7714723926380368 0.167420814479638 0.13190184049079753
33 0.18665158371040724 0.21088957055214724 0.1244343891402715 0.11503067484662577
33 0.7861990950226244 0.21088957055214724 0.1244343891402715 0.11503067484662577
33 0.501131221719457 0.11809815950920245 0.18778280542986425 0.1687116564417178
33 0.48868778280542985 0.8788343558282209 0.16289592760180996 0.147239263803681
12 0.15271493212669685 0.5283742331288344 0.1334841628959276 0.07515337423312883
11 0.13800904977375567 0.07745398773006135 0.12669683257918551 0.14570552147239263
6 0.9683257918552036 0.6541411042944786 0.04524886877828054 0.03834355828220859
3 0.3721719457013575 0.5260736196319018 0.05203619909502263 0.06441717791411043
9 0.5746606334841629 0.30598159509202455 0.167420814479638 0.11809815950920245
8 0.5384615384615384 0.2415644171779141 0.06334841628959276 0.05368098159509203
21 0.3495475113122172 0.5559815950920245 0.07918552036199095 0.05061349693251534
10 0.05995475113122172 0.4348159509202454 0.11085972850678733 0.07515337423312883
5 0.5339366515837104 0.6150306748466258 0.06787330316742081 0.049079754601226995
27 0.8190045248868778 0.40337423312883436 0.10407239819004525 0.0705521472392638
29 0.2839366515837104 0.5061349693251533 0.08823529411764706 0.06441717791411043
