33 0.19683257918552036 0.7714723926380368 0.167420814479638 0.13190184049079753
33 0.7963800904977375 0.7714723926380368 0.167420814479638 0.13190184049079753
33 0.18665158371040724 0.21088957055214724 0.1244343891402715 0.11503067484662577
33 0.7861990950226244 0.21088957055214724 0.1244343891402715 0.11503067484662577
33 0.501131221719457 0.11809815950920245 0.18778280542986425 0.1687116564417178
33 0.48868778280542985 0.8788343558282209 0.16289592760180996 0.147239263803681
23 0.08144796380090498 0.4601226993865031 0.1493212669683258 0.08895705521472393
11 0.8529411764705882 0.5544478527607362 0.12669683257918551 0.14570552147239263
18 0.6119909502262444 0.678680981595092 0.083710407239819 0.05674846625766871
17 0.5950226244343891 0.26763803680981596 0.07239819004524888 0.04754601226993865
2 0.5373303167420814 0.45245398773006135 0.0746606334841629 0.08895705521472393
26 0.41855203619909503 0.531441717791411 0.13122171945701358 0.09662576687116564
32 0.9117647058823529 0.6188650306748467 0.03167420814479638 0.023006134969325152
27 0.8212669683257918 0.16487730061349692 0.10407239819004525 0.07208588957055215
30 0.1504524886877828 0.6978527607361963 0.1244343891402715 0.024539877300613498
