33 0.19683257918552036 0.7714723926380368 0.167420814479638 0.13190184049079753
33 0.7963800904977375 0.7714723926380368 0.167420814479638 0.13190184049079753
33 0.18665158371040724 0.21088957055214724 0.1244343891402715 0.11503067484662577
33 0.7861990950226244 0.21088957055214724 0.1244343891402715 0.11503067484662577
33 0.501131221719457 0.11809815950920245 0.18778280542986425 0.1687116564417178
33 0.48868778280542985 0.8788343558282209 0.16289592760180996 0.147239263803681
16 0.7285067873303167 0.678680981595092 0.049773755656108594 0.04447852760736196
21 0.06221719457013575 0.7661042944785276 0.04751131221719457 0.05368098159509203
14 0.41402714932126694 0.46855828220858897 0.09502262443438914 0.06901840490797546
8 0.07692307692307693 0.3182515337423313 0.06334841628959276 0.05368098159509203
4 0.6368778280542986 0.4210122699386503 0.11990950226244344 0.09355828220858896
24 0.6040723981900452 0.3803680981595092 0.12217194570135746 0.0950920245398773
20 0.1323529411764706 0.5398773006134969 0.0746606334841629 0.06134969325153374
13 0.5735294117647058 0.7515337423312883 0.083710407239819 0.06748466257668712
32 0.5226244343891403 0.03144171779141104 0.03167420814479638 0.023006134969325152
31 0.7726244343891403 0.16104294478527606 0.06561085972850679 0.024539877300613498
28 0.5395927601809954 0.7262269938650306 0.06108597285067873 0.05368098159509203
