33 0.19683257918552036 0.7714723926380368 0.167420814479638 0.13190184049079753
33 0.7963800904977375 0.7714723926380368 0.167420814479638 0.13190184049079753
33 0.18665158371040724 0.21088957055214724 0.1244343891402715 0.11503067484662577
33 0.7861990950226244 0.21088957055214724 0.1244343891402715 0.11503067484662577
33 0.501131221719457 0.11809815950920245 0.18778280542986425 0.1687116564417178
33 0.48868778280542985 0.8788343558282209 0.16289592760180996 0.147239263803681
8 0.8280542986425339 0.5544478527607362 0.06334841628959276 0.05368098159509203
3 0.6006787330316742 0.3934049079754601 0.05203619909502263 0.05368098159509203
23 0.8099547511312217 0.6441717791411042 0.1493212669683258 0.08895705521472393
12 0.334841628959276 0.4915644171779141 0.08144796380090498 0.1058282208588957
10 0.14027149321266968 0.062116564417177916 0.10407239819004525 0.07515337423312883
20 0.6425339366515838 0.25383435582822084 0.04524886877828054 0.05368098159509203
0 0.07692307692307693 0.6641104294478528 0.07692307692307693 0.046012269938650305
24 0.918552036199095 0.6180981595092024 0.12217194570135746 0.0950920245398773
25 0.13800904977375567 0.4371165644171779 0.03167420814479638 0.03067484662576687
27 0.7398190045248869 0.16487730061349692 0.09954751131221719 0.06595092024539877
