33 0.19683257918552036 0.7714723926380368 0.167420814479638 0.13190184049079753
33 0.7963800904977375 0.7714723926380368 0.167420814479638 0.13190184049079753
33 0.18665158371040724 0.21088957055214724 0.1244343891402715 0.11503067484662577
33 0.7861990950226244 0.21088957055214724 0.1244343891402715 0.11503067484662577
33 0.501131221719457 0.11809815950920245 0.18778280542986425 0.1687116564417178
33 0.48868778280542985 0.8788343558282209 0.16289592760180996 0.147239263803681
7 0.2873303167420814 0.5214723926380368 0.17647058823529413 0.11042944785276074
2 0.7748868778280543 0.5184049079754601 0.0746606334841629 0.08895705521472393
8 0.6900452488687783 0.3688650306748466 0.06334841628959276 0.05368098159509203
4 0.49660633484162897 0.6756134969325154 0.11990950226244344 0.09662576687116564
0 0.5757918552036199 0.5414110429447853 0.06108597285067873 0.05214723926380368
6 0.416289592760181 0.7001533742331288 0.04524886877828054 0.03834355828220859
18 0.6595022624434389 0.46855828220858897 0.09728506787330317 0.06901840490797546
10 0.32918552036199095 0.6771472392638037 0.11085972850678733 0.07515337423312883
