33 0.19683257918552036 0.7714723926380368 0.167420814479638 0.13190184049079753
33 0.7963800904977375 0.7714723926380368 0.167420814479638 0.13190184049079753
33 0.18665158371040724 0.21088957055214724 0.1244343891402715 0.11503067484662577
33 0.7861990950226244 0.21088957055214724 0.1244343891402715 0.11503067484662577
33 0.501131221719457 0.11809815950920245 0.18778280542986425 0.1687116564417178
33 0.48868778280542985 0.8788343558282209 0.16289592760180996 0.147239263803681
16 0.7047511312217195 0.5038343558282209 0.038461538461538464 0.029141104294478526
1 0.048642533936651584 0.1111963190184049 0.083710407239819 0.05061349693251534
2 0.25339366515837103 0.049079754601226995 0.07692307692307693 0.0950920245398773
12 0.8009049773755657 0.6418711656441718 0.13574660633484162 0.07515337423312883
19 0.07239819004524888 0.25383435582822084 0.10407239819004525 0.09049079754601227
8 0.5214932126696833 0.5299079754601227 0.04751131221719457 0.04754601226993865
9 0.6323529411764706 0.6763803680981595 0.16968325791855204 0.1196319018404908
15 0.9366515837104072 0.629601226993865 0.09502262443438914 0.0598159509202454
3 0.07352941176470588 0.786042944785276 0.05203619909502263 0.05368098159509203
18 0.21153846153846154 0.5805214723926381 0.09728506787330317 0.06901840490797546
30 0.5984162895927602 0.8251533742331288 0.1244343891402715 0.024539877300613498
28 0.4762443438914027 0.3588957055214724 0.07013574660633484 0.05521472392638037
25 0.7635746606334841 0.566717791411043 0.0746606334841629 0.029141104294478526
