33 0.19683257918552036 0.7714723926380368 0.167420814479638 0.13190184049079753
33 0.7963800904977375 0.7714723926380368 0.167420814479638 0.13190184049079753
33 0.18665158371040724 0.21088957055214724 0.1244343891402715 0.11503067484662577
33 0.7861990950226244 0.21088957055214724 0.1244343891402715 0.11503067484662577
33 0.501131221719457 0.11809815950920245 0.18778280542986425 0.1687116564417178
33 0.48868778280542985 0.8788343558282209 0.16289592760180996 0.147239263803681
19 0.751131221719457 0.61579754601227 0.10407239819004525 0.08742331288343558
20 0.47850678733031676 0.3880368098159509 0.0746606334841629 0.06134969325153374
24 0.6628959276018099 0.6625766871165644 0.12217194570135746 0.0950920245398773
21 0.3834841628959276 0.12346625766871165 0.04751131221719457 0.05368098159509203
4 0.668552036199095 0.6388036809815951 0.11990950226244344 0.09662576687116564
27 0.6040723981900452 0.6257668711656442 0.10407239819004525 0.0705521472392638
31 0.2658371040723982 0.6901840490797546 0.06561085972850679 0.024539877300613498
25 0.8472850678733032 0.1633435582822086 0.0746606334841629 0.029141104294478526
