33 0.19683257918552036 0.7714723926380368 0.167420814479638 0.13190184049079753
33 0.7963800904977375 0.7714723926380368 0.167420814479638 0.13190184049079753
33 0.18665158371040724 0.21088957055214724 0.1244343891402715 0.11503067484662577
33 0.7861990950226244 0.21088957055214724 0.1244343891402715 0.11503067484662577
33 0.501131221719457 0.11809815950920245 0.18778280542986425 0.1687116564417178
33 0.48868778280542985 0.8788343558282209 0.16289592760180996 0.147239263803681
20 0.334841628959276 0.6449386503067485 0.04524886877828054 0.05368098159509203
0 0.027149321266968326 0.5345092024539877 0.05429864253393665 0.05368098159509203
24 0.06108597285067873 0.5122699386503068 0.12217194570135746 0.0950920245398773
16 0.6821266968325792 0.36273006134969327 0.038461538461538464 0.029141104294478526
15 0.05429864253393665 0.7154907975460123 0.09502262443438914 0.0598159509202454
