33 0.19683257918552036 0.7714723926380368 0.167420814479638 0.13190184049079753
33 0.7963800904977375 0.7714723926380368 0.167420814479638 0.13190184049079753
33 0.18665158371040724 0.21088957055214724 0.1244343891402715 0.11503067484662577
33 0.7861990950226244 0.21088957055214724 0.1244343891402715 0.11503067484662577
33 0.501131221719457 0.11809815950920245 0.18778280542986425 0.1687116564417178
33 0.48868778280542985 0.8788343558282209 0.16289592760180996 0.147239263803681
8 0.7771493212669683 0.566717791411043 0.05203619909502263 0.04141104294478527
10 0.6493212669683258 0.5506134969325154 0.11312217194570136 0.0736196319018405
15 0.8076923076923077 0.5828220858895705 0.06334841628959276 0.08588957055214724
24 0.6606334841628959 0.2898773006134969 0.12217194570135746 0.0950920245398773
22 0.33710407239819007 0.10429447852760736 0.13122171945701358 0.13190184049079753
7 0.1493212669683258 0.5460122699386503 0.16289592760180996 0.10122699386503067
14 0.498868778280543 0.6280674846625767 0.09728506787330317 0.07208588957055215
17 0.3665158371040724 0.6480061349693251 0.08144796380090498 0.05674846625766871
5 0.5938914027149321 0.3128834355828221 0.0746606334841629 0.03680981595092025
22 0.8574660633484162 0.5337423312883436 0.13122171945701358 0.13190184049079753
