33 0.19683257918552036 0.7714723926380368 0.167420814479638 0.13190184049079753
33 0.7963800904977375 0.7714723926380368 0.167420814479638 0.13190184049079753
33 0.18665158371040724 0.21088957055214724 0.1244343891402715 0.11503067484662577
33 0.7861990950226244 0.21088957055214724 0.1244343891402715 0.11503067484662577
33 0.501131221719457 0.11809815950920245 0.18778280542986425 0.1687116564417178
33 0.48868778280542985 0.8788343558282209 0.16289592760180996 0.147239263803681
24 0.8416289592760181 0.48466257668711654 0.12217194570135746 0.0950920245398773
17 0.083710407239819 0.8995398773006135 0.06787330316742081 0.05061349693251534
26 0.7228506787330317 0.5053680981595092 0.1425339366515837 0.07208588957055215
31 0.4242081447963801 0.4593558282208589 0.1244343891402715 0.023006134969325152
30 0.9015837104072398 0.6004601226993865 0.06561085972850679 0.02607361963190184
