33 0.19683257918552036 0.7714723926380368 0.167420814479638 0.13190184049079753
33 0.7963800904977375 0.7714723926380368 0.167420814479638 0.13190184049079753
33 0.18665158371040724 0.21088957055214724 0.1244343891402715 0.11503067484662577
33 0.7861990950226244 0.21088957055214724 0.1244343891402715 0.11503067484662577
33 0.501131221719457 0.11809815950920245 0.18778280542986425 0.1687116564417178
33 0.48868778280542985 0.8788343558282209 0.16289592760180996 0.147239263803681
19 0.1425339366515837 0.5299079754601227 0.10407239819004525 0.09049079754601227
8 0.5180995475113123 0.2860429447852761 0.06334841628959276 0.05368098159509203
24 0.45475113122171945 0.647239263803681 0.12217194570135746 0.0950920245398773
9 0.8540723981900452 0.5598159509202454 0.16968325791855204 0.1196319018404908
6 0.5859728506787331 0.5498466257668712 0.04524886877828054 0.03834355828220859
20 0.6142533936651584 0.6495398773006135 0.042986425339366516 0.05674846625766871
28 0.3947963800904977 0.14340490797546013 0.06108597285067873 0.05368098159509203
32 0.7601809954751131 0.625 0.03167420814479638 0.023006134969325152
25 0.2647058823529412 0.8381901840490797 0.08597285067873303 0.04447852760736196
31 0.09615384615384616 0.6533742331288344 0.06561085972850679 0.024539877300613498
