33 0.19683257918552036 0.7714723926380368 0.167420814479638 0.13190184049079753
33 0.7963800904977375 0.7714723926380368 0.167420814479638 0.13190184049079753
33 0.18665158371040724 0.21088957055214724 0.1244343891402715 0.11503067484662577
33 0.7861990950226244 0.21088957055214724 0.1244343891402715 0.11503067484662577
33 0.501131221719457 0.11809815950920245 0.18778280542986425 0.1687116564417178
33 0.48868778280542985 0.8788343558282209 0.16289592760180996 0.147239263803681
1 0.4457013574660634 0.6924846625766872 0.07692307692307693 0.0598159509202454
5 0.09841628959276018 0.8067484662576687 0.0746606334841629 0.03680981595092025
9 0.12782805429864252 0.4831288343558282 0.16968325791855204 0.1196319018404908
8 0.5169683257918553 0.7661042944785276 0.04751131221719457 0.04754601226993865
12 0.6527149321266968 0.41180981595092025 0.1334841628959276 0.07515337423312883
15 0.5361990950226244 0.5122699386503068 0.05429864253393665 0.09202453987730061
27 0.3597285067873303 0.19401840490797545 0.10407239819004525 0.07208588957055215
