33 0.19683257918552036 0.7714723926380368 0.167420814479638 0.13190184049079753
33 0.7963800904977375 0.7714723926380368 0.167420814479638 0.13190184049079753
33 0.18665158371040724 0.21088957055214724 0.1244343891402715 0.11503067484662577
33 0.7861990950226244 0.21088957055214724 0.1244343891402715 0.11503067484662577
33 0.501131221719457 0.11809815950920245 0.18778280542986425 0.1687116564417178
33 0.48868778280542985 0.8788343558282209 0.16289592760180996 0.147239263803681
4 0.35180995475113125 0.6065950920245399 0.11990950226244344 0.09662576687116564
20 0.2669683257918552 0.571319018404908 0.07692307692307693 0.05368098159509203
3 0.49095022624434387 0.3726993865030675 0.058823529411764705 0.06134969325153374
29 0.08710407239819004 0.9340490797546013 0.08823529411764706 0.06441717791411043
26 0.16176470588235295 0.15874233128834356 0.1425339366515837 0.07208588957055215
27 0.12217194570135746 0.18941717791411042 0.09954751131221719 0.06595092024539877
27 0.4502262443438914 0.2254601226993865 0.10407239819004525 0.0705521472392638
