33 0.19683257918552036 0.7714723926380368 0.167420814479638 0.13190184049079753
33 0.7963800904977375 0.7714723926380368 0.167420814479638 0.13190184049079753
33 0.18665158371040724 0.21088957055214724 0.1244343891402715 0.11503067484662577
33 0.7861990950226244 0.21088957055214724 0.1244343891402715 0.11503067484662577
33 0.501131221719457 0.11809815950920245 0.18778280542986425 0.1687116564417178
33 0.48868778280542985 0.8788343558282209 0.16289592760180996 0.147239263803681
1 0.14819004524886878 0.5636503067484663 0.08823529411764706 0.05674846625766871
5 0.33031674208144796 0.4432515337423313 0.06787330316742081 0.049079754601226995
0 0.25678733031674206 0.05674846625766871 0.06108597285067873 0.05214723926380368
20 0.9242081447963801 0.6648773006134969 0.042986425339366516 0.05674846625766871
12 0.5509049773755657 0.3458588957055215 0.1334841628959276 0.07515337423312883
23 0.09954751131221719 0.6365030674846626 0.1493212669683258 0.08895705521472393
7 0.5588235294117647 0.3895705521472393 0.167420814479638 0.09815950920245399
31 0.8789592760180995 0.9555214723926381 0.06561085972850679 0.024539877300613498
32 0.6199095022624435 0.6357361963190185 0.03167420814479638 0.023006134969325152
28 0.6481900452488688 0.5414110429447853 0.07013574660633484 0.05521472392638037
29 0.6368778280542986 0.8151840490797546 0.10180995475113122 0.05368098159509203
