33 0.19683257918552036 0.7714723926380368 0.167420814479638 0.13190184049079753
33 0.7963800904977375 0.7714723926380368 0.167420814479638 0.13190184049079753
33 0.18665158371040724 0.21088957055214724 0.1244343891402715 0.11503067484662577
33 0.7861990950226244 0.21088957055214724 0.1244343891402715 0.11503067484662577
33 0.501131221719457 0.11809815950920245 0.18778280542986425 0.1687116564417178
33 0.48868778280542985 0.8788343558282209 0.16289592760180996 0.147239263803681
6 0.8891402714932126 0.50920245398773 0.058823529411764705 0.03067484662576687
14 0.29638009049773756 0.4516871165644172 0.09502262443438914 0.06901840490797546
8 0.06900452488687783 0.1526073619631902 0.04751131221719457 0.04754601226993865
3 0.6233031674208145 0.5659509202453987 0.05203619909502263 0.06441717791411043
16 0.020361990950226245 0.9202453987730062 0.03167420814479638 0.03067484662576687
22 0.5972850678733032 0.588957055214724 0.13122171945701358 0.13190184049079753
12 0.6900452488687783 0.49923312883435583 0.08144796380090498 0.1058282208588957
4 0.7986425339366516 0.6526073619631901 0.12217194570135746 0.09969325153374232
23 0.09615384615384616 0.07668711656441718 0.1425339366515837 0.07975460122699386
18 0.1165158371040724 0.522239263803681 0.10180995475113122 0.0598159509202454
29 0.3167420814479638 0.25076687116564417 0.1085972850678733 0.08128834355828221
31 0.6029411764705882 0.8443251533742331 0.1244343891402715 0.023006134969325152
27 0.6742081447963801 0.4302147239263804 0.09954751131221719 0.06595092024539877
29 0.3223981900452489 0.23542944785276074 0.10180995475113122 0.05368098159509203
