33 0.19683257918552036 0.7714723926380368 0.167420814479638 0.13190184049079753
33 0.7963800904977375 0.7714723926380368 0.167420814479638 0.13190184049079753
33 0.18665158371040724 0.21088957055214724 0.1244343891402715 0.11503067484662577
33 0.7861990950226244 0.21088957055214724 0.1244343891402715 0.11503067484662577
33 0.501131221719457 0.11809815950920245 0.18778280542986425 0.1687116564417178
33 0.48868778280542985 0.8788343558282209 0.16289592760180996 0.147239263803681
1 0.06334841628959276 0.3565950920245399 0.09954751131221719 0.05061349693251534
3 0.46945701357466063 0.23466257668711657 0.05203619909502263 0.06441717791411043
0 0.05656108597285068 0.7369631901840491 0.049773755656108594 0.04754601226993865
16 0.029411764705882353 0.553680981595092 0.03167420814479638 0.03067484662576687
27 0.7782805429864253 0.04524539877300614 0.09954751131221719 0.06595092024539877
25 0.6334841628959276 0.18558282208588958 0.03167420814479638 0.03067484662576687
32 0.8122171945701357 0.4946319018404908 0.03167420814479638 0.023006134969325152
