33 0.19683257918552036 0.7714723926380368 0.167420814479638 0.13190184049079753
33 0.7963800904977375 0.7714723926380368 0.167420814479638 0.13190184049079753
33 0.18665158371040724 0.21088957055214724 0.1244343891402715 0.11503067484662577
33 0.7861990950226244 0.21088957055214724 0.1244343891402715 0.11503067484662577
33 0.501131221719457 0.11809815950920245 0.18778280542986425 0.1687116564417178
33 0.48868778280542985 0.8788343558282209 0.16289592760180996 0.147239263803681
22 0.06787330316742081 0.8895705521472392 0.13122171945701358 0.13190184049079753
4 0.26018099547511314 0.5590490797546013 0.12217194570135746 0.09969325153374232
12 0.6074660633484162 0.5391104294478528 0.1334841628959276 0.07515337423312883
6 0.22624434389140272 0.531441717791411 0.04524886877828054 0.03834355828220859
17 0.40384615384615385 0.49233128834355827 0.07918552036199095 0.05214723926380368
14 0.1504524886877828 0.6449386503067485 0.09728506787330317 0.07208588957055215
1 0.755656108597285 0.4838957055214724 0.07692307692307693 0.0598159509202454
5 0.5644796380090498 0.5383435582822086 0.0746606334841629 0.03680981595092025
32 0.5701357466063348 0.5851226993865031 0.03167420814479638 0.023006134969325152
25 0.8993212669683258 0.6257668711656442 0.07918552036199095 0.03374233128834356
31 0.829185520361991 0.8542944785276073 0.06561085972850679 0.024539877300613498
