33 0.19683257918552036 0.7714723926380368 0.167420814479638 0.13190184049079753
33 0.7963800904977375 0.7714723926380368 0.167420814479638 0.13190184049079753
33 0.18665158371040724 0.21088957055214724 0.1244343891402715 0.11503067484662577
33 0.7861990950226244 0.21088957055214724 0.1244343891402715 0.11503067484662577
33 0.501131221719457 0.11809815950920245 0.18778280542986425 0.1687116564417178
33 0.48868778280542985 0.8788343558282209 0.16289592760180996 0.147239263803681
11 0.47737556561085975 0.3136503067484663 0.12669683257918551 0.14570552147239263
14 0.6346153846153846 0.49003067484662577 0.09728506787330317 0.07208588957055215
23 0.1583710407239819 0.6180981595092024 0.1493212669683258 0.08895705521472393
0 0.2680995475113122 0.4938650306748466 0.05656108597285068 0.05828220858895705
17 0.7420814479638009 0.473159509202454 0.07239819004524888 0.04754601226993865
24 0.8959276018099548 0.6303680981595092 0.12217194570135746 0.0950920245398773
4 0.7680995475113123 0.5575153374233128 0.11990950226244344 0.09662576687116564
14 0.2002262443438914 0.5544478527607362 0.09728506787330317 0.07208588957055215
3 0.048642533936651584 0.7300613496932515 0.05203619909502263 0.06134969325153374
1 0.2918552036199095 0.6173312883435583 0.08144796380090498 0.05674846625766871
28 0.27262443438914025 0.8964723926380368 0.06108597285067873 0.05368098159509203
29 0.10294117647058823 0.7645705521472392 0.10180995475113122 0.05368098159509203
30 0.6911764705882353 0.04754601226993865 0.1244343891402715 0.024539877300613498
