33 0.19683257918552036 0.7714723926380368 0.167420814479638 0.13190184049079753
33 0.7963800904977375 0.7714723926380368 0.167420814479638 0.13190184049079753
33 0.18665158371040724 0.21088957055214724 0.1244343891402715 0.11503067484662577
33 0.7861990950226244 0.21088957055214724 0.1244343891402715 0.11503067484662577
33 0.501131221719457 0.11809815950920245 0.18778280542986425 0.1687116564417178
33 0.48868778280542985 0.8788343558282209 0.16289592760180996 0.147239263803681
17 0.6640271493212669 0.5636503067484663 0.07013574660633484 0.04754601226993865
3 0.34728506787330315 0.5858895705521472 0.05203619909502263 0.06134969325153374
24 0.7760180995475113 0.5352760736196319 0.12217194570135746 0.0950920245398773
8 0.6776018099547512 0.35199386503067487 0.04751131221719457 0.04754601226993865
0 0.2081447963800905 0.5506134969325154 0.07692307692307693 0.046012269938650305
14 0.7941176470588235 0.6311349693251533 0.09502262443438914 0.06901840490797546
10 0.057692307692307696 0.18941717791411042 0.07918552036199095 0.07208588957055215
1 0.20135746606334842 0.6618098159509203 0.07692307692307693 0.0598159509202454
16 0.4683257918552036 0.5337423312883436 0.03167420814479638 0.03067484662576687
23 0.29751131221719457 0.5391104294478528 0.1334841628959276 0.10276073619631902
32 0.12217194570135746 0.2860429447852761 0.03167420814479638 0.023006134969325152
