33 0.19683257918552036 0.7714723926380368 0.167420814479638 0.13190184049079753
33 0.7963800904977375 0.7714723926380368 0.167420814479638 0.13190184049079753
33 0.18665158371040724 0.21088957055214724 0.1244343891402715 0.11503067484662577
33 0.7861990950226244 0.21088957055214724 0.1244343891402715 0.11503067484662577
33 0.501131221719457 0.11809815950920245 0.18778280542986425 0.1687116564417178
33 0.48868778280542985 0.8788343558282209 0.16289592760180996 0.147239263803681
14 0.5984162895927602 0.3366564417177914 0.09728506787330317 0.07208588957055215
16 0.752262443438914 0.651840490797546 0.05656108597285068 0.049079754601226995
0 0.31334841628959276 0.4831288343558282 0.07013574660633484 0.049079754601226995
8 0.20701357466063347 0.5421779141104295 0.05203619909502263 0.04141104294478527
15 0.7850678733031674 0.5598159509202454 0.06334841628959276 0.08588957055214724
21 0.5475113122171946 0.5230061349693251 0.058823529411764705 0.05521472392638037
11 0.17194570135746606 0.5851226993865031 0.12669683257918551 0.14570552147239263
32 0.9049773755656109 0.08052147239263803 0.03167420814479638 0.023006134969325152
29 0.6900452488687783 0.7016871165644172 0.1085972850678733 0.08128834355828221
31 0.9219457013574661 0.6142638036809815 0.1244343891402715 0.023006134969325152
