33 0.19683257918552036 0.7714723926380368 0.167420814479638 0.13190184049079753
33 0.7963800904977375 0.7714723926380368 0.167420814479638 0.13190184049079753
33 0.18665158371040724 0.21088957055214724 0.1244343891402715 0.11503067484662577
33 0.7861990950226244 0.21088957055214724 0.1244343891402715 0.11503067484662577
33 0.501131221719457 0.11809815950920245 0.18778280542986425 0.1687116564417178
33 0.48868778280542985 0.8788343558282209 0.16289592760180996 0.147239263803681
18 0.6911764705882353 0.49309815950920244 0.10180995475113122 0.0598159509202454
19 0.3914027149321267 0.4593558282208589 0.10407239819004525 0.09049079754601227
15 0.3506787330316742 0.47776073619631904 0.05429864253393665 0.07208588957055215
17 0.11085972850678733 0.5383435582822086 0.08597285067873303 0.049079754601226995
0 0.06561085972850679 0.5812883435582822 0.07692307692307693 0.046012269938650305
26 0.5531674208144797 0.22162576687116564 0.1425339366515837 0.07208588957055215
