33 0.19683257918552036 0.7714723926380368 0.167420814479638 0.13190184049079753
33 0.7963800904977375 0.7714723926380368 0.167420814479638 0.13190184049079753
33 0.18665158371040724 0.21088957055214724 0.1244343891402715 0.11503067484662577
33 0.7861990950226244 0.21088957055214724 0.1244343891402715 0.11503067484662577
33 0.501131221719457 0.11809815950920245 0.18778280542986425 0.1687116564417178
33 0.48868778280542985 0.8788343558282209 0.16289592760180996 0.147239263803681
5 0.10972850678733032 0.12423312883435583 0.0746606334841629 0.03680981595092025
2 0.4117647058823529 0.5107361963190185 0.07692307692307693 0.0950920245398773
22 0.5067873303167421 0.6441717791411042 0.13122171945701358 0.13190184049079753
1 0.0667420814479638 0.40644171779141103 0.05656108597285068 0.06134969325153374
7 0.22963800904977374 0.5015337423312883 0.11085972850678733 0.11042944785276074
8 0.8506787330316742 0.6019938650306749 0.06334841628959276 0.05368098159509203
16 0.08823529411764706 0.029141104294478526 0.03167420814479638 0.03067484662576687
6 0.033936651583710405 0.16794478527607362 0.04524886877828054 0.03834355828220859
4 0.6153846153846154 0.7308282208588958 0.12217194570135746 0.09969325153374232
10 0.6719457013574661 0.4723926380368098 0.11312217194570136 0.0736196319018405
27 0.19683257918552036 0.8374233128834356 0.10407239819004525 0.0705521472392638
29 0.670814479638009 0.4447852760736196 0.08823529411764706 0.06441717791411043
31 0.8088235294117647 0.8819018404907976 0.06561085972850679 0.024539877300613498
