33 0.19683257918552036 0.7714723926380368 0.167420814479638 0.13190184049079753
33 0.7963800904977375 0.7714723926380368 0.167420814479638 0.13190184049079753
33 0.18665158371040724 0.21088957055214724 0.1244343891402715 0.11503067484662577
33 0.7861990950226244 0.21088957055214724 0.1244343891402715 0.11503067484662577
33 0.501131221719457 0.11809815950920245 0.18778280542986425 0.1687116564417178
33 0.48868778280542985 0.8788343558282209 0.16289592760180996 0.147239263803681
24 0.5701357466063348 0.5398773006134969 0.12217194570135746 0.0950920245398773
6 0.7375565610859729 0.5391104294478528 0.04524886877828054 0.03834355828220859
15 0.5407239819004525 0.6947852760736196 0.08144796380090498 0.06134969325153374
9 0.1346153846153846 0.6073619631901841 0.16968325791855204 0.1196319018404908
14 0.05542986425339366 0.4976993865030675 0.09728506787330317 0.07208588957055215
29 0.33710407239819007 0.4700920245398773 0.1085972850678733 0.08128834355828221
28 0.13574660633484162 0.6541411042944786 0.058823529411764705 0.05061349693251534
26 0.11877828054298642 0.08052147239263803 0.1425339366515837 0.07208588957055215
