33 0.19683257918552036 0.7714723926380368 0.167420814479638 0.13190184049079753
33 0.7963800904977375 0.7714723926380368 0.167420814479638 0.13190184049079753
33 0.18665158371040724 0.21088957055214724 0.1244343891402715 0.11503067484662577
33 0.7861990950226244 0.21088957055214724 0.1244343891402715 0.11503067484662577
33 0.501131221719457 0.11809815950920245 0.18778280542986425 0.1687116564417178
33 0.48868778280542985 0.8788343558282209 0.16289592760180996 0.147239263803681
7 0.8619909502262444 0.5214723926380368 0.17647058823529413 0.11042944785276074
2 0.057692307692307696 0.05368098159509203 0.0746606334841629 0.08895705521472393
23 0.4830316742081448 0.3604294478527607 0.1425339366515837 0.07975460122699386
6 0.17873303167420815 0.6725460122699386 0.04524886877828054 0.03834355828220859
17 0.03506787330316742 0.5774539877300614 0.07013574660633484 0.04754601226993865
5 0.07918552036199095 0.5352760736196319 0.06787330316742081 0.049079754601226995
20 0.5690045248868778 0.4187116564417178 0.0746606334841629 0.06134969325153374
10 0.07126696832579185 0.6480061349693251 0.07918552036199095 0.07208588957055215
19 0.5995475113122172 0.424079754601227 0.10407239819004525 0.08742331288343558
32 0.4502262443438914 0.5207055214723927 0.03167420814479638 0.023006134969325152
29 0.8269230769230769 0.9401840490797546 0.08823529411764706 0.06441717791411043
