33 0.19683257918552036 0.7714723926380368 0.167420814479638 0.13190184049079753
33 0.7963800904977375 0.7714723926380368 0.167420814479638 0.13190184049079753
33 0.18665158371040724 0.21088957055214724 0.1244343891402715 0.11503067484662577
33 0.7861990950226244 0.21088957055214724 0.1244343891402715 0.11503067484662577
33 0.501131221719457 0.11809815950920245 0.18778280542986425 0.1687116564417178
33 0.48868778280542985 0.8788343558282209 0.16289592760180996 0.147239263803681
2 0.3065610859728507 0.6549079754601227 0.0746606334841629 0.08895705521472393
23 0.831447963800905 0.5605828220858896 0.1334841628959276 0.10276073619631902
8 0.08031674208144797 0.6311349693251533 0.05203619909502263 0.04141104294478527
18 0.4807692307692308 0.6096625766871165 0.09728506787330317 0.06901840490797546
21 0.10633484162895927 0.09662576687116564 0.058823529411764705 0.05521472392638037
12 0.746606334841629 0.598159509202454 0.09502262443438914 0.07668711656441718
16 0.9083710407239819 0.6802147239263804 0.038461538461538464 0.029141104294478526
