33 0.19683257918552036 0.7714723926380368 0.167420814479638 0.13190184049079753
33 0.7963800904977375 0.7714723926380368 0.167420814479638 0.13190184049079753
33 0.18665158371040724 0.21088957055214724 0.1244343891402715 0.11503067484662577
33 0.7861990950226244 0.21088957055214724 0.1244343891402715 0.11503067484662577
33 0.501131221719457 0.11809815950920245 0.18778280542986425 0.1687116564417178
33 0.48868778280542985 0.8788343558282209 0.16289592760180996 0.147239263803681
10 0.3190045248868778 0.6817484662576687 0.10407239819004525 0.07515337423312883
5 0.5769230769230769 0.6687116564417178 0.06787330316742081 0.049079754601226995
16 0.08823529411764706 0.11273006134969325 0.049773755656108594 0.04447852760736196
3 0.8404977375565611 0.5368098159509203 0.05203619909502263 0.06441717791411043
9 0.8778280542986425 0.5069018404907976 0.167420814479638 0.11809815950920245
18 0.22963800904977374 0.6526073619631901 0.09728506787330317 0.06901840490797546
17 0.8438914027149321 0.6480061349693251 0.07239819004524888 0.04754601226993865
11 0.6380090497737556 0.5789877300613497 0.12669683257918551 0.14570552147239263
16 0.583710407239819 0.4455521472392638 0.049773755656108594 0.04447852760736196
24 0.6380090497737556 0.29754601226993865 0.12217194570135746 0.0950920245398773
26 0.7760180995475113 0.4639570552147239 0.13122171945701358 0.09662576687116564
32 0.31221719457013575 0.7523006134969326 0.03167420814479638 0.023006134969325152
25 0.5147058823529411 0.8611963190184049 0.0746606334841629 0.029141104294478526
