33 0.19683257918552036 0.7714723926380368 0.167420814479638 0.13190184049079753
33 0.7963800904977375 0.7714723926380368 0.167420814479638 0.13190184049079753
33 0.18665158371040724 0.21088957055214724 0.1244343891402715 0.11503067484662577
33 0.7861990950226244 0.21088957055214724 0.1244343891402715 0.11503067484662577
33 0.501131221719457 0.11809815950920245 0.18778280542986425 0.1687116564417178
33 0.48868778280542985 0.8788343558282209 0.16289592760180996 0.147239263803681
10 0.09276018099547512 0.5498466257668712 0.10407239819004525 0.07515337423312883
7 0.8269230769230769 0.6288343558282209 0.11085972850678733 0.11042944785276074
2 0.2002262443438914 0.10276073619631902 0.0746606334841629 0.08895705521472393
22 0.4253393665158371 0.6426380368098159 0.13122171945701358 0.13190184049079753
9 0.6052036199095022 0.36349693251533743 0.16968325791855204 0.1196319018404908
4 0.17307692307692307 0.6434049079754601 0.11990950226244344 0.09662576687116564
17 0.5599547511312217 0.5766871165644172 0.07918552036199095 0.05214723926380368
16 0.5531674208144797 0.6242331288343558 0.05656108597285068 0.049079754601226995
2 0.5350678733031674 0.42024539877300615 0.0746606334841629 0.08895705521472393
31 0.15723981900452488 0.17484662576687116 0.06561085972850679 0.024539877300613498
29 0.7047511312217195 0.05214723926380368 0.08823529411764706 0.06441717791411043
30 0.501131221719457 0.6311349693251533 0.06561085972850679 0.02607361963190184
