33 0.19683257918552036 0.7714723926380368 0.167420814479638 0.13190184049079753
33 0.7963800904977375 0.7714723926380368 0.167420814479638 0.13190184049079753
33 0.18665158371040724 0.21088957055214724 0.1244343891402715 0.11503067484662577
33 0.7861990950226244 0.21088957055214724 0.1244343891402715 0.11503067484662577
33 0.501131221719457 0.11809815950920245 0.18778280542986425 0.1687116564417178
33 0.48868778280542985 0.8788343558282209 0.16289592760180996 0.147239263803681
19 0.25339366515837103 0.46549079754601225 0.10407239819004525 0.08742331288343558
24 0.2918552036199095 0.48619631901840493 0.12217194570135746 0.0950920245398773
0 0.46153846153846156 0.36579754601226994 0.05429864253393665 0.05368098159509203
8 0.5509049773755657 0.4808282208588957 0.05203619909502263 0.04141104294478527
1 0.06221719457013575 0.17331288343558282 0.05656108597285068 0.06134969325153374
21 0.8891402714932126 0.5843558282208589 0.058823529411764705 0.05521472392638037
4 0.747737556561086 0.6073619631901841 0.11085972850678733 0.08895705521472393
11 0.09728506787330317 0.629601226993865 0.12669683257918551 0.14570552147239263
22 0.39819004524886875 0.5337423312883436 0.13122171945701358 0.13190184049079753
15 0.34841628959276016 0.08742331288343558 0.08144796380090498 0.06134969325153374
25 0.7624434389140271 0.28911042944785276 0.08597285067873303 0.04447852760736196
29 0.7319004524886877 0.20552147239263804 0.08823529411764706 0.06441717791411043
32 0.4479638009049774 0.07131901840490798 0.03167420814479638 0.023006134969325152
