33 0.19683257918552036 0.7714723926380368 0.167420814479638 0.13190184049079753
33 0.7963800904977375 0.7714723926380368 0.167420814479638 0.13190184049079753
33 0.18665158371040724 0.21088957055214724 0.1244343891402715 0.11503067484662577
33 0.7861990950226244 0.21088957055214724 0.1244343891402715 0.11503067484662577
33 0.501131221719457 0.11809815950920245 0.18778280542986425 0.1687116564417178
33 0.48868778280542985 0.8788343558282209 0.16289592760180996 0.147239263803681
17 0.5384615384615384 0.39493865030674846 0.06787330316742081 0.05061349693251534
8 0.5418552036199095 0.6142638036809815 0.05203619909502263 0.04141104294478527
12 0.5599547511312217 0.571319018404908 0.1334841628959276 0.07515337423312883
23 0.6052036199095022 0.4831288343558282 0.1425339366515837 0.07975460122699386
13 0.22624434389140272 0.49079754601226994 0.09502262443438914 0.049079754601226995
16 0.038461538461538464 0.3121165644171779 0.05429864253393665 0.0352760736196319
4 0.4852941176470588 0.6526073619631901 0.11990950226244344 0.09662576687116564
19 0.7398190045248869 0.6065950920245399 0.10407239819004525 0.09049079754601227
6 0.17647058823529413 0.49233128834355827 0.058823529411764705 0.03067484662576687
