33 0.19683257918552036 0.7714723926380368 0.167420814479638 0.13190184049079753
33 0.7963800904977375 0.7714723926380368 0.167420814479638 0.13190184049079753
33 0.18665158371040724 0.21088957055214724 0.1244343891402715 0.11503067484662577
33 0.7861990950226244 0.21088957055214724 0.1244343891402715 0.11503067484662577
33 0.501131221719457 0.11809815950920245 0.18778280542986425 0.1687116564417178
33 0.48868778280542985 0.8788343558282209 0.16289592760180996 0.147239263803681
7 0.6312217194570136 0.3205521472392638 0.16289592760180996 0.10122699386503067
22 0.7058823529411765 0.5797546012269938 0.13122171945701358 0.13190184049079753
2 0.5916289592760181 0.7101226993865031 0.0746606334841629 0.08895705521472393
16 0.7058823529411765 0.6334355828220859 0.03167420814479638 0.03067484662576687
4 0.22624434389140272 0.5866564417177914 0.12217194570135746 0.09969325153374232
6 0.083710407239819 0.9049079754601227 0.058823529411764705 0.03067484662576687
1 0.8393665158371041 0.4424846625766871 0.08144796380090498 0.05674846625766871
3 0.5961538461538461 0.571319018404908 0.06561085972850679 0.05674846625766871
13 0.04751131221719457 0.07822085889570553 0.06787330316742081 0.049079754601226995
14 0.6266968325791855 0.5805214723926381 0.09502262443438914 0.06901840490797546
27 0.08144796380090498 0.09432515337423313 0.09954751131221719 0.06595092024539877
