33 0.19683257918552036 0.7714723926380368 0.167420814479638 0.13190184049079753
33 0.7963800904977375 0.7714723926380368 0.167420814479638 0.13190184049079753
33 0.18665158371040724 0.21088957055214724 0.1244343891402715 0.11503067484662577
33 0.7861990950226244 0.21088957055214724 0.1244343891402715 0.11503067484662577
33 0.501131221719457 0.11809815950920245 0.18778280542986425 0.1687116564417178
33 0.48868778280542985 0.8788343558282209 0.16289592760180996 0.147239263803681
20 0.3201357466063348 0.06288343558282208 0.05203619909502263 0.06134969325153374
10 0.6074660633484162 0.6802147239263804 0.07918552036199095 0.07208588957055215
0 0.8201357466063348 0.4447852760736196 0.06108597285067873 0.05214723926380368
15 0.7330316742081447 0.6549079754601227 0.06334841628959276 0.08588957055214724
23 0.09502262443438914 0.5567484662576687 0.1493212669683258 0.08895705521472393
29 0.3427601809954751 0.3665644171779141 0.083710407239819 0.08895705521472393
31 0.9377828054298643 0.25383435582822084 0.1244343891402715 0.023006134969325152
26 0.5678733031674208 0.19708588957055215 0.13122171945701358 0.09662576687116564
