33 0.19683257918552036 0.7714723926380368 0.167420814479638 0.13190184049079753
33 0.7963800904977375 0.7714723926380368 0.167420814479638 0.13190184049079753
33 0.18665158371040724 0.21088957055214724 0.1244343891402715 0.11503067484662577
33 0.7861990950226244 0.21088957055214724 0.1244343891402715 0.11503067484662577
33 0.501131221719457 0.11809815950920245 0.18778280542986425 0.1687116564417178
33 0.48868778280542985 0.8788343558282209 0.16289592760180996 0.147239263803681
0 0.9694570135746606 0.549079754601227 0.05656108597285068 0.05828220858895705
21 0.6074660633484162 0.7538343558282209 0.07918552036199095 0.05061349693251534
5 0.3201357466063348 0.6993865030674846 0.0746606334841629 0.03680981595092025
16 0.5463800904977375 0.3151840490797546 0.038461538461538464 0.029141104294478526
22 0.7307692307692307 0.5199386503067485 0.13122171945701358 0.13190184049079753
7 0.9027149321266968 0.6625766871165644 0.16289592760180996 0.10122699386503067
6 0.3054298642533937 0.696319018404908 0.058823529411764705 0.03067484662576687
23 0.9242081447963801 0.6702453987730062 0.1425339366515837 0.07975460122699386
3 0.6764705882352942 0.4601226993865031 0.058823529411764705 0.06134969325153374
10 0.332579185520362 0.5567484662576687 0.11312217194570136 0.0736196319018405
32 0.5067873303167421 0.032975460122699383 0.03167420814479638 0.023006134969325152
29 0.4332579185520362 0.4125766871165644 0.08823529411764706 0.06441717791411043
30 0.8065610859728507 0.3834355828220859 0.1244343891402715 0.024539877300613498
26 0.43552036199095023 0.924079754601227 0.1425339366515837 0.07208588957055215
