33 0.19683257918552036 0.7714723926380368 0.167420814479638 0.13190184049079753
33 0.7963800904977375 0.7714723926380368 0.167420814479638 0.13190184049079753
33 0.18665158371040724 0.21088957055214724 0.1244343891402715 0.11503067484662577
33 0.7861990950226244 0.21088957055214724 0.1244343891402715 0.11503067484662577
33 0.501131221719457 0.11809815950920245 0.18778280542986425 0.1687116564417178
33 0.48868778280542985 0.8788343558282209 0.16289592760180996 0.147239263803681
0 0.042986425339366516 0.6848159509202454 0.058823529411764705 0.05674846625766871
12 0.6074660633484162 0.723159509202454 0.1334841628959276 0.07515337423312883
20 0.8687782805429864 0.5513803680981595 0.07692307692307693 0.05368098159509203
2 0.8099547511312217 0.46319018404907975 0.07692307692307693 0.0950920245398773
15 0.10407239819004525 0.2860429447852761 0.05429864253393665 0.06288343558282208
3 0.9694570135746606 0.6173312883435583 0.05203619909502263 0.0843558282208589
28 0.832579185520362 0.6050613496932515 0.058823529411764705 0.05061349693251534
26 0.6380090497737556 0.9194785276073619 0.13122171945701358 0.09662576687116564
29 0.3212669683257919 0.46702453987730064 0.1085972850678733 0.08128834355828221
28 0.17873303167420815 0.5191717791411042 0.058823529411764705 0.05061349693251534
