33 0.19683257918552036 0.7714723926380368 0.167420814479638 0.13190184049079753
33 0.7963800904977375 0.7714723926380368 0.167420814479638 0.13190184049079753
33 0.18665158371040724 0.21088957055214724 0.1244343891402715 0.11503067484662577
33 0.7861990950226244 0.21088957055214724 0.1244343891402715 0.11503067484662577
33 0.501131221719457 0.11809815950920245 0.18778280542986425 0.1687116564417178
33 0.48868778280542985 0.8788343558282209 0.16289592760180996 0.147239263803681
19 0.8914027149321267 0.5176380368098159 0.10407239819004525 0.08742331288343558
30 0.7138009049773756 0.5383435582822086 0.1244343891402715 0.024539877300613498
29 0.9264705882352942 0.7269938650306749 0.08823529411764706 0.06441717791411043
31 0.6753393665158371 0.42484662576687116 0.06561085972850679 0.024539877300613498
32 0.251131221719457 0.22315950920245398 0.03167420814479638 0.023006134969325152
