33 0.19683257918552036 0.7714723926380368 0.167420814479638 0.13190184049079753
33 0.7963800904977375 0.7714723926380368 0.167420814479638 0.13190184049079753
33 0.18665158371040724 0.21088957055214724 0.1244343891402715 0.11503067484662577
33 0.7861990950226244 0.21088957055214724 0.1244343891402715 0.11503067484662577
33 0.501131221719457 0.11809815950920245 0.18778280542986425 0.1687116564417178
33 0.48868778280542985 0.8788343558282209 0.16289592760180996 0.147239263803681
19 0.8416289592760181 0.5375766871165644 0.10407239819004525 0.08742331288343558
24 0.6221719457013575 0.26533742331288346 0.12217194570135746 0.0950920245398773
15 0.5339366515837104 0.5920245398773006 0.08144796380090498 0.06134969325153374
31 0.5622171945701357 0.5881901840490797 0.1244343891402715 0.023006134969325152
32 0.3506787330316742 0.36119631901840493 0.03167420814479638 0.023006134969325152
25 0.8280542986425339 0.6173312883435583 0.08597285067873303 0.04447852760736196
30 0.5395927601809954 0.37883435582822084 0.1244343891402715 0.024539877300613498
