33 0.19683257918552036 0.7714723926380368 0.167420814479638 0.13190184049079753
33 0.7963800904977375 0.7714723926380368 0.167420814479638 0.13190184049079753
33 0.18665158371040724 0.21088957055214724 0.1244343891402715 0.11503067484662577
33 0.7861990950226244 0.21088957055214724 0.1244343891402715 0.11503067484662577
33 0.501131221719457 0.11809815950920245 0.18778280542986425 0.1687116564417178
33 0.48868778280542985 0.8788343558282209 0.16289592760180996 0.147239263803681
5 0.1504524886877828 0.09815950920245399 0.0746606334841629 0.03680981595092025
1 0.7262443438914027 0.5728527607361963 0.09049773755656108 0.06595092024539877
20 0.07239819004524888 0.7016871165644172 0.07692307692307693 0.05368098159509203
24 0.6470588235294118 0.6871165644171779 0.12217194570135746 0.0950920245398773
10 0.5067873303167421 0.4493865030674847 0.11312217194570136 0.0736196319018405
14 0.5554298642533937 0.4424846625766871 0.09728506787330317 0.07208588957055215
15 0.502262443438914 0.5069018404907976 0.05429864253393665 0.06288343558282208
26 0.35180995475113125 0.9501533742331288 0.1425339366515837 0.07208588957055215
29 0.6923076923076923 0.13726993865030676 0.1085972850678733 0.08128834355828221
31 0.7567873303167421 0.838957055214724 0.06561085972850679 0.024539877300613498
