33 0.19683257918552036 0.7714723926380368 0.167420814479638 0.13190184049079753
33 0.7963800904977375 0.7714723926380368 0.167420814479638 0.13190184049079753
33 0.18665158371040724 0.21088957055214724 0.1244343891402715 0.11503067484662577
33 0.7861990950226244 0.21088957055214724 0.1244343891402715 0.11503067484662577
33 0.501131221719457 0.11809815950920245 0.18778280542986425 0.1687116564417178
33 0.48868778280542985 0.8788343558282209 0.16289592760180996 0.147239263803681
17 0.5554298642533937 0.47776073619631904 0.07013574660633484 0.04754601226993865
1 0.057692307692307696 0.8980061349693251 0.08823529411764706 0.05674846625766871
7 0.6414027149321267 0.3726993865030675 0.11085972850678733 0.11042944785276074
4 0.2669683257918552 0.6556748466257669 0.12217194570135746 0.09969325153374232
23 0.6957013574660633 0.6794478527607362 0.1425339366515837 0.07975460122699386
