33 0.19683257918552036 0.7714723926380368 0.167420814479638 0.13190184049079753
33 0.7963800904977375 0.7714723926380368 0.167420814479638 0.13190184049079753
33 0.18665158371040724 0.21088957055214724 0.1244343891402715 0.11503067484662577
33 0.7861990950226244 0.21088957055214724 0.1244343891402715 0.11503067484662577
33 0.501131221719457 0.11809815950920245 0.18778280542986425 0.1687116564417178
33 0.48868778280542985 0.8788343558282209 0.16289592760180996 0.147239263803681
5 0.38461538461538464 0.50920245398773 0.06787330316742081 0.049079754601226995
3 0.2816742081447964 0.46319018404907975 0.05203619909502263 0.06441717791411043
23 0.5746606334841629 0.6748466257668712 0.1493212669683258 0.08895705521472393
19 0.42081447963800905 0.6280674846625767 0.10407239819004525 0.08742331288343558
6 0.5995475113122172 0.7039877300613497 0.058823529411764705 0.03067484662576687
12 0.26018099547511314 0.5030674846625767 0.09502262443438914 0.07668711656441718
24 0.8733031674208145 0.6073619631901841 0.12217194570135746 0.0950920245398773
22 0.13122171945701358 0.5429447852760736 0.13122171945701358 0.13190184049079753
3 0.6934389140271493 0.2983128834355828 0.05203619909502263 0.0843558282208589
19 0.21040723981900453 0.5851226993865031 0.10407239819004525 0.08742331288343558
