33 0.19683257918552036 0.7714723926380368 0.167420814479638 0.13190184049079753
33 0.7963800904977375 0.7714723926380368 0.167420814479638 0.13190184049079753
33 0.18665158371040724 0.21088957055214724 0.1244343891402715 0.11503067484662577
33 0.7861990950226244 0.21088957055214724 0.1244343891402715 0.11503067484662577
33 0.501131221719457 0.11809815950920245 0.18778280542986425 0.1687116564417178
33 0.48868778280542985 0.8788343558282209 0.16289592760180996 0.147239263803681
9 0.7104072398190046 0.6924846625766872 0.167420814479638 0.11809815950920245
5 0.08823529411764706 0.7469325153374233 0.06787330316742081 0.049079754601226995
10 0.5350678733031674 0.2584355828220859 0.11085972850678733 0.07515337423312883
13 0.6572398190045249 0.40797546012269936 0.083710407239819 0.06748466257668712
1 0.7364253393665159 0.5674846625766872 0.05656108597285068 0.06134969325153374
15 0.05656108597285068 0.15567484662576686 0.05429864253393665 0.06288343558282208
20 0.17194570135746606 0.4455521472392638 0.04524886877828054 0.05368098159509203
32 0.3031674208144796 0.33819018404907975 0.03167420814479638 0.023006134969325152
