33 0.19683257918552036 0.7714723926380368 0.167420814479638 0.13190184049079753
33 0.7963800904977375 0.7714723926380368 0.167420814479638 0.13190184049079753
33 0.18665158371040724 0.21088957055214724 0.1244343891402715 0.11503067484662577
33 0.7861990950226244 0.21088957055214724 0.1244343891402715 0.11503067484662577
33 0.501131221719457 0.11809815950920245 0.18778280542986425 0.1687116564417178
33 0.48868778280542985 0.8788343558282209 0.16289592760180996 0.147239263803681
22 0.20361990950226244 0.602760736196319 0.13122171945701358 0.13190184049079753
18 0.7341628959276018 0.6648773006134969 0.083710407239819 0.05674846625766871
6 0.7782805429864253 0.4516871165644172 0.04524886877828054 0.03834355828220859
20 0.7273755656108597 0.6848159509202454 0.042986425339366516 0.05674846625766871
14 0.07805429864253394 0.32285276073619634 0.09728506787330317 0.07208588957055215
13 0.4457013574660634 0.6441717791411042 0.06787330316742081 0.049079754601226995
7 0.6085972850678733 0.7131901840490797 0.16289592760180996 0.10122699386503067
9 0.9083710407239819 0.6196319018404908 0.16968325791855204 0.1196319018404908
