33 0.19683257918552036 0.7714723926380368 0.167420814479638 0.13190184049079753
33 0.7963800904977375 0.7714723926380368 0.167420814479638 0.13190184049079753
33 0.18665158371040724 0.21088957055214724 0.1244343891402715 0.11503067484662577
33 0.7861990950226244 0.21088957055214724 0.1244343891402715 0.11503067484662577
33 0.501131221719457 0.11809815950920245 0.18778280542986425 0.1687116564417178
33 0.48868778280542985 0.8788343558282209 0.16289592760180996 0.147239263803681
16 0.9785067873303167 0.6802147239263804 0.038461538461538464 0.029141104294478526
23 0.3427601809954751 0.5774539877300614 0.1334841628959276 0.10276073619631902
11 0.3257918552036199 0.6234662576687117 0.12669683257918551 0.14570552147239263
10 0.08144796380090498 0.11886503067484662 0.10407239819004525 0.07515337423312883
2 0.042986425339366516 0.647239263803681 0.07692307692307693 0.0950920245398773
12 0.15384615384615385 0.10659509202453987 0.06787330316742081 0.07822085889570553
15 0.09276018099547512 0.5038343558282209 0.09502262443438914 0.0598159509202454
17 0.3563348416289593 0.07592024539877301 0.07013574660633484 0.04754601226993865
1 0.6481900452488688 0.6871165644171779 0.05656108597285068 0.06134969325153374
21 0.0916289592760181 0.8381901840490797 0.07918552036199095 0.05061349693251534
29 0.38122171945701355 0.8934049079754601 0.10180995475113122 0.05368098159509203
