33 0.19683257918552036 0.7714723926380368 0.167420814479638 0.13190184049079753
33 0.7963800904977375 0.7714723926380368 0.167420814479638 0.13190184049079753
33 0.18665158371040724 0.21088957055214724 0.1244343891402715 0.11503067484662577
33 0.7861990950226244 0.21088957055214724 0.1244343891402715 0.11503067484662577
33 0.501131221719457 0.11809815950920245 0.18778280542986425 0.1687116564417178
33 0.48868778280542985 0.8788343558282209 0.16289592760180996 0.147239263803681
3 0.0418552036199095 0.3934049079754601 0.05203619909502263 0.05368098159509203
15 0.09276018099547512 0.8819018404907976 0.05429864253393665 0.09202453987730061
6 0.7058823529411765 0.6763803680981595 0.058823529411764705 0.03067484662576687
8 0.5588235294117647 0.42868098159509205 0.06334841628959276 0.05368098159509203
27 0.38235294117647056 0.13113496932515337 0.10407239819004525 0.07208588957055215
28 0.12669683257918551 0.7569018404907976 0.058823529411764705 0.05061349693251534
