33 0.19683257918552036 0.7714723926380368 0.167420814479638 0.13190184049079753
33 0.7963800904977375 0.7714723926380368 0.167420814479638 0.13190184049079753
33 0.18665158371040724 0.21088957055214724 0.1244343891402715 0.11503067484662577
33 0.7861990950226244 0.21088957055214724 0.1244343891402715 0.11503067484662577
33 0.501131221719457 0.11809815950920245 0.18778280542986425 0.1687116564417178
33 0.48868778280542985 0.8788343558282209 0.16289592760180996 0.147239263803681
9 0.12782805429864252 0.4892638036809816 0.16968325791855204 0.1196319018404908
17 0.7873303167420814 0.5605828220858896 0.08144796380090498 0.0598159509202454
6 0.167420814479638 0.6288343558282209 0.058823529411764705 0.03067484662576687
5 0.8846153846153846 0.48466257668711654 0.06787330316742081 0.049079754601226995
14 0.5916289592760181 0.6004601226993865 0.09728506787330317 0.07208588957055215
32 0.7149321266968326 0.8627300613496932 0.03167420814479638 0.023006134969325152
26 0.7024886877828054 0.7829754601226994 0.1425339366515837 0.07208588957055215
26 0.1504524886877828 0.3811349693251534 0.1425339366515837 0.07208588957055215
