33 0.19683257918552036 0.7714723926380368 0.167420814479638 0.13190184049079753
33 0.7963800904977375 0.7714723926380368 0.167420814479638 0.13190184049079753
33 0.18665158371040724 0.21088957055214724 0.1244343891402715 0.11503067484662577
33 0.7861990950226244 0.21088957055214724 0.1244343891402715 0.11503067484662577
33 0.501131221719457 0.11809815950920245 0.18778280542986425 0.1687116564417178
33 0.48868778280542985 0.8788343558282209 0.16289592760180996 0.147239263803681
9 0.2873303167420814 0.6372699386503068 0.167420814479638 0.11809815950920245
8 0.38461538461538464 0.6388036809815951 0.06334841628959276 0.05368098159509203
23 0.5305429864253394 0.5920245398773006 0.1425339366515837 0.07975460122699386
15 0.9095022624434389 0.5674846625766872 0.08144796380090498 0.06134969325153374
10 0.8223981900452488 0.5299079754601227 0.07918552036199095 0.07208588957055215
7 0.41402714932126694 0.6457055214723927 0.167420814479638 0.09815950920245399
2 0.6425339366515838 0.7147239263803681 0.07692307692307693 0.0950920245398773
14 0.3088235294117647 0.6664110429447853 0.09728506787330317 0.07208588957055215
0 0.048642533936651584 0.5613496932515337 0.05656108597285068 0.05828220858895705
31 0.4423076923076923 0.9294478527607362 0.06561085972850679 0.024539877300613498
26 0.7126696832579186 0.6495398773006135 0.13122171945701358 0.09662576687116564
