33 0.19683257918552036 0.7714723926380368 0.167420814479638 0.13190184049079753
33 0.7963800904977375 0.7714723926380368 0.167420814479638 0.13190184049079753
33 0.18665158371040724 0.21088957055214724 0.1244343891402715 0.11503067484662577
33 0.7861990950226244 0.21088957055214724 0.1244343891402715 0.11503067484662577
33 0.501131221719457 0.11809815950920245 0.18778280542986425 0.1687116564417178
33 0.48868778280542985 0.8788343558282209 0.16289592760180996 0.147239263803681
2 0.6233031674208145 0.3604294478527607 0.0746606334841629 0.08895705521472393
24 0.5859728506787331 0.34049079754601225 0.12217194570135746 0.0950920245398773
17 0.4502262443438914 0.4593558282208589 0.08144796380090498 0.0598159509202454
9 0.7262443438914027 0.6127300613496932 0.167420814479638 0.11809815950920245
26 0.8371040723981901 0.3289877300613497 0.13122171945701358 0.09662576687116564
31 0.03506787330316742 0.024539877300613498 0.06561085972850679 0.024539877300613498
30 0.0667420814479638 0.7200920245398773 0.06561085972850679 0.02607361963190184
29 0.6210407239819005 0.6687116564417178 0.083710407239819 0.08895705521472393
