33 0.19683257918552036 0.7714723926380368 0.167420814479638 0.13190184049079753
33 0.7963800904977375 0.7714723926380368 0.167420814479638 0.13190184049079753
33 0.18665158371040724 0.21088957055214724 0.1244343891402715 0.11503067484662577
33 0.7861990950226244 0.21088957055214724 0.1244343891402715 0.11503067484662577
33 0.501131221719457 0.11809815950920245 0.18778280542986425 0.1687116564417178
33 0.48868778280542985 0.8788343558282209 0.16289592760180996 0.147239263803681
24 0.19909502262443438 0.6441717791411042 0.12217194570135746 0.0950920245398773
11 0.5950226244343891 0.6633435582822086 0.12669683257918551 0.14570552147239263
19 0.334841628959276 0.10506134969325154 0.10407239819004525 0.09049079754601227
14 0.5463800904977375 0.3811349693251534 0.09728506787330317 0.07208588957055215
31 0.2816742081447964 0.8865030674846626 0.06561085972850679 0.024539877300613498
