33 0.19683257918552036 0.7714723926380368 0.167420814479638 0.13190184049079753
33 0.7963800904977375 0.7714723926380368 0.167420814479638 0.13190184049079753
33 0.18665158371040724 0.21088957055214724 0.1244343891402715 0.11503067484662577
33 0.7861990950226244 0.21088957055214724 0.1244343891402715 0.11503067484662577
33 0.501131221719457 0.11809815950920245 0.18778280542986425 0.1687116564417178
33 0.48868778280542985 0.8788343558282209 0.16289592760180996 0.147239263803681
10 0.8665158371040724 0.5352760736196319 0.11312217194570136 0.0736196319018405
13 0.5203619909502263 0.4708588957055215 0.09502262443438914 0.049079754601226995
15 0.8144796380090498 0.5115030674846626 0.05429864253393665 0.06288343558282208
0 0.6244343891402715 0.5498466257668712 0.058823529411764705 0.05674846625766871
5 0.9117647058823529 0.48006134969325154 0.06787330316742081 0.049079754601226995
2 0.39819004524886875 0.6395705521472392 0.07692307692307693 0.0950920245398773
9 0.8619909502262444 0.5559815950920245 0.167420814479638 0.11809815950920245
3 0.7138009049773756 0.4946319018404908 0.05203619909502263 0.05368098159509203
20 0.2918552036199095 0.6441717791411042 0.04072398190045249 0.05828220858895705
17 0.5339366515837104 0.23542944785276074 0.07239819004524888 0.04754601226993865
26 0.6843891402714932 0.772239263803681 0.1425339366515837 0.07208588957055215
27 0.667420814479638 0.495398773006135 0.10407239819004525 0.0705521472392638
30 0.07126696832579185 0.10199386503067484 0.06561085972850679 0.02607361963190184
