33 0.19683257918552036 0.7714723926380368 0.167420814479638 0.13190184049079753
33 0.7963800904977375 0.7714723926380368 0.167420814479638 0.13190184049079753
33 0.18665158371040724 0.21088957055214724 0.1244343891402715 0.11503067484662577
33 0.7861990950226244 0.21088957055214724 0.1244343891402715 0.11503067484662577
33 0.501131221719457 0.11809815950920245 0.18778280542986425 0.1687116564417178
33 0.48868778280542985 0.8788343558282209 0.16289592760180996 0.147239263803681
9 0.5599547511312217 0.32515337423312884 0.16968325791855204 0.1196319018404908
0 0.29751131221719457 0.5843558282208589 0.06108597285067873 0.05214723926380368
17 0.6244343891402715 0.6457055214723927 0.08144796380090498 0.046012269938650305
28 0.22171945701357465 0.20168711656441718 0.058823529411764705 0.05061349693251534
29 0.8540723981900452 0.19248466257668712 0.10180995475113122 0.05368098159509203
26 0.24321266968325791 0.7645705521472392 0.1425339366515837 0.07208588957055215
32 0.5067873303167421 0.5406441717791411 0.03167420814479638 0.023006134969325152
