33 0.19683257918552036 0.7714723926380368 0.167420814479638 0.13190184049079753
33 0.7963800904977375 0.7714723926380368 0.167420814479638 0.13190184049079753
33 0.18665158371040724 0.21088957055214724 0.1244343891402715 0.11503067484662577
33 0.7861990950226244 0.21088957055214724 0.1244343891402715 0.11503067484662577
33 0.501131221719457 0.11809815950920245 0.18778280542986425 0.1687116564417178
33 0.48868778280542985 0.8788343558282209 0.16289592760180996 0.147239263803681
10 0.4287330316742081 0.6096625766871165 0.07918552036199095 0.07208588957055215
19 0.08144796380090498 0.2308282208588957 0.10407239819004525 0.08742331288343558
13 0.0916289592760181 0.15950920245398773 0.083710407239819 0.06748466257668712
0 0.6040723981900452 0.37806748466257667 0.05429864253393665 0.05368098159509203
16 0.36877828054298645 0.5874233128834356 0.04072398190045249 0.03067484662576687
11 0.07239819004524888 0.2584355828220859 0.12669683257918551 0.14570552147239263
20 0.06900452488687783 0.786042944785276 0.042986425339366516 0.05674846625766871
1 0.46153846153846156 0.4946319018404908 0.09502262443438914 0.06595092024539877
21 0.5328054298642534 0.47929447852760737 0.07918552036199095 0.05061349693251534
