33 0.19683257918552036 0.7714723926380368 0.167420814479638 0.13190184049079753
33 0.7963800904977375 0.7714723926380368 0.167420814479638 0.13190184049079753
33 0.18665158371040724 0.21088957055214724 0.1244343891402715 0.11503067484662577
33 0.7861990950226244 0.21088957055214724 0.1244343891402715 0.11503067484662577
33 0.501131221719457 0.11809815950920245 0.18778280542986425 0.1687116564417178
33 0.48868778280542985 0.8788343558282209 0.16289592760180996 0.147239263803681
10 0.6481900452488688 0.7400306748466258 0.11085972850678733 0.07515337423312883
18 0.4830316742081448 0.6449386503067485 0.10180995475113122 0.0598159509202454
3 0.2319004524886878 0.5927914110429447 0.05203619909502263 0.05368098159509203
15 0.5316742081447964 0.7292944785276073 0.05429864253393665 0.06288343558282208
22 0.5316742081447964 0.6579754601226994 0.13122171945701358 0.13190184049079753
19 0.2828054298642534 0.6188650306748467 0.10407239819004525 0.08742331288343558
9 0.2839366515837104 0.6441717791411042 0.16968325791855204 0.1196319018404908
14 0.4513574660633484 0.4808282208588957 0.09728506787330317 0.07208588957055215
29 0.4072398190045249 0.8719325153374233 0.1085972850678733 0.08128834355828221
