33 0.19683257918552036 0.7714723926380368 0.167420814479638 0.13190184049079753
33 0.7963800904977375 0.7714723926380368 0.167420814479638 0.13190184049079753
33 0.18665158371040724 0.21088957055214724 0.1244343891402715 0.11503067484662577
33 0.7861990950226244 0.21088957055214724 0.1244343891402715 0.11503067484662577
33 0.501131221719457 0.11809815950920245 0.18778280542986425 0.1687116564417178
33 0.48868778280542985 0.8788343558282209 0.16289592760180996 0.147239263803681
17 0.48981900452488686 0.7737730061349694 0.07013574660633484 0.04754601226993865
15 0.29411764705882354 0.6142638036809815 0.05429864253393665 0.06288343558282208
7 0.5904977375565611 0.3328220858895706 0.167420814479638 0.09815950920245399
8 0.06900452488687783 0.12653374233128833 0.05203619909502263 0.04141104294478527
3 0.08823529411764706 0.5184049079754601 0.049773755656108594 0.05521472392638037
18 0.49434389140271495 0.25076687116564417 0.083710407239819 0.05674846625766871
16 0.6787330316742082 0.5605828220858896 0.049773755656108594 0.04447852760736196
9 0.32805429864253394 0.6602760736196319 0.167420814479638 0.11809815950920245
6 0.6312217194570136 0.24233128834355827 0.058823529411764705 0.03067484662576687
19 0.3936651583710407 0.4854294478527607 0.10407239819004525 0.08742331288343558
26 0.41855203619909503 0.6694785276073619 0.13122171945701358 0.09662576687116564
28 0.26357466063348417 0.41411042944785276 0.07013574660633484 0.05521472392638037
30 0.5395927601809954 0.5682515337423313 0.06561085972850679 0.02607361963190184
25 0.4230769230769231 0.4302147239263804 0.08597285067873303 0.04447852760736196
