33 0.19683257918552036 0.7714723926380368 0.167420814479638 0.13190184049079753
33 0.7963800904977375 0.7714723926380368 0.167420814479638 0.13190184049079753
33 0.18665158371040724 0.21088957055214724 0.1244343891402715 0.11503067484662577
33 0.7861990950226244 0.21088957055214724 0.1244343891402715 0.11503067484662577
33 0.501131221719457 0.11809815950920245 0.18778280542986425 0.1687116564417178
33 0.48868778280542985 0.8788343558282209 0.16289592760180996 0.147239263803681
8 0.8246606334841629 0.4946319018404908 0.05203619909502263 0.04141104294478527
1 0.2398190045248869 0.5943251533742331 0.09502262443438914 0.06595092024539877
10 0.07352941176470588 0.06825153374233128 0.07918552036199095 0.07208588957055215
11 0.6923076923076923 0.49309815950920244 0.12669683257918551 0.14570552147239263
0 0.3925339366515837 0.4677914110429448 0.05656108597285068 0.05828220858895705
13 0.8857466063348416 0.5736196319018405 0.083710407239819 0.06748466257668712
6 0.9728506787330317 0.7001533742331288 0.04524886877828054 0.03834355828220859
3 0.19796380090497737 0.5751533742331288 0.05203619909502263 0.06134969325153374
4 0.5226244343891403 0.4578220858895706 0.12217194570135746 0.09969325153374232
32 0.6199095022624435 0.7645705521472392 0.03167420814479638 0.023006134969325152
28 0.580316742081448 0.5506134969325154 0.07013574660633484 0.05521472392638037
27 0.3054298642533937 0.32975460122699385 0.10407239819004525 0.0705521472392638
