33 0.19683257918552036 0.7714723926380368 0.167420814479638 0.13190184049079753
33 0.7963800904977375 0.7714723926380368 0.167420814479638 0.13190184049079753
33 0.18665158371040724 0.21088957055214724 0.1244343891402715 0.11503067484662577
33 0.7861990950226244 0.21088957055214724 0.1244343891402715 0.11503067484662577
33 0.501131221719457 0.11809815950920245 0.18778280542986425 0.1687116564417178
33 0.48868778280542985 0.8788343558282209 0.16289592760180996 0.147239263803681
9 0.5282805429864253 0.3558282208588957 0.16968325791855204 0.1196319018404908
11 0.7013574660633484 0.5053680981595092 0.12669683257918551 0.14570552147239263
12 0.08144796380090498 0.7845092024539877 0.08144796380090498 0.1058282208588957
0 0.20135746606334842 0.5161042944785276 0.049773755656108594 0.04754601226993865
17 0.33710407239819007 0.6403374233128835 0.08144796380090498 0.0598159509202454
4 0.8450226244343891 0.5283742331288344 0.11990950226244344 0.09355828220858896
19 0.06787330316742081 0.1955521472392638 0.10407239819004525 0.08742331288343558
3 0.6346153846153846 0.6840490797546013 0.05203619909502263 0.06441717791411043
30 0.8404977375565611 0.8519938650306749 0.06561085972850679 0.02607361963190184
31 0.8065610859728507 0.35966257668711654 0.1244343891402715 0.023006134969325152
