33 0.19683257918552036 0.7714723926380368 0.167420814479638 0.13190184049079753
33 0.7963800904977375 0.7714723926380368 0.167420814479638 0.13190184049079753
33 0.18665158371040724 0.21088957055214724 0.1244343891402715 0.11503067484662577
33 0.7861990950226244 0.21088957055214724 0.1244343891402715 0.11503067484662577
33 0.501131221719457 0.11809815950920245 0.18778280542986425 0.1687116564417178
33 0.48868778280542985 0.8788343558282209 0.16289592760180996 0.147239263803681
23 0.8699095022624435 0.5736196319018405 0.1425339366515837 0.07975460122699386
3 0.2081447963800905 0.06595092024539877 0.049773755656108594 0.05521472392638037
17 0.6583710407239819 0.50920245398773 0.08597285067873303 0.049079754601226995
11 0.09728506787330317 0.5958588957055214 0.12669683257918551 0.14570552147239263
13 0.7873303167420814 0.4386503067484663 0.06787330316742081 0.049079754601226995
4 0.6527149321266968 0.558282208588957 0.11085972850678733 0.08895705521472393
2 0.4671945701357466 0.26226993865030673 0.0746606334841629 0.08895705521472393
15 0.05429864253393665 0.24079754601226994 0.08144796380090498 0.06134969325153374
31 0.26357466063348417 0.21242331288343558 0.1244343891402715 0.023006134969325152
26 0.9287330316742082 0.3366564417177914 0.1425339366515837 0.07208588957055215
