33 0.19683257918552036 0.7714723926380368 0.167420814479638 0.13190184049079753
33 0.7963800904977375 0.7714723926380368 0.167420814479638 0.13190184049079753
33 0.18665158371040724 0.21088957055214724 0.1244343891402715 0.11503067484662577
33 0.7861990950226244 0.21088957055214724 0.1244343891402715 0.11503067484662577
33 0.501131221719457 0.11809815950920245 0.18778280542986425 0.1687116564417178
33 0.48868778280542985 0.8788343558282209 0.16289592760180996 0.147239263803681
9 0.5147058823529411 0.5444785276073619 0.16968325791855204 0.1196319018404908
22 0.49095022624434387 0.5966257668711656 0.13122171945701358 0.13190184049079753
5 0.31108597285067874 0.49693251533742333 0.0746606334841629 0.03680981595092025
14 0.7669683257918553 0.4700920245398773 0.09502262443438914 0.06901840490797546
21 0.4762443438914027 0.7354294478527608 0.07918552036199095 0.05061349693251534
12 0.05429864253393665 0.2860429447852761 0.06787330316742081 0.07822085889570553
10 0.7941176470588235 0.5368098159509203 0.11312217194570136 0.0736196319018405
8 0.09049773755656108 0.4148773006134969 0.06334841628959276 0.05368098159509203
0 0.4479638009049774 0.4148773006134969 0.05429864253393665 0.05368098159509203
9 0.5995475113122172 0.6388036809815951 0.167420814479638 0.11809815950920245
30 0.09841628959276018 0.06288343558282208 0.1244343891402715 0.024539877300613498
27 0.916289592760181 0.3013803680981595 0.10407239819004525 0.07208588957055215
