33 0.19683257918552036 0.7714723926380368 0.167420814479638 0.13190184049079753
33 0.7963800904977375 0.7714723926380368 0.167420814479638 0.13190184049079753
33 0.18665158371040724 0.21088957055214724 0.1244343891402715 0.11503067484662577
33 0.7861990950226244 0.21088957055214724 0.1244343891402715 0.11503067484662577
33 0.501131221719457 0.11809815950920245 0.18778280542986425 0.1687116564417178
33 0.48868778280542985 0.8788343558282209 0.16289592760180996 0.147239263803681
24 0.45248868778280543 0.47699386503067487 0.12217194570135746 0.0950920245398773
7 0.4004524886877828 0.46319018404907975 0.167420814479638 0.09815950920245399
22 0.6176470588235294 0.6242331288343558 0.13122171945701358 0.13190184049079753
9 0.669683257918552 0.5590490797546013 0.167420814479638 0.11809815950920245
21 0.5214932126696833 0.36733128834355827 0.07918552036199095 0.05061349693251534
1 0.5995475113122172 0.4838957055214724 0.09502262443438914 0.06595092024539877
4 0.38574660633484165 0.6618098159509203 0.11990950226244344 0.09355828220858896
10 0.1334841628959276 0.6618098159509203 0.10407239819004525 0.07515337423312883
18 0.3721719457013575 0.5805214723926381 0.10180995475113122 0.0598159509202454
3 0.3201357466063348 0.4424846625766871 0.05203619909502263 0.05368098159509203
