33 0.19683257918552036 0.7714723926380368 0.167420814479638 0.13190184049079753
33 0.7963800904977375 0.7714723926380368 0.167420814479638 0.13190184049079753
33 0.18665158371040724 0.21088957055214724 0.1244343891402715 0.11503067484662577
33 0.7861990950226244 0.21088957055214724 0.1244343891402715 0.11503067484662577
33 0.501131221719457 0.11809815950920245 0.18778280542986425 0.1687116564417178
33 0.48868778280542985 0.8788343558282209 0.16289592760180996 0.147239263803681
25 0.5769230769230769 0.23696319018404907 0.08597285067873303 0.04447852760736196
32 0.41855203619909503 0.5728527607361963 0.03167420814479638 0.023006134969325152
31 0.6052036199095022 0.8964723926380368 0.1244343891402715 0.023006134969325152
28 0.3438914027149321 0.6756134969325154 0.058823529411764705 0.05061349693251534
