33 0.19683257918552036 0.7714723926380368 0.167420814479638 0.13190184049079753
33 0.7963800904977375 0.7714723926380368 0.167420814479638 0.13190184049079753
33 0.18665158371040724 0.21088957055214724 0.1244343891402715 0.11503067484662577
33 0.7861990950226244 0.21088957055214724 0.1244343891402715 0.11503067484662577
33 0.501131221719457 0.11809815950920245 0.18778280542986425 0.1687116564417178
33 0.48868778280542985 0.8788343558282209 0.16289592760180996 0.147239263803681
23 0.332579185520362 0.50920245398773 0.1493212669683258 0.08895705521472393
20 0.0746606334841629 0.03987730061349693 0.04072398190045249 0.05828220858895705
29 0.29524886877828055 0.5322085889570553 0.083710407239819 0.08895705521472393
27 0.2149321266968326 0.3811349693251534 0.10407239819004525 0.07208588957055215
