33 0.19683257918552036 0.7714723926380368 0.167420814479638 0.13190184049079753
33 0.7963800904977375 0.7714723926380368 0.167420814479638 0.13190184049079753
33 0.18665158371040724 0.21088957055214724 0.1244343891402715 0.11503067484662577
33 0.7861990950226244 0.21088957055214724 0.1244343891402715 0.11503067484662577
33 0.501131221719457 0.11809815950920245 0.18778280542986425 0.1687116564417178
33 0.48868778280542985 0.8788343558282209 0.16289592760180996 0.147239263803681
8 0.05429864253393665 0.2967791411042945 0.06334841628959276 0.05368098159509203
15 0.4230769230769231 0.5973926380368099 0.05429864253393665 0.06288343558282208
22 0.251131221719457 0.6349693251533742 0.13122171945701358 0.13190184049079753
13 0.46153846153846156 0.3006134969325153 0.09502262443438914 0.049079754601226995
19 0.5520361990950227 0.5958588957055214 0.10407239819004525 0.08742331288343558
25 0.14479638009049775 0.8780674846625767 0.08597285067873303 0.04447852760736196
31 0.5893665158371041 0.02530674846625767 0.1244343891402715 0.023006134969325152
28 0.6018099547511312 0.2645705521472393 0.058823529411764705 0.05061349693251534
