33 0.19683257918552036 0.7714723926380368 0.167420814479638 0.13190184049079753
33 0.7963800904977375 0.7714723926380368 0.167420814479638 0.13190184049079753
33 0.18665158371040724 0.21088957055214724 0.1244343891402715 0.11503067484662577
33 0.7861990950226244 0.21088957055214724 0.1244343891402715 0.11503067484662577
33 0.501131221719457 0.11809815950920245 0.18778280542986425 0.1687116564417178
33 0.48868778280542985 0.8788343558282209 0.16289592760180996 0.147239263803681
5 0.6414027149321267 0.7776073619631901 0.0746606334841629 0.03680981595092025
15 0.10633484162895927 0.0843558282208589 0.06334841628959276 0.08588957055214724
13 0.8936651583710408 0.6794478527607362 0.06787330316742081 0.049079754601226995
11 0.8461538461538461 0.5989263803680982 0.12669683257918551 0.14570552147239263
21 0.07239819004524888 0.8466257668711656 0.058823529411764705 0.05521472392638037
10 0.5248868778280543 0.6173312883435583 0.10407239819004525 0.07515337423312883
19 0.4751131221719457 0.33358895705521474 0.10407239819004525 0.08742331288343558
4 0.33597285067873306 0.6211656441717791 0.11085972850678733 0.08895705521472393
12 0.4830316742081448 0.3857361963190184 0.1334841628959276 0.07515337423312883
7 0.4230769230769231 0.5414110429447853 0.167420814479638 0.09815950920245399
31 0.6979638009049773 0.276840490797546 0.1244343891402715 0.023006134969325152
27 0.7828054298642534 0.4570552147239264 0.10407239819004525 0.0705521472392638
30 0.7884615384615384 0.8427914110429447 0.06561085972850679 0.02607361963190184
