33 0.19683257918552036 0.7714723926380368 0.167420814479638 0.13190184049079753
33 0.7963800904977375 0.7714723926380368 0.167420814479638 0.13190184049079753
33 0.18665158371040724 0.21088957055214724 0.1244343891402715 0.11503067484662577
33 0.7861990950226244 0.21088957055214724 0.1244343891402715 0.11503067484662577
33 0.501131221719457 0.11809815950920245 0.18778280542986425 0.1687116564417178
33 0.48868778280542985 0.8788343558282209 0.16289592760180996 0.147239263803681
13 0.583710407239819 0.48006134969325154 0.06787330316742081 0.049079754601226995
6 0.9027149321266968 0.558282208588957 0.058823529411764705 0.03067484662576687
2 0.48868778280542985 0.48619631901840493 0.07692307692307693 0.0950920245398773
24 0.48868778280542985 0.3773006134969325 0.12217194570135746 0.0950920245398773
17 0.7002262443438914 0.46088957055214724 0.07013574660633484 0.04754601226993865
19 0.48642533936651583 0.24923312883435583 0.10407239819004525 0.09049079754601227
11 0.2828054298642534 0.5835889570552147 0.12669683257918551 0.14570552147239263
7 0.8687782805429864 0.6165644171779141 0.17647058823529413 0.11042944785276074
31 0.7590497737556561 0.7354294478527608 0.1244343891402715 0.023006134969325152
28 0.4479638009049774 0.10352760736196319 0.058823529411764705 0.05061349693251534
27 0.6855203619909502 0.536042944785276 0.10407239819004525 0.07208588957055215
