33 0.19683257918552036 0.7714723926380368 0.167420814479638 0.13190184049079753
33 0.7963800904977375 0.7714723926380368 0.167420814479638 0.13190184049079753
33 0.18665158371040724 0.21088957055214724 0.1244343891402715 0.11503067484662577
33 0.7861990950226244 0.21088957055214724 0.1244343891402715 0.11503067484662577
33 0.501131221719457 0.11809815950920245 0.18778280542986425 0.1687116564417178
33 0.48868778280542985 0.8788343558282209 0.16289592760180996 0.147239263803681
14 0.5531674208144797 0.46088957055214724 0.09728506787330317 0.07208588957055215
2 0.057692307692307696 0.5950920245398773 0.0746606334841629 0.08895705521472393
8 0.09615384615384616 0.06825153374233128 0.04751131221719457 0.04754601226993865
6 0.4819004524886878 0.25153374233128833 0.058823529411764705 0.03067484662576687
