33 0.19683257918552036 0.7714723926380368 0.167420814479638 0.13190184049079753
33 0.7963800904977375 0.7714723926380368 0.167420814479638 0.13190184049079753
33 0.18665158371040724 0.21088957055214724 0.1244343891402715 0.11503067484662577
33 0.7861990950226244 0.21088957055214724 0.1244343891402715 0.11503067484662577
33 0.501131221719457 0.11809815950920245 0.18778280542986425 0.1687116564417178
33 0.48868778280542985 0.8788343558282209 0.16289592760180996 0.147239263803681
3 0.3156108597285068 0.6349693251533742 0.05203619909502263 0.06441717791411043
9 0.2160633484162896 0.49693251533742333 0.16968325791855204 0.1196319018404908
19 0.5678733031674208 0.6081288343558282 0.10407239819004525 0.08742331288343558
6 0.18778280542986425 0.6119631901840491 0.058823529411764705 0.03067484662576687
24 0.07239819004524888 0.07208588957055215 0.12217194570135746 0.0950920245398773
21 0.5407239819004525 0.7239263803680982 0.058823529411764705 0.05521472392638037
30 0.7273755656108597 0.5866564417177914 0.06561085972850679 0.02607361963190184
