33 0.19683257918552036 0.7714723926380368 0.167420814479638 0.13190184049079753
33 0.7963800904977375 0.7714723926380368 0.167420814479638 0.13190184049079753
33 0.18665158371040724 0.21088957055214724 0.1244343891402715 0.11503067484662577
33 0.7861990950226244 0.21088957055214724 0.1244343891402715 0.11503067484662577
33 0.501131221719457 0.11809815950920245 0.18778280542986425 0.1687116564417178
33 0.48868778280542985 0.8788343558282209 0.16289592760180996 0.147239263803681
12 0.248868778280543 0.0950920245398773 0.09502262443438914 0.07668711656441718
22 0.24660633484162897 0.5015337423312883 0.13122171945701358 0.13190184049079753
13 0.47058823529411764 0.7254601226993865 0.09502262443438914 0.049079754601226995
10 0.8416289592760181 0.6549079754601227 0.11312217194570136 0.0736196319018405
15 0.34615384615384615 0.4785276073619632 0.06334841628959276 0.08588957055214724
3 0.22624434389140272 0.5138036809815951 0.049773755656108594 0.05521472392638037
8 0.42081447963800905 0.45475460122699385 0.06334841628959276 0.05368098159509203
2 0.03959276018099547 0.04754601226993865 0.0746606334841629 0.08895705521472393
30 0.1074660633484163 0.5529141104294478 0.06561085972850679 0.02607361963190184
25 0.7183257918552036 0.6871165644171779 0.07918552036199095 0.03374233128834356
