33 0.19683257918552036 0.7714723926380368 0.167420814479638 0.13190184049079753
33 0.7963800904977375 0.7714723926380368 0.167420814479638 0.13190184049079753
33 0.18665158371040724 0.21088957055214724 0.1244343891402715 0.11503067484662577
33 0.7861990950226244 0.21088957055214724 0.1244343891402715 0.11503067484662577
33 0.501131221719457 0.11809815950920245 0.18778280542986425 0.1687116564417178
33 0.48868778280542985 0.8788343558282209 0.16289592760180996 0.147239263803681
10 0.417420814479638 0.47162576687116564 0.11085972850678733 0.07515337423312883
17 0.7262443438914027 0.620398773006135 0.08144796380090498 0.05674846625766871
0 0.8778280542986425 0.6311349693251533 0.049773755656108594 0.04754601226993865
5 0.6097285067873304 0.6840490797546013 0.0746606334841629 0.03680981595092025
11 0.5384615384615384 0.4256134969325153 0.12669683257918551 0.14570552147239263
7 0.4920814479638009 0.47392638036809814 0.11085972850678733 0.11042944785276074
26 0.09841628959276018 0.9133435582822086 0.1425339366515837 0.07208588957055215
