33 0.19683257918552036 0.7714723926380368 0.167420814479638 0.13190184049079753
33 0.7963800904977375 0.7714723926380368 0.167420814479638 0.13190184049079753
33 0.18665158371040724 0.21088957055214724 0.1244343891402715 0.11503067484662577
33 0.7861990950226244 0.21088957055214724 0.1244343891402715 0.11503067484662577
33 0.501131221719457 0.11809815950920245 0.18778280542986425 0.1687116564417178
33 0.48868778280542985 0.8788343558282209 0.16289592760180996 0.147239263803681
18 0.0757918552036199 0.4915644171779141 0.09728506787330317 0.06901840490797546
29 0.829185520361991 0.4003067484662577 0.08823529411764706 0.06441717791411043
27 0.13122171945701358 0.4325153374233129 0.10407239819004525 0.0705521472392638
30 0.6776018099547512 0.3151840490797546 0.06561085972850679 0.02607361963190184
27 0.6968325791855203 0.9631901840490797 0.10407239819004525 0.0705521472392638
