33 0.19683257918552036 0.7714723926380368 0.167420814479638 0.13190184049079753
33 0.7963800904977375 0.7714723926380368 0.167420814479638 0.13190184049079753
33 0.18665158371040724 0.21088957055214724 0.1244343891402715 0.11503067484662577
33 0.7861990950226244 0.21088957055214724 0.1244343891402715 0.11503067484662577
33 0.501131221719457 0.11809815950920245 0.18778280542986425 0.1687116564417178
33 0.48868778280542985 0.8788343558282209 0.16289592760180996 0.147239263803681
24 0.5203619909502263 0.25306748466257667 0.12217194570135746 0.0950920245398773
2 0.8789592760180995 0.661042944785276 0.0746606334841629 0.08895705521472393
15 0.2149321266968326 0.5237730061349694 0.09502262443438914 0.0598159509202454
1 0.1334841628959276 0.5897239263803681 0.07692307692307693 0.0598159509202454
17 0.49547511312217196 0.4532208588957055 0.08144796380090498 0.0598159509202454
22 0.40271493212669685 0.5260736196319018 0.13122171945701358 0.13190184049079753
14 0.11425339366515837 0.6771472392638037 0.09728506787330317 0.07208588957055215
18 0.09841628959276018 0.10352760736196319 0.10180995475113122 0.0598159509202454
19 0.9072398190045249 0.6111963190184049 0.10407239819004525 0.08742331288343558
21 0.04638009049773756 0.10659509202453987 0.07918552036199095 0.05061349693251534
