33 0.19683257918552036 0.7714723926380368 0.167420814479638 0.13190184049079753
33 0.7963800904977375 0.7714723926380368 0.167420814479638 0.13190184049079753
33 0.18665158371040724 0.21088957055214724 0.1244343891402715 0.11503067484662577
33 0.7861990950226244 0.21088957055214724 0.1244343891402715 0.11503067484662577
33 0.501131221719457 0.11809815950920245 0.18778280542986425 0.1687116564417178
33 0.48868778280542985 0.8788343558282209 0.16289592760180996 0.147239263803681
23 0.8676470588235294 0.6395705521472392 0.1425339366515837 0.07975460122699386
6 0.4276018099547511 0.63420245398773 0.04524886877828054 0.03834355828220859
6 0.9660633484162896 0.46702453987730064 0.04524886877828054 0.03834355828220859
14 0.06561085972850679 0.5728527607361963 0.09502262443438914 0.06901840490797546
21 0.08936651583710407 0.2983128834355828 0.04751131221719457 0.05368098159509203
11 0.5180995475113123 0.3090490797546012 0.12669683257918551 0.14570552147239263
26 0.26131221719457015 0.16947852760736196 0.1425339366515837 0.07208588957055215
28 0.8902714932126696 0.1196319018404908 0.07013574660633484 0.05521472392638037
