33 0.19683257918552036 0.7714723926380368 0.167420814479638 0.13190184049079753
33 0.7963800904977375 0.7714723926380368 0.167420814479638 0.13190184049079753
33 0.18665158371040724 0.21088957055214724 0.1244343891402715 0.11503067484662577
33 0.7861990950226244 0.21088957055214724 0.1244343891402715 0.11503067484662577
33 0.501131221719457 0.11809815950920245 0.18778280542986425 0.1687116564417178
33 0.48868778280542985 0.8788343558282209 0.16289592760180996 0.147239263803681
12 0.42081447963800905 0.5682515337423313 0.08144796380090498 0.1058282208588957
14 0.7432126696832579 0.45015337423312884 0.09728506787330317 0.07208588957055215
5 0.6142533936651584 0.32975460122699385 0.0746606334841629 0.03680981595092025
22 0.8190045248868778 0.588957055214724 0.13122171945701358 0.13190184049079753
10 0.7296380090497737 0.5529141104294478 0.07918552036199095 0.07208588957055215
6 0.579185520361991 0.7430981595092024 0.04524886877828054 0.03834355828220859
25 0.332579185520362 0.5812883435582822 0.03167420814479638 0.03067484662576687
31 0.501131221719457 0.8857361963190185 0.1244343891402715 0.023006134969325152
