33 0.19683257918552036 0.7714723926380368 0.167420814479638 0.13190184049079753
33 0.7963800904977375 0.7714723926380368 0.167420814479638 0.13190184049079753
33 0.18665158371040724 0.21088957055214724 0.1244343891402715 0.11503067484662577
33 0.7861990950226244 0.21088957055214724 0.1244343891402715 0.11503067484662577
33 0.501131221719457 0.11809815950920245 0.18778280542986425 0.1687116564417178
33 0.48868778280542985 0.8788343558282209 0.16289592760180996 0.147239263803681
6 0.09728506787330317 0.7323619631901841 0.04524886877828054 0.03834355828220859
10 0.6595022624434389 0.6771472392638037 0.11085972850678733 0.07515337423312883
23 0.5169683257918553 0.5414110429447853 0.1425339366515837 0.07975460122699386
18 0.7024886877828054 0.46549079754601225 0.09728506787330317 0.06901840490797546
20 0.829185520361991 0.6180981595092024 0.05203619909502263 0.06134969325153374
0 0.6742081447963801 0.4470858895705521 0.05429864253393665 0.05368098159509203
2 0.45701357466063347 0.2837423312883436 0.07692307692307693 0.0950920245398773
14 0.5271493212669683 0.4578220858895706 0.09502262443438914 0.06901840490797546
31 0.9015837104072398 0.7507668711656442 0.1244343891402715 0.023006134969325152
27 0.5248868778280543 0.07131901840490798 0.09954751131221719 0.06595092024539877
30 0.7567873303167421 0.7085889570552147 0.1244343891402715 0.024539877300613498
25 0.5678733031674208 0.7070552147239264 0.03167420814479638 0.03067484662576687
