33 0.19683257918552036 0.7714723926380368 0.167420814479638 0.13190184049079753
33 0.7963800904977375 0.7714723926380368 0.167420814479638 0.13190184049079753
33 0.18665158371040724 0.21088957055214724 0.1244343891402715 0.11503067484662577
33 0.7861990950226244 0.21088957055214724 0.1244343891402715 0.11503067484662577
33 0.501131221719457 0.11809815950920245 0.18778280542986425 0.1687116564417178
33 0.48868778280542985 0.8788343558282209 0.16289592760180996 0.147239263803681
22 0.6425339366515838 0.593558282208589 0.13122171945701358 0.13190184049079753
26 0.9117647058823529 0.05138036809815951 0.13122171945701358 0.09662576687116564
28 0.5882352941176471 0.11733128834355828 0.058823529411764705 0.05061349693251534
29 0.6719457013574661 0.5820552147239264 0.1085972850678733 0.08128834355828221
