33 0.19683257918552036 0.7714723926380368 0.167420814479638 0.13190184049079753
33 0.7963800904977375 0.7714723926380368 0.167420814479638 0.13190184049079753
33 0.18665158371040724 0.21088957055214724 0.1244343891402715 0.11503067484662577
33 0.7861990950226244 0.21088957055214724 0.1244343891402715 0.11503067484662577
33 0.501131221719457 0.11809815950920245 0.18778280542986425 0.1687116564417178
33 0.48868778280542985 0.8788343558282209 0.16289592760180996 0.147239263803681
4 0.19343891402714933 0.07285276073619631 0.11990950226244344 0.09662576687116564
12 0.14479638009049775 0.09432515337423313 0.06787330316742081 0.07822085889570553
1 0.4321266968325792 0.6234662576687117 0.09502262443438914 0.06595092024539877
19 0.21945701357466063 0.526840490797546 0.10407239819004525 0.08742331288343558
16 0.024886877828054297 0.6702453987730062 0.03167420814479638 0.03067484662576687
13 0.5361990950226244 0.2929447852760736 0.09502262443438914 0.049079754601226995
3 0.39705882352941174 0.4869631901840491 0.06561085972850679 0.05674846625766871
14 0.19796380090497737 0.5483128834355828 0.09728506787330317 0.07208588957055215
9 0.915158371040724 0.5122699386503068 0.16968325791855204 0.1196319018404908
30 0.6210407239819005 0.14800613496932516 0.06561085972850679 0.02607361963190184
