33 0.19683257918552036 0.7714723926380368 0.167420814479638 0.13190184049079753
33 0.7963800904977375 0.7714723926380368 0.167420814479638 0.13190184049079753
33 0.18665158371040724 0.21088957055214724 0.1244343891402715 0.11503067484662577
33 0.7861990950226244 0.21088957055214724 0.1244343891402715 0.11503067484662577
33 0.501131221719457 0.11809815950920245 0.18778280542986425 0.1687116564417178
33 0.48868778280542985 0.8788343558282209 0.16289592760180996 0.147239263803681
8 0.8382352941176471 0.6219325153374233 0.04751131221719457 0.04754601226993865
2 0.4660633484162896 0.5613496932515337 0.07692307692307693 0.0950920245398773
15 0.4117647058823529 0.6487730061349694 0.05429864253393665 0.09202453987730061
6 0.7805429864253394 0.6978527607361963 0.058823529411764705 0.03067484662576687
17 0.5610859728506787 0.7745398773006135 0.08144796380090498 0.046012269938650305
21 0.08031674208144797 0.5912576687116564 0.07918552036199095 0.05061349693251534
8 0.3427601809954751 0.11733128834355828 0.04751131221719457 0.04754601226993865
7 0.10633484162895927 0.6625766871165644 0.17647058823529413 0.11042944785276074
20 0.1244343891402715 0.05828220858895705 0.04072398190045249 0.05828220858895705
28 0.4061085972850679 0.2860429447852761 0.06108597285067873 0.05368098159509203
27 0.8642533936651584 0.1464723926380368 0.10407239819004525 0.07208588957055215
25 0.27149321266968324 0.4256134969325153 0.08597285067873303 0.04447852760736196
