33 0.19683257918552036 0.7714723926380368 0.167420814479638 0.13190184049079753
33 0.7963800904977375 0.7714723926380368 0.167420814479638 0.13190184049079753
33 0.18665158371040724 0.21088957055214724 0.1244343891402715 0.11503067484662577
33 0.7861990950226244 0.21088957055214724 0.1244343891402715 0.11503067484662577
33 0.501131221719457 0.11809815950920245 0.18778280542986425 0.1687116564417178
33 0.48868778280542985 0.8788343558282209 0.16289592760180996 0.147239263803681
4 0.15610859728506787 0.5345092024539877 0.12217194570135746 0.09969325153374232
6 0.4683257918552036 0.5636503067484663 0.04524886877828054 0.03834355828220859
24 0.07918552036199095 0.5444785276073619 0.12217194570135746 0.0950920245398773
5 0.8597285067873304 0.4815950920245399 0.06787330316742081 0.049079754601226995
23 0.5882352941176471 0.5782208588957055 0.1493212669683258 0.08895705521472393
22 0.8800904977375565 0.5996932515337423 0.13122171945701358 0.13190184049079753
12 0.049773755656108594 0.7653374233128835 0.09502262443438914 0.07668711656441718
25 0.6470588235294118 0.5897239263803681 0.08597285067873303 0.04447852760736196
27 0.4502262443438914 0.3504601226993865 0.09954751131221719 0.06595092024539877
