33 0.19683257918552036 0.7714723926380368 0.167420814479638 0.13190184049079753
33 0.7963800904977375 0.7714723926380368 0.167420814479638 0.13190184049079753
33 0.18665158371040724 0.21088957055214724 0.1244343891402715 0.11503067484662577
33 0.7861990950226244 0.21088957055214724 0.1244343891402715 0.11503067484662577
33 0.501131221719457 0.11809815950920245 0.18778280542986425 0.1687116564417178
33 0.48868778280542985 0.8788343558282209 0.16289592760180996 0.147239263803681
13 0.27601809954751133 0.46319018404907975 0.06787330316742081 0.049079754601226995
0 0.36312217194570134 0.6641104294478528 0.07013574660633484 0.049079754601226995
11 0.5294117647058824 0.6664110429447853 0.12669683257918551 0.14570552147239263
22 0.5746606334841629 0.5613496932515337 0.13122171945701358 0.13190184049079753
4 0.5497737556561086 0.4455521472392638 0.12217194570135746 0.09969325153374232
10 0.4660633484162896 0.35429447852760737 0.11312217194570136 0.0736196319018405
20 0.8269230769230769 0.5352760736196319 0.0746606334841629 0.06134969325153374
24 0.22624434389140272 0.5567484662576687 0.12217194570135746 0.0950920245398773
12 0.5113122171945701 0.7530674846625767 0.09502262443438914 0.07668711656441718
0 0.7884615384615384 0.549079754601227 0.07013574660633484 0.049079754601226995
26 0.24773755656108598 0.2584355828220859 0.1425339366515837 0.07208588957055215
32 0.5950226244343891 0.727760736196319 0.03167420814479638 0.023006134969325152
27 0.07692307692307693 0.06978527607361963 0.09954751131221719 0.06595092024539877
30 0.3427601809954751 0.2561349693251534 0.1244343891402715 0.024539877300613498
