33 0.19683257918552036 0.7714723926380368 0.167420814479638 0.13190184049079753
33 0.7963800904977375 0.7714723926380368 0.167420814479638 0.13190184049079753
33 0.18665158371040724 0.21088957055214724 0.1244343891402715 0.11503067484662577
33 0.7861990950226244 0.21088957055214724 0.1244343891402715 0.11503067484662577
33 0.501131221719457 0.11809815950920245 0.18778280542986425 0.1687116564417178
33 0.48868778280542985 0.8788343558282209 0.16289592760180996 0.147239263803681
9 0.505656108597285 0.495398773006135 0.16968325791855204 0.1196319018404908
5 0.7975113122171946 0.5429447852760736 0.0746606334841629 0.03680981595092025
18 0.33597285067873306 0.1004601226993865 0.10180995475113122 0.0598159509202454
7 0.5452488687782805 0.3312883435582822 0.16289592760180996 0.10122699386503067
17 0.5622171945701357 0.44401840490797545 0.07013574660633484 0.04754601226993865
0 0.6040723981900452 0.3243865030674847 0.058823529411764705 0.05674846625766871
26 0.2748868778280543 0.25383435582822084 0.1425339366515837 0.07208588957055215
31 0.4807692307692308 0.02607361963190184 0.06561085972850679 0.024539877300613498
25 0.08257918552036199 0.3941717791411043 0.07918552036199095 0.03374233128834356
