33 0.19683257918552036 0.7714723926380368 0.167420814479638 0.13190184049079753
33 0.7963800904977375 0.7714723926380368 0.167420814479638 0.13190184049079753
33 0.18665158371040724 0.21088957055214724 0.1244343891402715 0.11503067484662577
33 0.7861990950226244 0.21088957055214724 0.1244343891402715 0.11503067484662577
33 0.501131221719457 0.11809815950920245 0.18778280542986425 0.1687116564417178
33 0.48868778280542985 0.8788343558282209 0.16289592760180996 0.147239263803681
14 0.07239819004524888 0.37346625766871167 0.09502262443438914 0.06901840490797546
5 0.75 0.6395705521472392 0.0746606334841629 0.03680981595092025
3 0.10067873303167421 0.44171779141104295 0.05203619909502263 0.06134969325153374
15 0.5452488687782805 0.6894171779141104 0.05429864253393665 0.07208588957055215
2 0.6085972850678733 0.5996932515337423 0.07692307692307693 0.0950920245398773
27 0.49321266968325794 0.20782208588957055 0.09954751131221719 0.06595092024539877
30 0.7726244343891403 0.4217791411042945 0.1244343891402715 0.024539877300613498
26 0.29411764705882354 0.41180981595092025 0.13122171945701358 0.09662576687116564
29 0.3042986425339366 0.8581288343558282 0.10180995475113122 0.05368098159509203
