33 0.19683257918552036 0.7714723926380368 0.167420814479638 0.13190184049079753
33 0.7963800904977375 0.7714723926380368 0.167420814479638 0.13190184049079753
33 0.18665158371040724 0.21088957055214724 0.1244343891402715 0.11503067484662577
33 0.7861990950226244 0.21088957055214724 0.1244343891402715 0.11503067484662577
33 0.501131221719457 0.11809815950920245 0.18778280542986425 0.1687116564417178
33 0.48868778280542985 0.8788343558282209 0.16289592760180996 0.147239263803681
23 0.8122171945701357 0.6058282208588958 0.1493212669683258 0.08895705521472393
4 0.5418552036199095 0.6403374233128835 0.11990950226244344 0.09662576687116564
6 0.7285067873303167 0.46702453987730064 0.04524886877828054 0.03834355828220859
11 0.3733031674208145 0.5927914110429447 0.12669683257918551 0.14570552147239263
32 0.6312217194570136 0.4102760736196319 0.03167420814479638 0.023006134969325152
25 0.9626696832579186 0.1388036809815951 0.0746606334841629 0.029141104294478526
