33 0.19683257918552036 0.7714723926380368 0.167420814479638 0.13190184049079753
33 0.7963800904977375 0.7714723926380368 0.167420814479638 0.13190184049079753
33 0.18665158371040724 0.21088957055214724 0.1244343891402715 0.11503067484662577
33 0.7861990950226244 0.21088957055214724 0.1244343891402715 0.11503067484662577
33 0.501131221719457 0.11809815950920245 0.18778280542986425 0.1687116564417178
33 0.48868778280542985 0.8788343558282209 0.16289592760180996 0.147239263803681
7 0.751131221719457 0.6257668711656442 0.13574660633484162 0.10429447852760736
28 0.7816742081447964 0.040644171779141106 0.06108597285067873 0.05368098159509203
26 0.8518099547511312 0.5007668711656442 0.1425339366515837 0.07208588957055215
30 0.7386877828054299 0.2200920245398773 0.06561085972850679 0.02607361963190184
29 0.8823529411764706 0.9547546012269938 0.1085972850678733 0.08128834355828221
