33 0.19683257918552036 0.7714723926380368 0.167420814479638 0.13190184049079753
33 0.7963800904977375 0.7714723926380368 0.167420814479638 0.13190184049079753
33 0.18665158371040724 0.21088957055214724 0.1244343891402715 0.11503067484662577
33 0.7861990950226244 0.21088957055214724 0.1244343891402715 0.11503067484662577
33 0.501131221719457 0.11809815950920245 0.18778280542986425 0.1687116564417178
33 0.48868778280542985 0.8788343558282209 0.16289592760180996 0.147239263803681
21 0.36990950226244346 0.45015337423312884 0.07918552036199095 0.05061349693251534
13 0.08031674208144797 0.5736196319018405 0.083710407239819 0.06748466257668712
25 0.36425339366515835 0.799079754601227 0.03167420814479638 0.03067484662576687
26 0.5475113122171946 0.3029141104294479 0.13122171945701358 0.09662576687116564
27 0.502262443438914 0.727760736196319 0.10407239819004525 0.07208588957055215
29 0.36538461538461536 0.2883435582822086 0.083710407239819 0.08895705521472393
