35 0.19683257918552036 0.7714723926380368 0.167420814479638 0.13190184049079753
35 0.7963800904977375 0.7714723926380368 0.167420814479638 0.13190184049079753
35 0.18665158371040724 0.21088957055214724 0.1244343891402715 0.11503067484662577
35 0.7861990950226244 0.21088957055214724 0.1244343891402715 0.11503067484662577
35 0.501131221719457 0.11809815950920245 0.18778280542986425 0.1687116564417178
35 0.48868778280542985 0.8788343558282209 0.16289592760180996 0.147239263803681
24 0.7850678733031674 0.4455521472392638 0.09502262443438914 0.0598159509202454
7 0.6843891402714932 0.3366564417177914 0.04751131221719457 0.04754601226993865
3 0.03506787330316742 0.8780674846625767 0.05203619909502263 0.0843558282208589
9 0.7036199095022625 0.6618098159509203 0.10407239819004525 0.07515337423312883
6 0.2579185520361991 0.5705521472392638 0.17647058823529413 0.11042944785276074
25 0.6923076923076923 0.28450920245398775 0.08597285067873303 0.04447852760736196
