35 0.19683257918552036 0.7714723926380368 0.167420814479638 0.13190184049079753
35 0.7963800904977375 0.7714723926380368 0.167420814479638 0.13190184049079753
35 0.18665158371040724 0.21088957055214724 0.1244343891402715 0.11503067484662577
35 0.7861990950226244 0.21088957055214724 0.1244343891402715 0.11503067484662577
35 0.501131221719457 0.11809815950920245 0.18778280542986425 0.1687116564417178
35 0.48868778280542985 0.8788343558282209 0.16289592760180996 0.147239263803681
13 0.8110859728506787 0.5544478527607362 0.09728506787330317 0.07208588957055215
2 0.058823529411764705 0.06748466257668712 0.07692307692307693 0.0950920245398773
15 0.6244343891402715 0.4087423312883436 0.08144796380090498 0.0598159509202454
3 0.6414027149321267 0.2714723926380368 0.05203619909502263 0.06134969325153374
23 0.4819004524886878 0.7484662576687117 0.12217194570135746 0.0950920245398773
7 0.1504524886877828 0.536042944785276 0.05203619909502263 0.04141104294478527
5 0.48755656108597284 0.22085889570552147 0.0746606334841629 0.03680981595092025
9 0.1323529411764706 0.0789877300613497 0.11085972850678733 0.07515337423312883
0 0.024886877828054297 0.6004601226993865 0.049773755656108594 0.04754601226993865
29 0.5169683257918553 0.25920245398773006 0.08823529411764706 0.06441717791411043
