35 0.19683257918552036 0.7714723926380368 0.167420814479638 0.13190184049079753
35 0.7963800904977375 0.7714723926380368 0.167420814479638 0.13190184049079753
35 0.18665158371040724 0.21088957055214724 0.1244343891402715 0.11503067484662577
35 0.7861990950226244 0.21088957055214724 0.1244343891402715 0.11503067484662577
35 0.501131221719457 0.11809815950920245 0.18778280542986425 0.1687116564417178
35 0.48868778280542985 0.8788343558282209 0.16289592760180996 0.147239263803681
9 0.9400452488687783 0.5329754601226994 0.07918552036199095 0.07208588957055215
4 0.4762443438914027 0.27223926380368096 0.11990950226244344 0.09355828220858896
8 0.5418552036199095 0.38190184049079756 0.16968325791855204 0.1196319018404908
5 0.2828054298642534 0.5230061349693251 0.06787330316742081 0.049079754601226995
1 0.8122171945701357 0.6648773006134969 0.09049773755656108 0.06595092024539877
19 0.3993212669683258 0.5253067484662577 0.04751131221719457 0.05368098159509203
10 0.8235294117647058 0.6111963190184049 0.12669683257918551 0.14570552147239263
11 0.1425339366515837 0.4915644171779141 0.06787330316742081 0.07822085889570553
17 0.43891402714932126 0.6081288343558282 0.10407239819004525 0.08742331288343558
6 0.3914027149321267 0.5475460122699386 0.17647058823529413 0.11042944785276074
