35 0.19683257918552036 0.7714723926380368 0.167420814479638 0.13190184049079753
35 0.7963800904977375 0.7714723926380368 0.167420814479638 0.13190184049079753
35 0.18665158371040724 0.21088957055214724 0.1244343891402715 0.11503067484662577
35 0.7861990950226244 0.21088957055214724 0.1244343891402715 0.11503067484662577
35 0.501131221719457 0.11809815950920245 0.18778280542986425 0.1687116564417178
35 0.48868778280542985 0.8788343558282209 0.16289592760180996 0.147239263803681
7 0.09276018099547512 0.06978527607361963 0.06334841628959276 0.05368098159509203
12 0.0916289592760181 0.593558282208589 0.083710407239819 0.06748466257668712
19 0.5079185520361991 0.6234662576687117 0.04751131221719457 0.05368098159509203
20 0.7918552036199095 0.5429447852760736 0.13122171945701358 0.13190184049079753
5 0.18778280542986425 0.6763803680981595 0.06787330316742081 0.049079754601226995
21 0.3755656108597285 0.4532208588957055 0.04524886877828054 0.03834355828220859
8 0.10180995475113122 0.06365030674846625 0.167420814479638 0.11809815950920245
