35 0.19683257918552036 0.7714723926380368 0.167420814479638 0.13190184049079753
35 0.7963800904977375 0.7714723926380368 0.167420814479638 0.13190184049079753
35 0.18665158371040724 0.21088957055214724 0.1244343891402715 0.11503067484662577
35 0.7861990950226244 0.21088957055214724 0.1244343891402715 0.11503067484662577
35 0.501131221719457 0.11809815950920245 0.18778280542986425 0.1687116564417178
35 0.48868778280542985 0.8788343558282209 0.16289592760180996 0.147239263803681
20 0.7805429864253394 0.5506134969325154 0.13122171945701358 0.13190184049079753
17 0.5 0.4470858895705521 0.10407239819004525 0.08742331288343558
1 0.8891402714932126 0.6679447852760736 0.07692307692307693 0.0598159509202454
26 0.3009049773755656 0.2584355828220859 0.13122171945701358 0.09662576687116564
32 0.08936651583710407 0.7032208588957055 0.1244343891402715 0.023006134969325152
25 0.31221719457013575 0.4210122699386503 0.08597285067873303 0.04447852760736196
