35 0.19683257918552036 0.7714723926380368 0.167420814479638 0.13190184049079753
35 0.7963800904977375 0.7714723926380368 0.167420814479638 0.13190184049079753
35 0.18665158371040724 0.21088957055214724 0.1244343891402715 0.11503067484662577
35 0.7861990950226244 0.21088957055214724 0.1244343891402715 0.11503067484662577
35 0.501131221719457 0.11809815950920245 0.18778280542986425 0.1687116564417178
35 0.48868778280542985 0.8788343558282209 0.16289592760180996 0.147239263803681
11 0.5520361990950227 0.37883435582822084 0.09502262443438914 0.07668711656441718
21 0.06561085972850679 0.14033742331288343 0.04524886877828054 0.03834355828220859
18 0.45701357466063347 0.31058282208588955 0.07692307692307693 0.05368098159509203
4 0.45588235294117646 0.6234662576687117 0.11990950226244344 0.09662576687116564
1 0.13122171945701358 0.4869631901840491 0.07692307692307693 0.0598159509202454
4 0.07013574660633484 0.566717791411043 0.12217194570135746 0.09969325153374232
11 0.40497737556561086 0.4593558282208589 0.06787330316742081 0.07822085889570553
16 0.9287330316742082 0.49923312883435583 0.083710407239819 0.05674846625766871
21 0.11085972850678733 0.9501533742331288 0.04524886877828054 0.03834355828220859
18 0.14592760180995476 0.6656441717791411 0.05203619909502263 0.06134969325153374
34 0.7364253393665159 0.7714723926380368 0.06561085972850679 0.024539877300613498
30 0.12782805429864252 0.14263803680981596 0.1244343891402715 0.024539877300613498
25 0.5135746606334841 0.2361963190184049 0.03167420814479638 0.03067484662576687
32 0.48755656108597284 0.5529141104294478 0.1244343891402715 0.023006134969325152
