35 0.19683257918552036 0.7714723926380368 0.167420814479638 0.13190184049079753
35 0.7963800904977375 0.7714723926380368 0.167420814479638 0.13190184049079753
35 0.18665158371040724 0.21088957055214724 0.1244343891402715 0.11503067484662577
35 0.7861990950226244 0.21088957055214724 0.1244343891402715 0.11503067484662577
35 0.501131221719457 0.11809815950920245 0.18778280542986425 0.1687116564417178
35 0.48868778280542985 0.8788343558282209 0.16289592760180996 0.147239263803681
6 0.5361990950226244 0.4432515337423313 0.167420814479638 0.09815950920245399
13 0.2149321266968326 0.08665644171779141 0.09502262443438914 0.06901840490797546
16 0.9309954751131222 0.4562883435582822 0.10180995475113122 0.0598159509202454
1 0.19683257918552036 0.5145705521472392 0.07692307692307693 0.0598159509202454
22 0.33144796380090497 0.49079754601226994 0.1425339366515837 0.07975460122699386
18 0.6549773755656109 0.5122699386503068 0.05203619909502263 0.06134969325153374
2 0.36990950226244346 0.4831288343558282 0.0746606334841629 0.08895705521472393
11 0.6742081447963801 0.5874233128834356 0.09502262443438914 0.07668711656441718
3 0.7884615384615384 0.4593558282208589 0.05203619909502263 0.0843558282208589
20 0.7624434389140271 0.48773006134969327 0.13122171945701358 0.13190184049079753
26 0.41289592760180993 0.5559815950920245 0.1425339366515837 0.07208588957055215
25 0.7183257918552036 0.4072085889570552 0.0746606334841629 0.029141104294478526
32 0.9355203619909502 0.2170245398773006 0.1244343891402715 0.023006134969325152
29 0.5599547511312217 0.17024539877300612 0.08823529411764706 0.06441717791411043
