35 0.19683257918552036 0.7714723926380368 0.167420814479638 0.13190184049079753
35 0.7963800904977375 0.7714723926380368 0.167420814479638 0.13190184049079753
35 0.18665158371040724 0.21088957055214724 0.1244343891402715 0.11503067484662577
35 0.7861990950226244 0.21088957055214724 0.1244343891402715 0.11503067484662577
35 0.501131221719457 0.11809815950920245 0.18778280542986425 0.1687116564417178
35 0.48868778280542985 0.8788343558282209 0.16289592760180996 0.147239263803681
22 0.5701357466063348 0.37116564417177916 0.1493212669683258 0.08895705521472393
21 0.41402714932126694 0.5299079754601227 0.04524886877828054 0.03834355828220859
2 0.09728506787330317 0.6641104294478528 0.07692307692307693 0.0950920245398773
11 0.3936651583710407 0.6763803680981595 0.09502262443438914 0.07668711656441718
2 0.7907239819004525 0.598159509202454 0.0746606334841629 0.08895705521472393
5 0.19570135746606335 0.6702453987730062 0.0746606334841629 0.03680981595092025
10 0.5882352941176471 0.48849693251533743 0.12669683257918551 0.14570552147239263
31 0.34728506787330315 0.8826687116564417 0.06561085972850679 0.02607361963190184
31 0.8699095022624435 0.8888036809815951 0.06561085972850679 0.02607361963190184
