35 0.19683257918552036 0.7714723926380368 0.167420814479638 0.13190184049079753
35 0.7963800904977375 0.7714723926380368 0.167420814479638 0.13190184049079753
35 0.18665158371040724 0.21088957055214724 0.1244343891402715 0.11503067484662577
35 0.7861990950226244 0.21088957055214724 0.1244343891402715 0.11503067484662577
35 0.501131221719457 0.11809815950920245 0.18778280542986425 0.1687116564417178
35 0.48868778280542985 0.8788343558282209 0.16289592760180996 0.147239263803681
18 0.7239819004524887 0.5728527607361963 0.04524886877828054 0.05368098159509203
2 0.22850678733031674 0.49693251533742333 0.07692307692307693 0.0950920245398773
31 0.3721719457013575 0.23236196319018404 0.06561085972850679 0.02607361963190184
28 0.6165158371040724 0.11809815950920245 0.07013574660633484 0.05521472392638037
25 0.334841628959276 0.6035276073619632 0.08597285067873303 0.04447852760736196
27 0.5090497737556561 0.7047546012269938 0.09954751131221719 0.06595092024539877
