35 0.19683257918552036 0.7714723926380368 0.167420814479638 0.13190184049079753
35 0.7963800904977375 0.7714723926380368 0.167420814479638 0.13190184049079753
35 0.18665158371040724 0.21088957055214724 0.1244343891402715 0.11503067484662577
35 0.7861990950226244 0.21088957055214724 0.1244343891402715 0.11503067484662577
35 0.501131221719457 0.11809815950920245 0.18778280542986425 0.1687116564417178
35 0.48868778280542985 0.8788343558282209 0.16289592760180996 0.147239263803681
1 0.16515837104072398 0.5421779141104295 0.09049773755656108 0.06595092024539877
19 0.7070135746606335 0.4700920245398773 0.04751131221719457 0.05368098159509203
20 0.29411764705882354 0.5153374233128835 0.13122171945701358 0.13190184049079753
22 0.3178733031674208 0.6211656441717791 0.1425339366515837 0.07975460122699386
28 0.5938914027149321 0.4708588957055215 0.07013574660633484 0.05521472392638037
25 0.0667420814479638 0.21395705521472394 0.0746606334841629 0.029141104294478526
