35 0.19683257918552036 0.7714723926380368 0.167420814479638 0.13190184049079753
35 0.7963800904977375 0.7714723926380368 0.167420814479638 0.13190184049079753
35 0.18665158371040724 0.21088957055214724 0.1244343891402715 0.11503067484662577
35 0.7861990950226244 0.21088957055214724 0.1244343891402715 0.11503067484662577
35 0.501131221719457 0.11809815950920245 0.18778280542986425 0.1687116564417178
35 0.48868778280542985 0.8788343558282209 0.16289592760180996 0.147239263803681
23 0.21040723981900453 0.5322085889570553 0.12217194570135746 0.0950920245398773
5 0.6199095022624435 0.4386503067484663 0.06787330316742081 0.049079754601226995
16 0.3156108597285068 0.4746932515337423 0.10180995475113122 0.0598159509202454
13 0.6221719457013575 0.41180981595092025 0.09502262443438914 0.06901840490797546
15 0.47737556561085975 0.25690184049079756 0.08144796380090498 0.0598159509202454
10 0.6085972850678733 0.6894171779141104 0.12669683257918551 0.14570552147239263
26 0.3834841628959276 0.7661042944785276 0.1425339366515837 0.07208588957055215
31 0.41289592760180993 0.4256134969325153 0.06561085972850679 0.02607361963190184
25 0.1255656108597285 0.31441717791411045 0.07918552036199095 0.03374233128834356
34 0.8676470588235294 0.7714723926380368 0.06561085972850679 0.024539877300613498
