35 0.19683257918552036 0.7714723926380368 0.167420814479638 0.13190184049079753
35 0.7963800904977375 0.7714723926380368 0.167420814479638 0.13190184049079753
35 0.18665158371040724 0.21088957055214724 0.1244343891402715 0.11503067484662577
35 0.7861990950226244 0.21088957055214724 0.1244343891402715 0.11503067484662577
35 0.501131221719457 0.11809815950920245 0.18778280542986425 0.1687116564417178
35 0.48868778280542985 0.8788343558282209 0.16289592760180996 0.147239263803681
0 0.4061085972850679 0.4662576687116564 0.07013574660633484 0.049079754601226995
11 0.5701357466063348 0.46855828220858897 0.13574660633484162 0.07515337423312883
9 0.3167420814479638 0.5743865030674846 0.10407239819004525 0.07515337423312883
20 0.8710407239819005 0.08895705521472393 0.13122171945701358 0.13190184049079753
21 0.058823529411764705 0.5421779141104295 0.04524886877828054 0.03834355828220859
