35 0.19683257918552036 0.7714723926380368 0.167420814479638 0.13190184049079753
35 0.7963800904977375 0.7714723926380368 0.167420814479638 0.13190184049079753
35 0.18665158371040724 0.21088957055214724 0.1244343891402715 0.11503067484662577
35 0.7861990950226244 0.21088957055214724 0.1244343891402715 0.11503067484662577
35 0.501131221719457 0.11809815950920245 0.18778280542986425 0.1687116564417178
35 0.48868778280542985 0.8788343558282209 0.16289592760180996 0.147239263803681
21 0.2737556561085973 0.5989263803680982 0.04524886877828054 0.03834355828220859
0 0.07692307692307693 0.9386503067484663 0.07692307692307693 0.046012269938650305
16 0.17760180995475114 0.5820552147239264 0.09728506787330317 0.06901840490797546
9 0.47058823529411764 0.5214723926380368 0.11312217194570136 0.0736196319018405
5 0.3721719457013575 0.4340490797546012 0.0746606334841629 0.03680981595092025
19 0.16289592760180996 0.5444785276073619 0.058823529411764705 0.05521472392638037
13 0.47850678733031676 0.6311349693251533 0.09728506787330317 0.07208588957055215
8 0.40497737556561086 0.6265337423312883 0.167420814479638 0.11809815950920245
22 0.6255656108597285 0.26380368098159507 0.1425339366515837 0.07975460122699386
23 0.3597285067873303 0.6073619631901841 0.12217194570135746 0.0950920245398773
31 0.18665158371040724 0.870398773006135 0.06561085972850679 0.02607361963190184
33 0.9117647058823529 0.4746932515337423 0.03167420814479638 0.023006134969325152
29 0.7952488687782805 0.7960122699386503 0.08823529411764706 0.06441717791411043
