35 0.19683257918552036 0.7714723926380368 0.167420814479638 0.13190184049079753
35 0.7963800904977375 0.7714723926380368 0.167420814479638 0.13190184049079753
35 0.18665158371040724 0.21088957055214724 0.1244343891402715 0.11503067484662577
35 0.7861990950226244 0.21088957055214724 0.1244343891402715 0.11503067484662577
35 0.501131221719457 0.11809815950920245 0.18778280542986425 0.1687116564417178
35 0.48868778280542985 0.8788343558282209 0.16289592760180996 0.147239263803681
11 0.5090497737556561 0.5529141104294478 0.13574660633484162 0.07515337423312883
10 0.2239819004524887 0.5897239263803681 0.12669683257918551 0.14570552147239263
3 0.6549773755656109 0.3918711656441718 0.05203619909502263 0.05368098159509203
9 0.6142533936651584 0.40644171779141103 0.10180995475113122 0.11042944785276074
24 0.45475113122171945 0.45858895705521474 0.05429864253393665 0.09202453987730061
23 0.2647058823529412 0.06748466257668712 0.12217194570135746 0.0950920245398773
12 0.5904977375565611 0.28067484662576686 0.06787330316742081 0.049079754601226995
25 0.9841628959276018 0.3312883435582822 0.03167420814479638 0.03067484662576687
31 0.32918552036199095 0.6388036809815951 0.06561085972850679 0.02607361963190184
32 0.8970588235294118 0.7615030674846626 0.1244343891402715 0.023006134969325152
