35 0.19683257918552036 0.7714723926380368 0.167420814479638 0.13190184049079753
35 0.7963800904977375 0.7714723926380368 0.167420814479638 0.13190184049079753
35 0.18665158371040724 0.21088957055214724 0.1244343891402715 0.11503067484662577
35 0.7861990950226244 0.21088957055214724 0.1244343891402715 0.11503067484662577
35 0.501131221719457 0.11809815950920245 0.18778280542986425 0.1687116564417178
35 0.48868778280542985 0.8788343558282209 0.16289592760180996 0.147239263803681
22 0.31447963800904977 0.5230061349693251 0.1493212669683258 0.08895705521472393
7 0.5871040723981901 0.2737730061349693 0.05203619909502263 0.04141104294478527
2 0.18099547511312217 0.09815950920245399 0.07692307692307693 0.0950920245398773
10 0.669683257918552 0.5927914110429447 0.12669683257918551 0.14570552147239263
3 0.08257918552036199 0.7308282208588958 0.05203619909502263 0.05368098159509203
13 0.3563348416289593 0.5253067484662577 0.09728506787330317 0.07208588957055215
28 0.030542986425339366 0.10966257668711657 0.06108597285067873 0.05368098159509203
27 0.12217194570135746 0.8182515337423313 0.10407239819004525 0.07208588957055215
31 0.1595022624434389 0.04677914110429448 0.06561085972850679 0.02607361963190184
27 0.3438914027149321 0.5598159509202454 0.10407239819004525 0.0705521472392638
