35 0.19683257918552036 0.7714723926380368 0.167420814479638 0.13190184049079753
35 0.7963800904977375 0.7714723926380368 0.167420814479638 0.13190184049079753
35 0.18665158371040724 0.21088957055214724 0.1244343891402715 0.11503067484662577
35 0.7861990950226244 0.21088957055214724 0.1244343891402715 0.11503067484662577
35 0.501131221719457 0.11809815950920245 0.18778280542986425 0.1687116564417178
35 0.48868778280542985 0.8788343558282209 0.16289592760180996 0.147239263803681
2 0.8461538461538461 0.6088957055214724 0.07692307692307693 0.0950920245398773
18 0.6855203619909502 0.3811349693251534 0.07692307692307693 0.05368098159509203
28 0.4083710407239819 0.40107361963190186 0.06108597285067873 0.05368098159509203
34 0.9468325791855203 0.1165644171779141 0.06561085972850679 0.024539877300613498
26 0.7138009049773756 0.4639570552147239 0.1425339366515837 0.07208588957055215
29 0.27714932126696834 0.4041411042944785 0.10180995475113122 0.05368098159509203
