35 0.19683257918552036 0.7714723926380368 0.167420814479638 0.13190184049079753
35 0.7963800904977375 0.7714723926380368 0.167420814479638 0.13190184049079753
35 0.18665158371040724 0.21088957055214724 0.1244343891402715 0.11503067484662577
35 0.7861990950226244 0.21088957055214724 0.1244343891402715 0.11503067484662577
35 0.501131221719457 0.11809815950920245 0.18778280542986425 0.1687116564417178
35 0.48868778280542985 0.8788343558282209 0.16289592760180996 0.147239263803681
11 0.5656108597285068 0.3834355828220859 0.09502262443438914 0.07668711656441718
19 0.4920814479638009 0.5406441717791411 0.04751131221719457 0.05368098159509203
2 0.35294117647058826 0.5291411042944786 0.07692307692307693 0.0950920245398773
20 0.19230769230769232 0.5030674846625767 0.13122171945701358 0.13190184049079753
1 0.1085972850678733 0.4700920245398773 0.09049773755656108 0.06595092024539877
31 0.584841628959276 0.1280674846625767 0.06561085972850679 0.02607361963190184
26 0.5124434389140271 0.8320552147239264 0.1425339366515837 0.07208588957055215
