35 0.19683257918552036 0.7714723926380368 0.167420814479638 0.13190184049079753
35 0.7963800904977375 0.7714723926380368 0.167420814479638 0.13190184049079753
35 0.18665158371040724 0.21088957055214724 0.1244343891402715 0.11503067484662577
35 0.7861990950226244 0.21088957055214724 0.1244343891402715 0.11503067484662577
35 0.501131221719457 0.11809815950920245 0.18778280542986425 0.1687116564417178
35 0.48868778280542985 0.8788343558282209 0.16289592760180996 0.147239263803681
5 0.15271493212669685 0.0843558282208589 0.0746606334841629 0.03680981595092025
3 0.05090497737556561 0.20015337423312884 0.06561085972850679 0.05674846625766871
6 0.22737556561085973 0.46932515337423314 0.11085972850678733 0.11042944785276074
9 0.6052036199095022 0.38420245398773006 0.07918552036199095 0.07208588957055215
20 0.6153846153846154 0.5352760736196319 0.13122171945701358 0.13190184049079753
29 0.11199095022624435 0.23006134969325154 0.08823529411764706 0.06441717791411043
27 0.7352941176470589 0.21242331288343558 0.09954751131221719 0.06595092024539877
31 0.7251131221719457 0.8228527607361963 0.06561085972850679 0.02607361963190184
26 0.6266968325791855 0.879601226993865 0.13122171945701358 0.09662576687116564
