35 0.19683257918552036 0.7714723926380368 0.167420814479638 0.13190184049079753
35 0.7963800904977375 0.7714723926380368 0.167420814479638 0.13190184049079753
35 0.18665158371040724 0.21088957055214724 0.1244343891402715 0.11503067484662577
35 0.7861990950226244 0.21088957055214724 0.1244343891402715 0.11503067484662577
35 0.501131221719457 0.11809815950920245 0.18778280542986425 0.1687116564417178
35 0.48868778280542985 0.8788343558282209 0.16289592760180996 0.147239263803681
0 0.7579185520361991 0.4700920245398773 0.058823529411764705 0.05674846625766871
5 0.5961538461538461 0.37576687116564417 0.0746606334841629 0.03680981595092025
24 0.8755656108597285 0.4639570552147239 0.09502262443438914 0.0598159509202454
8 0.10633484162895927 0.5421779141104295 0.167420814479638 0.11809815950920245
23 0.5180995475113123 0.4401840490797546 0.12217194570135746 0.0950920245398773
12 0.6255656108597285 0.27607361963190186 0.083710407239819 0.06748466257668712
22 0.5147058823529411 0.4363496932515337 0.1334841628959276 0.10276073619631902
15 0.34615384615384615 0.5621165644171779 0.08144796380090498 0.0598159509202454
4 0.06447963800904978 0.22392638036809817 0.11085972850678733 0.08895705521472393
18 0.4807692307692308 0.754601226993865 0.0746606334841629 0.06134969325153374
