35 0.19683257918552036 0.7714723926380368 0.167420814479638 0.13190184049079753
35 0.7963800904977375 0.7714723926380368 0.167420814479638 0.13190184049079753
35 0.18665158371040724 0.21088957055214724 0.1244343891402715 0.11503067484662577
35 0.7861990950226244 0.21088957055214724 0.1244343891402715 0.11503067484662577
35 0.501131221719457 0.11809815950920245 0.18778280542986425 0.1687116564417178
35 0.48868778280542985 0.8788343558282209 0.16289592760180996 0.147239263803681
17 0.8099547511312217 0.5084355828220859 0.10407239819004525 0.09049079754601227
8 0.34841628959276016 0.5406441717791411 0.167420814479638 0.11809815950920245
20 0.6855203619909502 0.5628834355828221 0.13122171945701358 0.13190184049079753
0 0.5418552036199095 0.44631901840490795 0.05656108597285068 0.05828220858895705
33 0.744343891402715 0.6725460122699386 0.03167420814479638 0.023006134969325152
31 0.919683257918552 0.625 0.06561085972850679 0.02607361963190184
32 0.4649321266968326 0.16947852760736196 0.1244343891402715 0.023006134969325152
30 0.6979638009049773 0.799079754601227 0.1244343891402715 0.024539877300613498
