35 0.19683257918552036 0.7714723926380368 0.167420814479638 0.13190184049079753
35 0.7963800904977375 0.7714723926380368 0.167420814479638 0.13190184049079753
35 0.18665158371040724 0.21088957055214724 0.1244343891402715 0.11503067484662577
35 0.7861990950226244 0.21088957055214724 0.1244343891402715 0.11503067484662577
35 0.501131221719457 0.11809815950920245 0.18778280542986425 0.1687116564417178
35 0.48868778280542985 0.8788343558282209 0.16289592760180996 0.147239263803681
16 0.5712669683257918 0.6035276073619632 0.083710407239819 0.05674846625766871
0 0.05203619909502263 0.4072085889570552 0.05429864253393665 0.05368098159509203
18 0.6289592760180995 0.6503067484662577 0.04072398190045249 0.05828220858895705
17 0.3778280542986425 0.5529141104294478 0.10407239819004525 0.08742331288343558
21 0.2669683257918552 0.536042944785276 0.04524886877828054 0.03834355828220859
5 0.7330316742081447 0.5122699386503068 0.06787330316742081 0.049079754601226995
6 0.31447963800904977 0.6579754601226994 0.17647058823529413 0.11042944785276074
4 0.9015837104072398 0.4647239263803681 0.11085972850678733 0.08895705521472393
19 0.6266968325791855 0.5061349693251533 0.058823529411764705 0.05521472392638037
22 0.6199095022624435 0.7116564417177914 0.1493212669683258 0.08895705521472393
32 0.13687782805429866 0.023773006134969327 0.1244343891402715 0.023006134969325152
