35 0.19683257918552036 0.7714723926380368 0.167420814479638 0.13190184049079753
35 0.7963800904977375 0.7714723926380368 0.167420814479638 0.13190184049079753
35 0.18665158371040724 0.21088957055214724 0.1244343891402715 0.11503067484662577
35 0.7861990950226244 0.21088957055214724 0.1244343891402715 0.11503067484662577
35 0.501131221719457 0.11809815950920245 0.18778280542986425 0.1687116564417178
35 0.48868778280542985 0.8788343558282209 0.16289592760180996 0.147239263803681
12 0.9513574660633484 0.6042944785276073 0.083710407239819 0.06748466257668712
13 0.08031674208144797 0.9363496932515337 0.09728506787330317 0.07208588957055215
3 0.9728506787330317 0.44785276073619634 0.049773755656108594 0.05521472392638037
0 0.05090497737556561 0.9003067484662577 0.07013574660633484 0.049079754601226995
18 0.2398190045248869 0.6372699386503068 0.07692307692307693 0.05368098159509203
17 0.19909502262443438 0.5575153374233128 0.10407239819004525 0.08742331288343558
15 0.6821266968325792 0.27300613496932513 0.07918552036199095 0.05214723926380368
11 0.5916289592760181 0.2553680981595092 0.1334841628959276 0.07515337423312883
32 0.17081447963800905 0.7553680981595092 0.1244343891402715 0.023006134969325152
