35 0.19683257918552036 0.7714723926380368 0.167420814479638 0.13190184049079753
35 0.7963800904977375 0.7714723926380368 0.167420814479638 0.13190184049079753
35 0.18665158371040724 0.21088957055214724 0.1244343891402715 0.11503067484662577
35 0.7861990950226244 0.21088957055214724 0.1244343891402715 0.11503067484662577
35 0.501131221719457 0.11809815950920245 0.18778280542986425 0.1687116564417178
35 0.48868778280542985 0.8788343558282209 0.16289592760180996 0.147239263803681
20 0.26018099547511314 0.4938650306748466 0.13122171945701358 0.13190184049079753
9 0.47058823529411764 0.30828220858895705 0.11312217194570136 0.0736196319018405
13 0.505656108597285 0.5130368098159509 0.09728506787330317 0.07208588957055215
2 0.36199095022624433 0.558282208588957 0.07692307692307693 0.0950920245398773
34 0.2907239819004525 0.6763803680981595 0.06561085972850679 0.024539877300613498
32 0.36312217194570134 0.4409509202453988 0.1244343891402715 0.023006134969325152
28 0.6572398190045249 0.09739263803680982 0.06108597285067873 0.05368098159509203
29 0.13687782805429866 0.8803680981595092 0.083710407239819 0.08895705521472393
