35 0.19683257918552036 0.7714723926380368 0.167420814479638 0.13190184049079753
35 0.7963800904977375 0.7714723926380368 0.167420814479638 0.13190184049079753
35 0.18665158371040724 0.21088957055214724 0.1244343891402715 0.11503067484662577
35 0.7861990950226244 0.21088957055214724 0.1244343891402715 0.11503067484662577
35 0.501131221719457 0.11809815950920245 0.18778280542986425 0.1687116564417178
35 0.48868778280542985 0.8788343558282209 0.16289592760180996 0.147239263803681
0 0.6097285067873304 0.3941717791411043 0.06108597285067873 0.05214723926380368
34 0.23642533936651583 0.7776073619631901 0.06561085972850679 0.024539877300613498
31 0.3020361990950226 0.31058282208588955 0.06561085972850679 0.02607361963190184
27 0.45475113122171945 0.3964723926380368 0.09954751131221719 0.06595092024539877
31 0.9377828054298643 0.07438650306748466 0.06561085972850679 0.02607361963190184
