35 0.19683257918552036 0.7714723926380368 0.167420814479638 0.13190184049079753
35 0.7963800904977375 0.7714723926380368 0.167420814479638 0.13190184049079753
35 0.18665158371040724 0.21088957055214724 0.1244343891402715 0.11503067484662577
35 0.7861990950226244 0.21088957055214724 0.1244343891402715 0.11503067484662577
35 0.501131221719457 0.11809815950920245 0.18778280542986425 0.1687116564417178
35 0.48868778280542985 0.8788343558282209 0.16289592760180996 0.147239263803681
28 0.41968325791855204 0.9179447852760736 0.06108597285067873 0.05368098159509203
27 0.8416289592760181 0.9524539877300614 0.10407239819004525 0.0705521472392638
30 0.8223981900452488 0.5168711656441718 0.1244343891402715 0.024539877300613498
25 0.9015837104072398 0.1441717791411043 0.07918552036199095 0.03374233128834356
