35 0.19683257918552036 0.7714723926380368 0.167420814479638 0.13190184049079753
35 0.7963800904977375 0.7714723926380368 0.167420814479638 0.13190184049079753
35 0.18665158371040724 0.21088957055214724 0.1244343891402715 0.11503067484662577
35 0.7861990950226244 0.21088957055214724 0.1244343891402715 0.11503067484662577
35 0.501131221719457 0.11809815950920245 0.18778280542986425 0.1687116564417178
35 0.48868778280542985 0.8788343558282209 0.16289592760180996 0.147239263803681
2 0.501131221719457 0.6273006134969326 0.0746606334841629 0.08895705521472393
18 0.1583710407239819 0.05598159509202454 0.04524886877828054 0.05368098159509203
10 0.43891402714932126 0.6326687116564417 0.12669683257918551 0.14570552147239263
22 0.2873303167420814 0.5751533742331288 0.1493212669683258 0.08895705521472393
6 0.5226244343891403 0.27300613496932513 0.16289592760180996 0.10122699386503067
18 0.5350678733031674 0.6894171779141104 0.042986425339366516 0.05674846625766871
7 0.7364253393665159 0.674079754601227 0.04751131221719457 0.04754601226993865
0 0.43891402714932126 0.276840490797546 0.05429864253393665 0.05368098159509203
26 0.23529411764705882 0.2523006134969325 0.13122171945701358 0.09662576687116564
34 0.18891402714932126 0.8542944785276073 0.06561085972850679 0.024539877300613498
33 0.2239819004524887 0.45015337423312884 0.03167420814479638 0.023006134969325152
