35 0.19683257918552036 0.7714723926380368 0.167420814479638 0.13190184049079753
35 0.7963800904977375 0.7714723926380368 0.167420814479638 0.13190184049079753
35 0.18665158371040724 0.21088957055214724 0.1244343891402715 0.11503067484662577
35 0.7861990950226244 0.21088957055214724 0.1244343891402715 0.11503067484662577
35 0.501131221719457 0.11809815950920245 0.18778280542986425 0.1687116564417178
35 0.48868778280542985 0.8788343558282209 0.16289592760180996 0.147239263803681
9 0.053167420814479636 0.6334355828220859 0.10180995475113122 0.11042944785276074
7 0.9219457013574661 0.6280674846625767 0.05203619909502263 0.04141104294478527
16 0.7703619909502263 0.49309815950920244 0.09728506787330317 0.06901840490797546
19 0.5678733031674208 0.7055214723926381 0.058823529411764705 0.05521472392638037
21 0.2647058823529412 0.6480061349693251 0.04524886877828054 0.03834355828220859
4 0.6085972850678733 0.2645705521472393 0.12217194570135746 0.09969325153374232
6 0.13009049773755657 0.504601226993865 0.11085972850678733 0.11042944785276074
24 0.7352941176470589 0.48466257668711654 0.05429864253393665 0.09202453987730061
20 0.45248868778280543 0.6165644171779141 0.13122171945701358 0.13190184049079753
10 0.5927601809954751 0.7216257668711656 0.12669683257918551 0.14570552147239263
30 0.7002262443438914 0.8312883435582822 0.1244343891402715 0.024539877300613498
29 0.4061085972850679 0.4386503067484663 0.083710407239819 0.08895705521472393
31 0.8608597285067874 0.6173312883435583 0.06561085972850679 0.02607361963190184
