35 0.19683257918552036 0.7714723926380368 0.167420814479638 0.13190184049079753
35 0.7963800904977375 0.7714723926380368 0.167420814479638 0.13190184049079753
35 0.18665158371040724 0.21088957055214724 0.1244343891402715 0.11503067484662577
35 0.7861990950226244 0.21088957055214724 0.1244343891402715 0.11503067484662577
35 0.501131221719457 0.11809815950920245 0.18778280542986425 0.1687116564417178
35 0.48868778280542985 0.8788343558282209 0.16289592760180996 0.147239263803681
18 0.8484162895927602 0.5406441717791411 0.04524886877828054 0.05368098159509203
8 0.5701357466063348 0.5927914110429447 0.167420814479638 0.11809815950920245
13 0.07692307692307693 0.4700920245398773 0.09502262443438914 0.06901840490797546
23 0.5769230769230769 0.4294478527607362 0.12217194570135746 0.0950920245398773
25 0.13574660633484162 0.5207055214723927 0.08597285067873303 0.04447852760736196
33 0.5678733031674208 0.2415644171779141 0.03167420814479638 0.023006134969325152
