35 0.19683257918552036 0.7714723926380368 0.167420814479638 0.13190184049079753
35 0.7963800904977375 0.7714723926380368 0.167420814479638 0.13190184049079753
35 0.18665158371040724 0.21088957055214724 0.1244343891402715 0.11503067484662577
35 0.7861990950226244 0.21088957055214724 0.1244343891402715 0.11503067484662577
35 0.501131221719457 0.11809815950920245 0.18778280542986425 0.1687116564417178
35 0.48868778280542985 0.8788343558282209 0.16289592760180996 0.147239263803681
24 0.6380090497737556 0.4156441717791411 0.06334841628959276 0.08588957055214724
5 0.6085972850678733 0.3389570552147239 0.06787330316742081 0.049079754601226995
8 0.5169683257918553 0.5690184049079755 0.16968325791855204 0.1196319018404908
12 0.2409502262443439 0.6533742331288344 0.083710407239819 0.06748466257668712
22 0.5916289592760181 0.4340490797546012 0.1425339366515837 0.07975460122699386
7 0.07692307692307693 0.26150306748466257 0.06334841628959276 0.05368098159509203
13 0.06900452488687783 0.3121165644171779 0.09728506787330317 0.07208588957055215
23 0.504524886877828 0.2714723926380368 0.12217194570135746 0.0950920245398773
29 0.6889140271493213 0.1196319018404908 0.08823529411764706 0.06441717791411043
