35 0.19683257918552036 0.7714723926380368 0.167420814479638 0.13190184049079753
35 0.7963800904977375 0.7714723926380368 0.167420814479638 0.13190184049079753
35 0.18665158371040724 0.21088957055214724 0.1244343891402715 0.11503067484662577
35 0.7861990950226244 0.21088957055214724 0.1244343891402715 0.11503067484662577
35 0.501131221719457 0.11809815950920245 0.18778280542986425 0.1687116564417178
35 0.48868778280542985 0.8788343558282209 0.16289592760180996 0.147239263803681
7 0.4423076923076923 0.7553680981595092 0.04751131221719457 0.04754601226993865
24 0.5542986425339367 0.4601226993865031 0.05429864253393665 0.09202453987730061
15 0.27149321266968324 0.5797546012269938 0.08597285067873303 0.049079754601226995
1 0.5339366515837104 0.5789877300613497 0.07692307692307693 0.0598159509202454
2 0.3563348416289593 0.6273006134969326 0.0746606334841629 0.08895705521472393
