35 0.19683257918552036 0.7714723926380368 0.167420814479638 0.13190184049079753
35 0.7963800904977375 0.7714723926380368 0.167420814479638 0.13190184049079753
35 0.18665158371040724 0.21088957055214724 0.1244343891402715 0.11503067484662577
35 0.7861990950226244 0.21088957055214724 0.1244343891402715 0.11503067484662577
35 0.501131221719457 0.11809815950920245 0.18778280542986425 0.1687116564417178
35 0.48868778280542985 0.8788343558282209 0.16289592760180996 0.147239263803681
20 0.2149321266968326 0.6211656441717791 0.13122171945701358 0.13190184049079753
22 0.0667420814479638 0.4746932515337423 0.1334841628959276 0.10276073619631902
18 0.17081447963800905 0.5782208588957055 0.0746606334841629 0.06134969325153374
4 0.05542986425339366 0.9171779141104295 0.11085972850678733 0.08895705521472393
6 0.3393665158371041 0.6012269938650306 0.17647058823529413 0.11042944785276074
9 0.5361990950226244 0.4302147239263804 0.10407239819004525 0.07515337423312883
7 0.5 0.7124233128834356 0.06334841628959276 0.05368098159509203
26 0.26018099547511314 0.15720858895705522 0.13122171945701358 0.09662576687116564
