35 0.19683257918552036 0.7714723926380368 0.167420814479638 0.13190184049079753
35 0.7963800904977375 0.7714723926380368 0.167420814479638 0.13190184049079753
35 0.18665158371040724 0.21088957055214724 0.1244343891402715 0.11503067484662577
35 0.7861990950226244 0.21088957055214724 0.1244343891402715 0.11503067484662577
35 0.501131221719457 0.11809815950920245 0.18778280542986425 0.1687116564417178
35 0.48868778280542985 0.8788343558282209 0.16289592760180996 0.147239263803681
22 0.5938914027149321 0.5099693251533742 0.1334841628959276 0.10276073619631902
2 0.06447963800904978 0.9524539877300614 0.0746606334841629 0.08895705521472393
14 0.5588235294117647 0.4815950920245399 0.04072398190045249 0.03067484662576687
6 0.5294117647058824 0.34662576687116564 0.16289592760180996 0.10122699386503067
12 0.7567873303167421 0.5168711656441718 0.083710407239819 0.06748466257668712
20 0.5248868778280543 0.28067484662576686 0.13122171945701358 0.13190184049079753
24 0.04072398190045249 0.07668711656441718 0.06334841628959276 0.08588957055214724
29 0.7024886877828054 0.18174846625766872 0.10180995475113122 0.05368098159509203
27 0.7647058823529411 0.5406441717791411 0.09954751131221719 0.06595092024539877
26 0.18212669683257918 0.1357361963190184 0.1425339366515837 0.07208588957055215
34 0.14819004524886878 0.027607361963190184 0.06561085972850679 0.024539877300613498
