35 0.19683257918552036 0.7714723926380368 0.167420814479638 0.13190184049079753
35 0.7963800904977375 0.7714723926380368 0.167420814479638 0.13190184049079753
35 0.18665158371040724 0.21088957055214724 0.1244343891402715 0.11503067484662577
35 0.7861990950226244 0.21088957055214724 0.1244343891402715 0.11503067484662577
35 0.501131221719457 0.11809815950920245 0.18778280542986425 0.1687116564417178
35 0.48868778280542985 0.8788343558282209 0.16289592760180996 0.147239263803681
10 0.8868778280542986 0.5130368098159509 0.12669683257918551 0.14570552147239263
3 0.04411764705882353 0.5774539877300614 0.06561085972850679 0.05674846625766871
5 0.5588235294117647 0.4325153374233129 0.06787330316742081 0.049079754601226995
8 0.5124434389140271 0.6257668711656442 0.16968325791855204 0.1196319018404908
11 0.7850678733031674 0.4976993865030675 0.06787330316742081 0.07822085889570553
12 0.08257918552036199 0.7760736196319018 0.083710407239819 0.06748466257668712
14 0.6153846153846154 0.5437116564417178 0.05429864253393665 0.0352760736196319
34 0.48755656108597284 0.6549079754601227 0.06561085972850679 0.024539877300613498
28 0.75 0.7960122699386503 0.07013574660633484 0.05521472392638037
