35 0.19683257918552036 0.7714723926380368 0.167420814479638 0.13190184049079753
35 0.7963800904977375 0.7714723926380368 0.167420814479638 0.13190184049079753
35 0.18665158371040724 0.21088957055214724 0.1244343891402715 0.11503067484662577
35 0.7861990950226244 0.21088957055214724 0.1244343891402715 0.11503067484662577
35 0.501131221719457 0.11809815950920245 0.18778280542986425 0.1687116564417178
35 0.48868778280542985 0.8788343558282209 0.16289592760180996 0.147239263803681
21 0.5904977375565611 0.5253067484662577 0.04524886877828054 0.03834355828220859
18 0.498868778280543 0.6242331288343558 0.0746606334841629 0.06134969325153374
2 0.665158371040724 0.2561349693251534 0.07692307692307693 0.0950920245398773
26 0.40497737556561086 0.9118098159509203 0.13122171945701358 0.09662576687116564
25 0.3065610859728507 0.9746932515337423 0.0746606334841629 0.029141104294478526
34 0.4852941176470588 0.032208588957055216 0.06561085972850679 0.024539877300613498
