35 0.19683257918552036 0.7714723926380368 0.167420814479638 0.13190184049079753
35 0.7963800904977375 0.7714723926380368 0.167420814479638 0.13190184049079753
35 0.18665158371040724 0.21088957055214724 0.1244343891402715 0.11503067484662577
35 0.7861990950226244 0.21088957055214724 0.1244343891402715 0.11503067484662577
35 0.501131221719457 0.11809815950920245 0.18778280542986425 0.1687116564417178
35 0.48868778280542985 0.8788343558282209 0.16289592760180996 0.147239263803681
15 0.14705882352941177 0.473159509202454 0.06787330316742081 0.05061349693251534
19 0.04751131221719457 0.5567484662576687 0.058823529411764705 0.05521472392638037
11 0.5475113122171946 0.46088957055214724 0.13574660633484162 0.07515337423312883
8 0.4592760180995475 0.4976993865030675 0.167420814479638 0.11809815950920245
16 0.5328054298642534 0.7523006134969326 0.083710407239819 0.05674846625766871
1 0.6357466063348416 0.5329754601226994 0.07692307692307693 0.0598159509202454
27 0.7692307692307693 0.2645705521472393 0.10407239819004525 0.07208588957055215
25 0.23642533936651583 0.6165644171779141 0.07918552036199095 0.03374233128834356
33 0.5769230769230769 0.7246932515337423 0.03167420814479638 0.023006134969325152
34 0.4468325791855204 0.8343558282208589 0.06561085972850679 0.024539877300613498
