35 0.19683257918552036 0.7714723926380368 0.167420814479638 0.13190184049079753
35 0.7963800904977375 0.7714723926380368 0.167420814479638 0.13190184049079753
35 0.18665158371040724 0.21088957055214724 0.1244343891402715 0.11503067484662577
35 0.7861990950226244 0.21088957055214724 0.1244343891402715 0.11503067484662577
35 0.501131221719457 0.11809815950920245 0.18778280542986425 0.1687116564417178
35 0.48868778280542985 0.8788343558282209 0.16289592760180996 0.147239263803681
13 0.6459276018099548 0.7446319018404908 0.09728506787330317 0.07208588957055215
24 0.28054298642533937 0.549079754601227 0.06334841628959276 0.08588957055214724
20 0.5113122171945701 0.42024539877300615 0.13122171945701358 0.13190184049079753
22 0.8212669683257918 0.4938650306748466 0.1493212669683258 0.08895705521472393
15 0.5723981900452488 0.691717791411043 0.08144796380090498 0.046012269938650305
11 0.6244343891402715 0.7200920245398773 0.08144796380090498 0.1058282208588957
3 0.41289592760180993 0.6541411042944786 0.05203619909502263 0.05368098159509203
6 0.08597285067873303 0.5705521472392638 0.13574660633484162 0.10429447852760736
9 0.8054298642533937 0.6380368098159509 0.11312217194570136 0.0736196319018405
5 0.6085972850678733 0.6088957055214724 0.06787330316742081 0.049079754601226995
29 0.5780542986425339 0.15030674846625766 0.08823529411764706 0.06441717791411043
26 0.4502262443438914 0.5483128834355828 0.13122171945701358 0.09662576687116564
31 0.40384615384615385 0.3427914110429448 0.06561085972850679 0.02607361963190184
