35 0.19683257918552036 0.7714723926380368 0.167420814479638 0.13190184049079753
35 0.7963800904977375 0.7714723926380368 0.167420814479638 0.13190184049079753
35 0.18665158371040724 0.21088957055214724 0.1244343891402715 0.11503067484662577
35 0.7861990950226244 0.21088957055214724 0.1244343891402715 0.11503067484662577
35 0.501131221719457 0.11809815950920245 0.18778280542986425 0.1687116564417178
35 0.48868778280542985 0.8788343558282209 0.16289592760180996 0.147239263803681
14 0.09276018099547512 0.7707055214723927 0.05429864253393665 0.0352760736196319
24 0.13122171945701358 0.5774539877300614 0.09502262443438914 0.0598159509202454
19 0.6583710407239819 0.7223926380368099 0.058823529411764705 0.05521472392638037
17 0.7375565610859729 0.48849693251533743 0.10407239819004525 0.08742331288343558
8 0.08597285067873303 0.5927914110429447 0.167420814479638 0.11809815950920245
16 0.05995475113122172 0.21242331288343558 0.09728506787330317 0.06901840490797546
25 0.15610859728506787 0.26380368098159507 0.03167420814479638 0.03067484662576687
28 0.5158371040723982 0.47929447852760737 0.058823529411764705 0.05061349693251534
32 0.43552036199095023 0.10352760736196319 0.1244343891402715 0.023006134969325152
