35 0.19683257918552036 0.7714723926380368 0.167420814479638 0.13190184049079753
35 0.7963800904977375 0.7714723926380368 0.167420814479638 0.13190184049079753
35 0.18665158371040724 0.21088957055214724 0.1244343891402715 0.11503067484662577
35 0.7861990950226244 0.21088957055214724 0.1244343891402715 0.11503067484662577
35 0.501131221719457 0.11809815950920245 0.18778280542986425 0.1687116564417178
35 0.48868778280542985 0.8788343558282209 0.16289592760180996 0.147239263803681
14 0.5361990950226244 0.5996932515337423 0.03167420814479638 0.03067484662576687
5 0.0916289592760181 0.11503067484662577 0.0746606334841629 0.03680981595092025
4 0.3427601809954751 0.5053680981595092 0.11990950226244344 0.09355828220858896
24 0.07239819004524888 0.9141104294478528 0.06334841628959276 0.08588957055214724
22 0.501131221719457 0.6679447852760736 0.1334841628959276 0.10276073619631902
15 0.45701357466063347 0.39493865030674846 0.07239819004524888 0.04754601226993865
