35 0.19683257918552036 0.7714723926380368 0.167420814479638 0.13190184049079753
35 0.7963800904977375 0.7714723926380368 0.167420814479638 0.13190184049079753
35 0.18665158371040724 0.21088957055214724 0.1244343891402715 0.11503067484662577
35 0.7861990950226244 0.21088957055214724 0.1244343891402715 0.11503067484662577
35 0.501131221719457 0.11809815950920245 0.18778280542986425 0.1687116564417178
35 0.48868778280542985 0.8788343558282209 0.16289592760180996 0.147239263803681
14 0.11312217194570136 0.6679447852760736 0.05429864253393665 0.0352760736196319
24 0.41855203619909503 0.5659509202453987 0.06334841628959276 0.08588957055214724
15 0.5395927601809954 0.4072085889570552 0.07013574660633484 0.04754601226993865
11 0.6515837104072398 0.5053680981595092 0.08144796380090498 0.1058282208588957
17 0.5746606334841629 0.4470858895705521 0.10407239819004525 0.08742331288343558
10 0.24434389140271492 0.5375766871165644 0.12669683257918551 0.14570552147239263
21 0.746606334841629 0.6403374233128835 0.04524886877828054 0.03834355828220859
7 0.4604072398190045 0.7584355828220859 0.04751131221719457 0.04754601226993865
19 0.1334841628959276 0.6073619631901841 0.058823529411764705 0.05521472392638037
25 0.7217194570135747 0.75920245398773 0.03167420814479638 0.03067484662576687
30 0.1753393665158371 0.8757668711656442 0.1244343891402715 0.024539877300613498
28 0.8246606334841629 0.36579754601226994 0.06108597285067873 0.05368098159509203
27 0.3257918552036199 0.3726993865030675 0.10407239819004525 0.0705521472392638
