35 0.19683257918552036 0.7714723926380368 0.167420814479638 0.13190184049079753
35 0.7963800904977375 0.7714723926380368 0.167420814479638 0.13190184049079753
35 0.18665158371040724 0.21088957055214724 0.1244343891402715 0.11503067484662577
35 0.7861990950226244 0.21088957055214724 0.1244343891402715 0.11503067484662577
35 0.501131221719457 0.11809815950920245 0.18778280542986425 0.1687116564417178
35 0.48868778280542985 0.8788343558282209 0.16289592760180996 0.147239263803681
5 0.8812217194570136 0.47699386503067487 0.0746606334841629 0.03680981595092025
4 0.5735294117647058 0.6050613496932515 0.11990950226244344 0.09355828220858896
6 0.501131221719457 0.700920245398773 0.11085972850678733 0.11042944785276074
18 0.18212669683257918 0.5720858895705522 0.0746606334841629 0.06134969325153374
17 0.45475113122171945 0.6142638036809815 0.10407239819004525 0.09049079754601227
11 0.49434389140271495 0.28297546012269936 0.1334841628959276 0.07515337423312883
