35 0.19683257918552036 0.7714723926380368 0.167420814479638 0.13190184049079753
35 0.7963800904977375 0.7714723926380368 0.167420814479638 0.13190184049079753
35 0.18665158371040724 0.21088957055214724 0.1244343891402715 0.11503067484662577
35 0.7861990950226244 0.21088957055214724 0.1244343891402715 0.11503067484662577
35 0.501131221719457 0.11809815950920245 0.18778280542986425 0.1687116564417178
35 0.48868778280542985 0.8788343558282209 0.16289592760180996 0.147239263803681
0 0.5972850678733032 0.4624233128834356 0.049773755656108594 0.04754601226993865
22 0.45701357466063347 0.6549079754601227 0.1493212669683258 0.08895705521472393
2 0.5339366515837104 0.7423312883435583 0.07692307692307693 0.0950920245398773
15 0.5294117647058824 0.674079754601227 0.08144796380090498 0.05674846625766871
6 0.5475113122171946 0.3987730061349693 0.167420814479638 0.09815950920245399
7 0.5237556561085973 0.6802147239263804 0.05203619909502263 0.04141104294478527
20 0.06787330316742081 0.2929447852760736 0.13122171945701358 0.13190184049079753
24 0.45701357466063347 0.6503067484662577 0.06334841628959276 0.08588957055214724
33 0.7669683257918553 0.25996932515337423 0.03167420814479638 0.023006134969325152
