35 0.19683257918552036 0.7714723926380368 0.167420814479638 0.13190184049079753
35 0.7963800904977375 0.7714723926380368 0.167420814479638 0.13190184049079753
35 0.18665158371040724 0.21088957055214724 0.1244343891402715 0.11503067484662577
35 0.7861990950226244 0.21088957055214724 0.1244343891402715 0.11503067484662577
35 0.501131221719457 0.11809815950920245 0.18778280542986425 0.1687116564417178
35 0.48868778280542985 0.8788343558282209 0.16289592760180996 0.147239263803681
12 0.1414027149321267 0.5030674846625767 0.083710407239819 0.06748466257668712
22 0.2319004524886878 0.5230061349693251 0.1425339366515837 0.07975460122699386
8 0.6085972850678733 0.3044478527607362 0.167420814479638 0.11809815950920245
9 0.7703619909502263 0.5989263803680982 0.11085972850678733 0.07515337423312883
24 0.48642533936651583 0.7338957055214724 0.09502262443438914 0.0598159509202454
2 0.5214932126696833 0.34202453987730064 0.0746606334841629 0.08895705521472393
6 0.30995475113122173 0.602760736196319 0.17647058823529413 0.11042944785276074
31 0.915158371040724 0.8642638036809815 0.06561085972850679 0.02607361963190184
27 0.8574660633484162 0.8113496932515337 0.10407239819004525 0.0705521472392638
