35 0.19683257918552036 0.7714723926380368 0.167420814479638 0.13190184049079753
35 0.7963800904977375 0.7714723926380368 0.167420814479638 0.13190184049079753
35 0.18665158371040724 0.21088957055214724 0.1244343891402715 0.11503067484662577
35 0.7861990950226244 0.21088957055214724 0.1244343891402715 0.11503067484662577
35 0.501131221719457 0.11809815950920245 0.18778280542986425 0.1687116564417178
35 0.48868778280542985 0.8788343558282209 0.16289592760180996 0.147239263803681
2 0.27149321266968324 0.5674846625766872 0.07692307692307693 0.0950920245398773
12 0.3009049773755656 0.5966257668711656 0.06787330316742081 0.049079754601226995
1 0.038461538461538464 0.2860429447852761 0.07692307692307693 0.0598159509202454
9 0.7375565610859729 0.47929447852760737 0.10407239819004525 0.07515337423312883
11 0.19004524886877827 0.1142638036809816 0.13574660633484162 0.07515337423312883
20 0.19230769230769232 0.6134969325153374 0.13122171945701358 0.13190184049079753
13 0.3404977375565611 0.522239263803681 0.09728506787330317 0.07208588957055215
17 0.23755656108597284 0.07592024539877301 0.10407239819004525 0.08742331288343558
5 0.5622171945701357 0.5736196319018405 0.0746606334841629 0.03680981595092025
8 0.6018099547511312 0.5145705521472392 0.167420814479638 0.11809815950920245
32 0.333710407239819 0.43328220858895705 0.1244343891402715 0.023006134969325152
33 0.8416289592760181 0.7292944785276073 0.03167420814479638 0.023006134969325152
29 0.09728506787330317 0.26150306748466257 0.1085972850678733 0.08128834355828221
26 0.21832579185520362 0.5943251533742331 0.1425339366515837 0.07208588957055215
