35 0.19683257918552036 0.7714723926380368 0.167420814479638 0.13190184049079753
35 0.7963800904977375 0.7714723926380368 0.167420814479638 0.13190184049079753
35 0.18665158371040724 0.21088957055214724 0.1244343891402715 0.11503067484662577
35 0.7861990950226244 0.21088957055214724 0.1244343891402715 0.11503067484662577
35 0.501131221719457 0.11809815950920245 0.18778280542986425 0.1687116564417178
35 0.48868778280542985 0.8788343558282209 0.16289592760180996 0.147239263803681
5 0.5294117647058824 0.549079754601227 0.06787330316742081 0.049079754601226995
17 0.916289592760181 0.5544478527607362 0.10407239819004525 0.08742331288343558
14 0.6493212669683258 0.2753067484662577 0.049773755656108594 0.04447852760736196
16 0.505656108597285 0.46088957055214724 0.083710407239819 0.05674846625766871
4 0.8947963800904978 0.5751533742331288 0.11085972850678733 0.08895705521472393
10 0.30995475113122173 0.5069018404907976 0.12669683257918551 0.14570552147239263
29 0.8699095022624435 0.3987730061349693 0.08823529411764706 0.06441717791411043
26 0.3212669683257919 0.36119631901840493 0.13122171945701358 0.09662576687116564
30 0.6346153846153846 0.4892638036809816 0.1244343891402715 0.024539877300613498
