35 0.19683257918552036 0.7714723926380368 0.167420814479638 0.13190184049079753
35 0.7963800904977375 0.7714723926380368 0.167420814479638 0.13190184049079753
35 0.18665158371040724 0.21088957055214724 0.1244343891402715 0.11503067484662577
35 0.7861990950226244 0.21088957055214724 0.1244343891402715 0.11503067484662577
35 0.501131221719457 0.11809815950920245 0.18778280542986425 0.1687116564417178
35 0.48868778280542985 0.8788343558282209 0.16289592760180996 0.147239263803681
7 0.498868778280543 0.28911042944785276 0.04751131221719457 0.04754601226993865
9 0.5090497737556561 0.647239263803681 0.11312217194570136 0.0736196319018405
23 0.7624434389140271 0.5812883435582822 0.12217194570135746 0.0950920245398773
0 0.504524886877828 0.6687116564417178 0.07692307692307693 0.046012269938650305
21 0.21266968325791855 0.12346625766871165 0.04524886877828054 0.03834355828220859
5 0.7895927601809954 0.6641104294478528 0.06787330316742081 0.049079754601226995
20 0.7692307692307693 0.6334355828220859 0.13122171945701358 0.13190184049079753
12 0.11085972850678733 0.504601226993865 0.06787330316742081 0.049079754601226995
32 0.7160633484162896 0.4808282208588957 0.1244343891402715 0.023006134969325152
29 0.25904977375565613 0.4325153374233129 0.08823529411764706 0.06441717791411043
