35 0.19683257918552036 0.7714723926380368 0.167420814479638 0.13190184049079753
35 0.7963800904977375 0.7714723926380368 0.167420814479638 0.13190184049079753
35 0.18665158371040724 0.21088957055214724 0.1244343891402715 0.11503067484662577
35 0.7861990950226244 0.21088957055214724 0.1244343891402715 0.11503067484662577
35 0.501131221719457 0.11809815950920245 0.18778280542986425 0.1687116564417178
35 0.48868778280542985 0.8788343558282209 0.16289592760180996 0.147239263803681
10 0.6131221719457014 0.6495398773006135 0.12669683257918551 0.14570552147239263
15 0.17420814479638008 0.6587423312883436 0.06787330316742081 0.05061349693251534
17 0.5384615384615384 0.4378834355828221 0.10407239819004525 0.08742331288343558
5 0.7861990950226244 0.5444785276073619 0.0746606334841629 0.03680981595092025
8 0.09389140271493213 0.5736196319018405 0.16968325791855204 0.1196319018404908
21 0.6900452488687783 0.7124233128834356 0.04524886877828054 0.03834355828220859
31 0.6572398190045249 0.5835889570552147 0.06561085972850679 0.02607361963190184
28 0.3020361990950226 0.4386503067484663 0.07013574660633484 0.05521472392638037
