35 0.19683257918552036 0.7714723926380368 0.167420814479638 0.13190184049079753
35 0.7963800904977375 0.7714723926380368 0.167420814479638 0.13190184049079753
35 0.18665158371040724 0.21088957055214724 0.1244343891402715 0.11503067484662577
35 0.7861990950226244 0.21088957055214724 0.1244343891402715 0.11503067484662577
35 0.501131221719457 0.11809815950920245 0.18778280542986425 0.1687116564417178
35 0.48868778280542985 0.8788343558282209 0.16289592760180996 0.147239263803681
7 0.35294117647058826 0.5283742331288344 0.06334841628959276 0.05368098159509203
10 0.5723981900452488 0.6526073619631901 0.12669683257918551 0.14570552147239263
21 0.6855203619909502 0.7492331288343558 0.04524886877828054 0.03834355828220859
30 0.20927601809954752 0.7868098159509203 0.1244343891402715 0.024539877300613498
29 0.501131221719457 0.0736196319018405 0.08823529411764706 0.06441717791411043
33 0.2239819004524887 0.9424846625766872 0.03167420814479638 0.023006134969325152
