35 0.19683257918552036 0.7714723926380368 0.167420814479638 0.13190184049079753
35 0.7963800904977375 0.7714723926380368 0.167420814479638 0.13190184049079753
35 0.18665158371040724 0.21088957055214724 0.1244343891402715 0.11503067484662577
35 0.7861990950226244 0.21088957055214724 0.1244343891402715 0.11503067484662577
35 0.501131221719457 0.11809815950920245 0.18778280542986425 0.1687116564417178
35 0.48868778280542985 0.8788343558282209 0.16289592760180996 0.147239263803681
1 0.5701357466063348 0.23236196319018404 0.09049773755656108 0.06595092024539877
8 0.8608597285067874 0.504601226993865 0.16968325791855204 0.1196319018404908
21 0.6312217194570136 0.6418711656441718 0.04524886877828054 0.03834355828220859
6 0.27149321266968324 0.5153374233128835 0.17647058823529413 0.11042944785276074
20 0.2647058823529412 0.5460122699386503 0.13122171945701358 0.13190184049079753
