35 0.19683257918552036 0.7714723926380368 0.167420814479638 0.13190184049079753
35 0.7963800904977375 0.7714723926380368 0.167420814479638 0.13190184049079753
35 0.18665158371040724 0.21088957055214724 0.1244343891402715 0.11503067484662577
35 0.7861990950226244 0.21088957055214724 0.1244343891402715 0.11503067484662577
35 0.501131221719457 0.11809815950920245 0.18778280542986425 0.1687116564417178
35 0.48868778280542985 0.8788343558282209 0.16289592760180996 0.147239263803681
18 0.17986425339366516 0.656441717791411 0.0746606334841629 0.06134969325153374
16 0.5667420814479638 0.3121165644171779 0.083710407239819 0.05674846625766871
23 0.5203619909502263 0.6380368098159509 0.12217194570135746 0.0950920245398773
3 0.14592760180995476 0.6794478527607362 0.05203619909502263 0.06441717791411043
20 0.10407239819004525 0.5184049079754601 0.13122171945701358 0.13190184049079753
24 0.09049773755656108 0.6173312883435583 0.09502262443438914 0.0598159509202454
22 0.3223981900452489 0.6763803680981595 0.1425339366515837 0.07975460122699386
7 0.08484162895927602 0.032975460122699383 0.05203619909502263 0.04141104294478527
6 0.48868778280542985 0.35276073619631904 0.13574660633484162 0.10429447852760736
12 0.6628959276018099 0.7331288343558282 0.06787330316742081 0.049079754601226995
25 0.5667420814479638 0.17561349693251535 0.0746606334841629 0.029141104294478526
34 0.41289592760180993 0.7055214723926381 0.06561085972850679 0.024539877300613498
