35 0.19683257918552036 0.7714723926380368 0.167420814479638 0.13190184049079753
35 0.7963800904977375 0.7714723926380368 0.167420814479638 0.13190184049079753
35 0.18665158371040724 0.21088957055214724 0.1244343891402715 0.11503067484662577
35 0.7861990950226244 0.21088957055214724 0.1244343891402715 0.11503067484662577
35 0.501131221719457 0.11809815950920245 0.18778280542986425 0.1687116564417178
35 0.48868778280542985 0.8788343558282209 0.16289592760180996 0.147239263803681
7 0.5147058823529411 0.23542944785276074 0.04751131221719457 0.04754601226993865
5 0.09728506787330317 0.45858895705521474 0.06787330316742081 0.049079754601226995
11 0.6380090497737556 0.3934049079754601 0.06787330316742081 0.07822085889570553
19 0.37895927601809953 0.5421779141104295 0.04751131221719457 0.05368098159509203
12 0.5429864253393665 0.4340490797546012 0.06787330316742081 0.049079754601226995
10 0.47737556561085975 0.37346625766871167 0.12669683257918551 0.14570552147239263
0 0.5384615384615384 0.27223926380368096 0.05429864253393665 0.05368098159509203
25 0.8868778280542986 0.8197852760736196 0.08597285067873303 0.04447852760736196
