35 0.19683257918552036 0.7714723926380368 0.167420814479638 0.13190184049079753
35 0.7963800904977375 0.7714723926380368 0.167420814479638 0.13190184049079753
35 0.18665158371040724 0.21088957055214724 0.1244343891402715 0.11503067484662577
35 0.7861990950226244 0.21088957055214724 0.1244343891402715 0.11503067484662577
35 0.501131221719457 0.11809815950920245 0.18778280542986425 0.1687116564417178
35 0.48868778280542985 0.8788343558282209 0.16289592760180996 0.147239263803681
11 0.41855203619909503 0.5805214723926381 0.08144796380090498 0.1058282208588957
7 0.5622171945701357 0.6081288343558282 0.04751131221719457 0.04754601226993865
14 0.027149321266968326 0.6127300613496932 0.05429864253393665 0.0352760736196319
19 0.3190045248868778 0.5168711656441718 0.058823529411764705 0.05521472392638037
15 0.5701357466063348 0.23773006134969324 0.08144796380090498 0.046012269938650305
5 0.7115384615384616 0.6411042944785276 0.0746606334841629 0.03680981595092025
16 0.1323529411764706 0.575920245398773 0.09728506787330317 0.06901840490797546
23 0.8212669683257918 0.6104294478527608 0.12217194570135746 0.0950920245398773
6 0.5248868778280543 0.7377300613496932 0.16289592760180996 0.10122699386503067
