35 0.19683257918552036 0.7714723926380368 0.167420814479638 0.13190184049079753
35 0.7963800904977375 0.7714723926380368 0.167420814479638 0.13190184049079753
35 0.18665158371040724 0.21088957055214724 0.1244343891402715 0.11503067484662577
35 0.7861990950226244 0.21088957055214724 0.1244343891402715 0.11503067484662577
35 0.501131221719457 0.11809815950920245 0.18778280542986425 0.1687116564417178
35 0.48868778280542985 0.8788343558282209 0.16289592760180996 0.147239263803681
9 0.332579185520362 0.6556748466257669 0.10407239819004525 0.07515337423312883
34 0.7816742081447964 0.8588957055214724 0.06561085972850679 0.024539877300613498
25 0.08484162895927602 0.2661042944785276 0.0746606334841629 0.029141104294478526
28 0.4513574660633484 0.3029141104294479 0.06108597285067873 0.05368098159509203
26 0.4298642533936652 0.933282208588957 0.13122171945701358 0.09662576687116564
