35 0.19683257918552036 0.7714723926380368 0.167420814479638 0.13190184049079753
35 0.7963800904977375 0.7714723926380368 0.167420814479638 0.13190184049079753
35 0.18665158371040724 0.21088957055214724 0.1244343891402715 0.11503067484662577
35 0.7861990950226244 0.21088957055214724 0.1244343891402715 0.11503067484662577
35 0.501131221719457 0.11809815950920245 0.18778280542986425 0.1687116564417178
35 0.48868778280542985 0.8788343558282209 0.16289592760180996 0.147239263803681
2 0.04751131221719457 0.31901840490797545 0.07692307692307693 0.0950920245398773
0 0.9660633484162896 0.45475460122699385 0.058823529411764705 0.05674846625766871
13 0.5271493212669683 0.41641104294478526 0.09502262443438914 0.06901840490797546
7 0.2319004524886878 0.683282208588957 0.05203619909502263 0.04141104294478527
21 0.15384615384615385 0.13113496932515337 0.04524886877828054 0.03834355828220859
19 0.5180995475113123 0.49693251533742333 0.058823529411764705 0.05521472392638037
17 0.05203619909502263 0.12193251533742332 0.10407239819004525 0.09049079754601227
23 0.9276018099547512 0.5736196319018405 0.12217194570135746 0.0950920245398773
7 0.030542986425339366 0.3029141104294479 0.05203619909502263 0.04141104294478527
25 0.6515837104072398 0.3052147239263804 0.03167420814479638 0.03067484662576687
29 0.6368778280542986 0.25766871165644173 0.083710407239819 0.08895705521472393
30 0.9309954751131222 0.4217791411042945 0.1244343891402715 0.024539877300613498
28 0.15497737556561086 0.6257668711656442 0.07013574660633484 0.05521472392638037
