35 0.19683257918552036 0.7714723926380368 0.167420814479638 0.13190184049079753
35 0.7963800904977375 0.7714723926380368 0.167420814479638 0.13190184049079753
35 0.18665158371040724 0.21088957055214724 0.1244343891402715 0.11503067484662577
35 0.7861990950226244 0.21088957055214724 0.1244343891402715 0.11503067484662577
35 0.501131221719457 0.11809815950920245 0.18778280542986425 0.1687116564417178
35 0.48868778280542985 0.8788343558282209 0.16289592760180996 0.147239263803681
14 0.5746606334841629 0.2469325153374233 0.04072398190045249 0.03067484662576687
11 0.8235294117647058 0.5728527607361963 0.08144796380090498 0.1058282208588957
10 0.22624434389140272 0.49923312883435583 0.12669683257918551 0.14570552147239263
6 0.7262443438914027 0.6150306748466258 0.13574660633484162 0.10429447852760736
3 0.48755656108597284 0.7638036809815951 0.05203619909502263 0.06441717791411043
7 0.1255656108597285 0.6449386503067485 0.05203619909502263 0.04141104294478527
2 0.36199095022624433 0.602760736196319 0.07692307692307693 0.0950920245398773
17 0.7307692307692307 0.6081288343558282 0.10407239819004525 0.09049079754601227
15 0.34502262443438914 0.10966257668711657 0.07013574660633484 0.04754601226993865
4 0.6029411764705882 0.6556748466257669 0.11990950226244344 0.09662576687116564
28 0.35294117647058826 0.8765337423312883 0.058823529411764705 0.05061349693251534
25 0.6493212669683258 0.8412576687116564 0.08597285067873303 0.04447852760736196
31 0.34502262443438914 0.37346625766871167 0.06561085972850679 0.02607361963190184
