35 0.19683257918552036 0.7714723926380368 0.167420814479638 0.13190184049079753
35 0.7963800904977375 0.7714723926380368 0.167420814479638 0.13190184049079753
35 0.18665158371040724 0.21088957055214724 0.1244343891402715 0.11503067484662577
35 0.7861990950226244 0.21088957055214724 0.1244343891402715 0.11503067484662577
35 0.501131221719457 0.11809815950920245 0.18778280542986425 0.1687116564417178
35 0.48868778280542985 0.8788343558282209 0.16289592760180996 0.147239263803681
0 0.05995475113122172 0.13957055214723926 0.07013574660633484 0.049079754601226995
16 0.3065610859728507 0.6817484662576687 0.10180995475113122 0.0598159509202454
20 0.579185520361991 0.3343558282208589 0.13122171945701358 0.13190184049079753
33 0.45248868778280543 0.6863496932515337 0.03167420814479638 0.023006134969325152
31 0.5463800904977375 0.7308282208588958 0.06561085972850679 0.02607361963190184
27 0.665158371040724 0.3151840490797546 0.10407239819004525 0.07208588957055215
