35 0.19683257918552036 0.7714723926380368 0.167420814479638 0.13190184049079753
35 0.7963800904977375 0.7714723926380368 0.167420814479638 0.13190184049079753
35 0.18665158371040724 0.21088957055214724 0.1244343891402715 0.11503067484662577
35 0.7861990950226244 0.21088957055214724 0.1244343891402715 0.11503067484662577
35 0.501131221719457 0.11809815950920245 0.18778280542986425 0.1687116564417178
35 0.48868778280542985 0.8788343558282209 0.16289592760180996 0.147239263803681
21 0.06108597285067873 0.7538343558282209 0.04524886877828054 0.03834355828220859
1 0.48642533936651583 0.6434049079754601 0.09049773755656108 0.06595092024539877
18 0.1583710407239819 0.6633435582822086 0.07692307692307693 0.05368098159509203
30 0.7794117647058824 0.2469325153374233 0.1244343891402715 0.024539877300613498
