35 0.19683257918552036 0.7714723926380368 0.167420814479638 0.13190184049079753
35 0.7963800904977375 0.7714723926380368 0.167420814479638 0.13190184049079753
35 0.18665158371040724 0.21088957055214724 0.1244343891402715 0.11503067484662577
35 0.7861990950226244 0.21088957055214724 0.1244343891402715 0.11503067484662577
35 0.501131221719457 0.11809815950920245 0.18778280542986425 0.1687116564417178
35 0.48868778280542985 0.8788343558282209 0.16289592760180996 0.147239263803681
20 0.17647058823529413 0.5858895705521472 0.13122171945701358 0.13190184049079753
19 0.12895927601809956 0.4616564417177914 0.058823529411764705 0.05521472392638037
22 0.5678733031674208 0.27607361963190186 0.1493212669683258 0.08895705521472393
14 0.4592760180995475 0.28911042944785276 0.05429864253393665 0.0352760736196319
31 0.6029411764705882 0.7553680981595092 0.06561085972850679 0.02607361963190184
30 0.75 0.32975460122699385 0.1244343891402715 0.024539877300613498
26 0.7579185520361991 0.42254601226993865 0.13122171945701358 0.09662576687116564
