35 0.19683257918552036 0.7714723926380368 0.167420814479638 0.13190184049079753
35 0.7963800904977375 0.7714723926380368 0.167420814479638 0.13190184049079753
35 0.18665158371040724 0.21088957055214724 0.1244343891402715 0.11503067484662577
35 0.7861990950226244 0.21088957055214724 0.1244343891402715 0.11503067484662577
35 0.501131221719457 0.11809815950920245 0.18778280542986425 0.1687116564417178
35 0.48868778280542985 0.8788343558282209 0.16289592760180996 0.147239263803681
22 0.8472850678733032 0.6012269938650306 0.1425339366515837 0.07975460122699386
17 0.5678733031674208 0.4854294478527607 0.10407239819004525 0.09049079754601227
11 0.20701357466063347 0.1111963190184049 0.1334841628959276 0.07515337423312883
18 0.5667420814479638 0.39493865030674846 0.042986425339366516 0.05674846625766871
2 0.3020361990950226 0.07208588957055215 0.0746606334841629 0.08895705521472393
5 0.12217194570135746 0.6395705521472392 0.06787330316742081 0.049079754601226995
4 0.6176470588235294 0.32745398773006135 0.12217194570135746 0.09969325153374232
