35 0.19683257918552036 0.7714723926380368 0.167420814479638 0.13190184049079753
35 0.7963800904977375 0.7714723926380368 0.167420814479638 0.13190184049079753
35 0.18665158371040724 0.21088957055214724 0.1244343891402715 0.11503067484662577
35 0.7861990950226244 0.21088957055214724 0.1244343891402715 0.11503067484662577
35 0.501131221719457 0.11809815950920245 0.18778280542986425 0.1687116564417178
35 0.48868778280542985 0.8788343558282209 0.16289592760180996 0.147239263803681
21 0.09276018099547512 0.6878834355828221 0.04524886877828054 0.03834355828220859
7 0.04411764705882353 0.5069018404907976 0.04751131221719457 0.04754601226993865
9 0.5950226244343891 0.7523006134969326 0.10407239819004525 0.07515337423312883
17 0.4796380090497738 0.5820552147239264 0.10407239819004525 0.09049079754601227
11 0.5633484162895928 0.3412576687116564 0.08144796380090498 0.1058282208588957
1 0.45248868778280543 0.42714723926380366 0.07692307692307693 0.0598159509202454
32 0.8472850678733032 0.6464723926380368 0.1244343891402715 0.023006134969325152
34 0.6549773755656109 0.12576687116564417 0.06561085972850679 0.024539877300613498
