35 0.19683257918552036 0.7714723926380368 0.167420814479638 0.13190184049079753
35 0.7963800904977375 0.7714723926380368 0.167420814479638 0.13190184049079753
35 0.18665158371040724 0.21088957055214724 0.1244343891402715 0.11503067484662577
35 0.7861990950226244 0.21088957055214724 0.1244343891402715 0.11503067484662577
35 0.501131221719457 0.11809815950920245 0.18778280542986425 0.1687116564417178
35 0.48868778280542985 0.8788343558282209 0.16289592760180996 0.147239263803681
10 0.5158371040723982 0.49923312883435583 0.12669683257918551 0.14570552147239263
16 0.33144796380090497 0.040644171779141106 0.09728506787330317 0.06901840490797546
0 0.47285067873303166 0.6311349693251533 0.058823529411764705 0.05674846625766871
12 0.834841628959276 0.46319018404907975 0.06787330316742081 0.049079754601226995
21 0.5882352941176471 0.2200920245398773 0.04524886877828054 0.03834355828220859
15 0.042986425339366516 0.7576687116564417 0.08144796380090498 0.046012269938650305
13 0.049773755656108594 0.5053680981595092 0.09502262443438914 0.06901840490797546
24 0.3574660633484163 0.4486196319018405 0.09502262443438914 0.0598159509202454
