35 0.19683257918552036 0.7714723926380368 0.167420814479638 0.13190184049079753
35 0.7963800904977375 0.7714723926380368 0.167420814479638 0.13190184049079753
35 0.18665158371040724 0.21088957055214724 0.1244343891402715 0.11503067484662577
35 0.7861990950226244 0.21088957055214724 0.1244343891402715 0.11503067484662577
35 0.501131221719457 0.11809815950920245 0.18778280542986425 0.1687116564417178
35 0.48868778280542985 0.8788343558282209 0.16289592760180996 0.147239263803681
23 0.5678733031674208 0.700920245398773 0.12217194570135746 0.0950920245398773
17 0.6538461538461539 0.5851226993865031 0.10407239819004525 0.08742331288343558
15 0.42081447963800905 0.5874233128834356 0.08597285067873303 0.049079754601226995
9 0.18665158371040724 0.6403374233128835 0.11085972850678733 0.07515337423312883
11 0.6085972850678733 0.3006134969325153 0.09502262443438914 0.07668711656441718
5 0.06334841628959276 0.18865030674846625 0.06787330316742081 0.049079754601226995
21 0.22850678733031674 0.4808282208588957 0.04524886877828054 0.03834355828220859
2 0.5192307692307693 0.3236196319018405 0.0746606334841629 0.08895705521472393
28 0.6527149321266968 0.6771472392638037 0.06108597285067873 0.05368098159509203
