35 0.19683257918552036 0.7714723926380368 0.167420814479638 0.13190184049079753
35 0.7963800904977375 0.7714723926380368 0.167420814479638 0.13190184049079753
35 0.18665158371040724 0.21088957055214724 0.1244343891402715 0.11503067484662577
35 0.7861990950226244 0.21088957055214724 0.1244343891402715 0.11503067484662577
35 0.501131221719457 0.11809815950920245 0.18778280542986425 0.1687116564417178
35 0.48868778280542985 0.8788343558282209 0.16289592760180996 0.147239263803681
21 0.5565610859728507 0.7078220858895705 0.04524886877828054 0.03834355828220859
7 0.8936651583710408 0.5575153374233128 0.06334841628959276 0.05368098159509203
2 0.3665158371040724 0.05674846625766871 0.07692307692307693 0.0950920245398773
13 0.4242081447963801 0.48849693251533743 0.09728506787330317 0.07208588957055215
25 0.8088235294117647 0.7269938650306749 0.07918552036199095 0.03374233128834356
26 0.5667420814479638 0.6602760736196319 0.1425339366515837 0.07208588957055215
