35 0.19683257918552036 0.7714723926380368 0.167420814479638 0.13190184049079753
35 0.7963800904977375 0.7714723926380368 0.167420814479638 0.13190184049079753
35 0.18665158371040724 0.21088957055214724 0.1244343891402715 0.11503067484662577
35 0.7861990950226244 0.21088957055214724 0.1244343891402715 0.11503067484662577
35 0.501131221719457 0.11809815950920245 0.18778280542986425 0.1687116564417178
35 0.48868778280542985 0.8788343558282209 0.16289592760180996 0.147239263803681
10 0.2579185520361991 0.6679447852760736 0.12669683257918551 0.14570552147239263
21 0.3009049773755656 0.5697852760736196 0.04524886877828054 0.03834355828220859
13 0.29638009049773756 0.05291411042944785 0.09502262443438914 0.06901840490797546
26 0.16968325791855204 0.12346625766871165 0.13122171945701358 0.09662576687116564
30 0.7884615384615384 0.9677914110429447 0.1244343891402715 0.024539877300613498
32 0.8088235294117647 0.8274539877300614 0.1244343891402715 0.023006134969325152
33 0.6493212669683258 0.5191717791411042 0.03167420814479638 0.023006134969325152
