35 0.19683257918552036 0.7714723926380368 0.167420814479638 0.13190184049079753
35 0.7963800904977375 0.7714723926380368 0.167420814479638 0.13190184049079753
35 0.18665158371040724 0.21088957055214724 0.1244343891402715 0.11503067484662577
35 0.7861990950226244 0.21088957055214724 0.1244343891402715 0.11503067484662577
35 0.501131221719457 0.11809815950920245 0.18778280542986425 0.1687116564417178
35 0.48868778280542985 0.8788343558282209 0.16289592760180996 0.147239263803681
27 0.251131221719457 0.12193251533742332 0.09954751131221719 0.06595092024539877
33 0.19683257918552036 0.375 0.03167420814479638 0.023006134969325152
28 0.9355203619909502 0.10506134969325154 0.06108597285067873 0.05368098159509203
29 0.833710407239819 0.4217791411042945 0.083710407239819 0.08895705521472393
