35 0.19683257918552036 0.7714723926380368 0.167420814479638 0.13190184049079753
35 0.7963800904977375 0.7714723926380368 0.167420814479638 0.13190184049079753
35 0.18665158371040724 0.21088957055214724 0.1244343891402715 0.11503067484662577
35 0.7861990950226244 0.21088957055214724 0.1244343891402715 0.11503067484662577
35 0.501131221719457 0.11809815950920245 0.18778280542986425 0.1687116564417178
35 0.48868778280542985 0.8788343558282209 0.16289592760180996 0.147239263803681
7 0.7217194570135747 0.6694785276073619 0.06334841628959276 0.05368098159509203
25 0.9128959276018099 0.1526073619631902 0.0746606334841629 0.029141104294478526
26 0.7251131221719457 0.674079754601227 0.1425339366515837 0.07208588957055215
25 0.09276018099547512 0.4233128834355828 0.03167420814479638 0.03067484662576687
34 0.6323529411764706 0.04141104294478527 0.06561085972850679 0.024539877300613498
