35 0.19683257918552036 0.7714723926380368 0.167420814479638 0.13190184049079753
35 0.7963800904977375 0.7714723926380368 0.167420814479638 0.13190184049079753
35 0.18665158371040724 0.21088957055214724 0.1244343891402715 0.11503067484662577
35 0.7861990950226244 0.21088957055214724 0.1244343891402715 0.11503067484662577
35 0.501131221719457 0.11809815950920245 0.18778280542986425 0.1687116564417178
35 0.48868778280542985 0.8788343558282209 0.16289592760180996 0.147239263803681
7 0.5407239819004525 0.3458588957055215 0.06334841628959276 0.05368098159509203
10 0.5429864253393665 0.5483128834355828 0.12669683257918551 0.14570552147239263
12 0.04524886877828054 0.7162576687116564 0.06787330316742081 0.049079754601226995
8 0.8981900452488688 0.5099693251533742 0.167420814479638 0.11809815950920245
31 0.44004524886877827 0.4915644171779141 0.06561085972850679 0.02607361963190184
