35 0.19683257918552036 0.7714723926380368 0.167420814479638 0.13190184049079753
35 0.7963800904977375 0.7714723926380368 0.167420814479638 0.13190184049079753
35 0.18665158371040724 0.21088957055214724 0.1244343891402715 0.11503067484662577
35 0.7861990950226244 0.21088957055214724 0.1244343891402715 0.11503067484662577
35 0.501131221719457 0.11809815950920245 0.18778280542986425 0.1687116564417178
35 0.48868778280542985 0.8788343558282209 0.16289592760180996 0.147239263803681
14 0.1085972850678733 0.5007668711656442 0.049773755656108594 0.04447852760736196
22 0.7386877828054299 0.6372699386503068 0.1334841628959276 0.10276073619631902
3 0.6131221719457014 0.3619631901840491 0.049773755656108594 0.05521472392638037
20 0.5859728506787331 0.7285276073619632 0.13122171945701358 0.13190184049079753
15 0.05203619909502263 0.26380368098159507 0.08597285067873303 0.049079754601226995
5 0.4457013574660634 0.5950920245398773 0.06787330316742081 0.049079754601226995
19 0.29411764705882354 0.5920245398773006 0.058823529411764705 0.05521472392638037
6 0.5497737556561086 0.6855828220858896 0.16289592760180996 0.10122699386503067
27 0.19909502262443438 0.3535276073619632 0.10407239819004525 0.07208588957055215
31 0.4242081447963801 0.09432515337423313 0.06561085972850679 0.02607361963190184
30 0.915158371040724 0.5444785276073619 0.1244343891402715 0.024539877300613498
25 0.7861990950226244 0.11579754601226994 0.0746606334841629 0.029141104294478526
