35 0.19683257918552036 0.7714723926380368 0.167420814479638 0.13190184049079753
35 0.7963800904977375 0.7714723926380368 0.167420814479638 0.13190184049079753
35 0.18665158371040724 0.21088957055214724 0.1244343891402715 0.11503067484662577
35 0.7861990950226244 0.21088957055214724 0.1244343891402715 0.11503067484662577
35 0.501131221719457 0.11809815950920245 0.18778280542986425 0.1687116564417178
35 0.48868778280542985 0.8788343558282209 0.16289592760180996 0.147239263803681
9 0.4852941176470588 0.38496932515337423 0.10180995475113122 0.11042944785276074
6 0.11538461538461539 0.49233128834355827 0.16289592760180996 0.10122699386503067
15 0.6798642533936652 0.7162576687116564 0.07918552036199095 0.05214723926380368
23 0.13122171945701358 0.5383435582822086 0.12217194570135746 0.0950920245398773
30 0.22058823529411764 0.9723926380368099 0.1244343891402715 0.024539877300613498
31 0.6006787330316742 0.10352760736196319 0.06561085972850679 0.02607361963190184
