35 0.19683257918552036 0.7714723926380368 0.167420814479638 0.13190184049079753
35 0.7963800904977375 0.7714723926380368 0.167420814479638 0.13190184049079753
35 0.18665158371040724 0.21088957055214724 0.1244343891402715 0.11503067484662577
35 0.7861990950226244 0.21088957055214724 0.1244343891402715 0.11503067484662577
35 0.501131221719457 0.11809815950920245 0.18778280542986425 0.1687116564417178
35 0.48868778280542985 0.8788343558282209 0.16289592760180996 0.147239263803681
16 0.6142533936651584 0.37346625766871167 0.09728506787330317 0.06901840490797546
17 0.5859728506787331 0.3427914110429448 0.10407239819004525 0.08742331288343558
7 0.6436651583710408 0.6909509202453987 0.05203619909502263 0.04141104294478527
24 0.13800904977375567 0.6265337423312883 0.09502262443438914 0.0598159509202454
4 0.26131221719457015 0.059049079754601226 0.11990950226244344 0.09355828220858896
12 0.748868778280543 0.5122699386503068 0.06787330316742081 0.049079754601226995
14 0.6493212669683258 0.4263803680981595 0.04072398190045249 0.03067484662576687
11 0.7895927601809954 0.5881901840490797 0.13574660633484162 0.07515337423312883
15 0.6074660633484162 0.6035276073619632 0.07013574660633484 0.04754601226993865
28 0.5328054298642534 0.03987730061349693 0.07013574660633484 0.05521472392638037
33 0.834841628959276 0.5498466257668712 0.03167420814479638 0.023006134969325152
