35 0.19683257918552036 0.7714723926380368 0.167420814479638 0.13190184049079753
35 0.7963800904977375 0.7714723926380368 0.167420814479638 0.13190184049079753
35 0.18665158371040724 0.21088957055214724 0.1244343891402715 0.11503067484662577
35 0.7861990950226244 0.21088957055214724 0.1244343891402715 0.11503067484662577
35 0.501131221719457 0.11809815950920245 0.18778280542986425 0.1687116564417178
35 0.48868778280542985 0.8788343558282209 0.16289592760180996 0.147239263803681
15 0.497737556561086 0.6648773006134969 0.06787330316742081 0.05061349693251534
12 0.8563348416289592 0.5904907975460123 0.083710407239819 0.06748466257668712
4 0.1504524886877828 0.09125766871165644 0.11990950226244344 0.09355828220858896
14 0.5192307692307693 0.45015337423312884 0.038461538461538464 0.029141104294478526
9 0.28846153846153844 0.5337423312883436 0.10180995475113122 0.11042944785276074
3 0.06900452488687783 0.5805214723926381 0.05203619909502263 0.0843558282208589
29 0.8540723981900452 0.9654907975460123 0.10180995475113122 0.05368098159509203
