35 0.19683257918552036 0.7714723926380368 0.167420814479638 0.13190184049079753
35 0.7963800904977375 0.7714723926380368 0.167420814479638 0.13190184049079753
35 0.18665158371040724 0.21088957055214724 0.1244343891402715 0.11503067484662577
35 0.7861990950226244 0.21088957055214724 0.1244343891402715 0.11503067484662577
35 0.501131221719457 0.11809815950920245 0.18778280542986425 0.1687116564417178
35 0.48868778280542985 0.8788343558282209 0.16289592760180996 0.147239263803681
23 0.5904977375565611 0.651840490797546 0.12217194570135746 0.0950920245398773
17 0.9072398190045249 0.6219325153374233 0.10407239819004525 0.08742331288343558
22 0.4321266968325792 0.5736196319018405 0.1493212669683258 0.08895705521472393
18 0.4660633484162896 0.7599693251533742 0.07692307692307693 0.05368098159509203
11 0.1595022624434389 0.526840490797546 0.1334841628959276 0.07515337423312883
1 0.581447963800905 0.3397239263803681 0.09049773755656108 0.06595092024539877
19 0.5158371040723982 0.5567484662576687 0.058823529411764705 0.05521472392638037
5 0.920814479638009 0.5720858895705522 0.06787330316742081 0.049079754601226995
27 0.8122171945701357 0.5283742331288344 0.10407239819004525 0.07208588957055215
25 0.7579185520361991 0.6418711656441718 0.08597285067873303 0.04447852760736196
33 0.9570135746606335 0.27837423312883436 0.03167420814479638 0.023006134969325152
