35 0.19683257918552036 0.7714723926380368 0.167420814479638 0.13190184049079753
35 0.7963800904977375 0.7714723926380368 0.167420814479638 0.13190184049079753
35 0.18665158371040724 0.21088957055214724 0.1244343891402715 0.11503067484662577
35 0.7861990950226244 0.21088957055214724 0.1244343891402715 0.11503067484662577
35 0.501131221719457 0.11809815950920245 0.18778280542986425 0.1687116564417178
35 0.48868778280542985 0.8788343558282209 0.16289592760180996 0.147239263803681
8 0.13914027149321267 0.5705521472392638 0.16968325791855204 0.1196319018404908
14 0.24660633484162897 0.5552147239263804 0.04072398190045249 0.03067484662576687
10 0.8144796380090498 0.6234662576687117 0.12669683257918551 0.14570552147239263
7 0.3269230769230769 0.4915644171779141 0.04751131221719457 0.04754601226993865
0 0.7907239819004525 0.6273006134969326 0.07013574660633484 0.049079754601226995
23 0.27149321266968324 0.6273006134969326 0.12217194570135746 0.0950920245398773
4 0.8947963800904978 0.6403374233128835 0.11990950226244344 0.09662576687116564
9 0.5271493212669683 0.3450920245398773 0.11312217194570136 0.0736196319018405
16 0.7635746606334841 0.683282208588957 0.10180995475113122 0.0598159509202454
2 0.09389140271493213 0.4233128834355828 0.0746606334841629 0.08895705521472393
32 0.333710407239819 0.2200920245398773 0.1244343891402715 0.023006134969325152
33 0.5995475113122172 0.8274539877300614 0.03167420814479638 0.023006134969325152
31 0.5644796380090498 0.1111963190184049 0.06561085972850679 0.02607361963190184
34 0.09615384615384616 0.2085889570552147 0.06561085972850679 0.024539877300613498
