35 0.19683257918552036 0.7714723926380368 0.167420814479638 0.13190184049079753
35 0.7963800904977375 0.7714723926380368 0.167420814479638 0.13190184049079753
35 0.18665158371040724 0.21088957055214724 0.1244343891402715 0.11503067484662577
35 0.7861990950226244 0.21088957055214724 0.1244343891402715 0.11503067484662577
35 0.501131221719457 0.11809815950920245 0.18778280542986425 0.1687116564417178
35 0.48868778280542985 0.8788343558282209 0.16289592760180996 0.147239263803681
1 0.06334841628959276 0.4915644171779141 0.09049773755656108 0.06595092024539877
13 0.057692307692307696 0.05138036809815951 0.09728506787330317 0.07208588957055215
8 0.6357466063348416 0.6572085889570553 0.167420814479638 0.11809815950920245
9 0.5667420814479638 0.7246932515337423 0.11085972850678733 0.07515337423312883
3 0.3246606334841629 0.6219325153374233 0.05203619909502263 0.0843558282208589
16 0.48755656108597284 0.26763803680981596 0.10180995475113122 0.0598159509202454
7 0.1493212669683258 0.5682515337423313 0.06334841628959276 0.05368098159509203
18 0.05090497737556561 0.2937116564417178 0.042986425339366516 0.05674846625766871
10 0.9276018099547512 0.4869631901840491 0.12669683257918551 0.14570552147239263
34 0.21832579185520362 0.8466257668711656 0.06561085972850679 0.024539877300613498
