35 0.19683257918552036 0.7714723926380368 0.167420814479638 0.13190184049079753
35 0.7963800904977375 0.7714723926380368 0.167420814479638 0.13190184049079753
35 0.18665158371040724 0.21088957055214724 0.1244343891402715 0.11503067484662577
35 0.7861990950226244 0.21088957055214724 0.1244343891402715 0.11503067484662577
35 0.501131221719457 0.11809815950920245 0.18778280542986425 0.1687116564417178
35 0.48868778280542985 0.8788343558282209 0.16289592760180996 0.147239263803681
18 0.22171945701357465 0.11349693251533742 0.04072398190045249 0.05828220858895705
8 0.7251131221719457 0.495398773006135 0.16968325791855204 0.1196319018404908
24 0.7171945701357466 0.4677914110429448 0.06334841628959276 0.08588957055214724
10 0.6719457013574661 0.6449386503067485 0.12669683257918551 0.14570552147239263
0 0.8110859728506787 0.6288343558282209 0.07013574660633484 0.049079754601226995
17 0.06787330316742081 0.10812883435582822 0.10407239819004525 0.08742331288343558
23 0.11538461538461539 0.6334355828220859 0.12217194570135746 0.0950920245398773
33 0.23529411764705882 0.3964723926380368 0.03167420814479638 0.023006134969325152
30 0.5871040723981901 0.5414110429447853 0.1244343891402715 0.024539877300613498
27 0.34615384615384615 0.27607361963190186 0.10407239819004525 0.0705521472392638
31 0.38800904977375567 0.8519938650306749 0.06561085972850679 0.02607361963190184
