35 0.19683257918552036 0.7714723926380368 0.167420814479638 0.13190184049079753
35 0.7963800904977375 0.7714723926380368 0.167420814479638 0.13190184049079753
35 0.18665158371040724 0.21088957055214724 0.1244343891402715 0.11503067484662577
35 0.7861990950226244 0.21088957055214724 0.1244343891402715 0.11503067484662577
35 0.501131221719457 0.11809815950920245 0.18778280542986425 0.1687116564417178
35 0.48868778280542985 0.8788343558282209 0.16289592760180996 0.147239263803681
11 0.6289592760180995 0.2737730061349693 0.08144796380090498 0.1058282208588957
12 0.3563348416289593 0.5521472392638037 0.083710407239819 0.06748466257668712
1 0.48868778280542985 0.6802147239263804 0.09049773755656108 0.06595092024539877
2 0.04638009049773756 0.4340490797546012 0.0746606334841629 0.08895705521472393
4 0.6414027149321267 0.4700920245398773 0.11990950226244344 0.09662576687116564
27 0.5701357466063348 0.06671779141104295 0.10407239819004525 0.07208588957055215
29 0.8042986425339367 0.8773006134969326 0.08823529411764706 0.06441717791411043
32 0.48755656108597284 0.473159509202454 0.1244343891402715 0.023006134969325152
