35 0.19683257918552036 0.7714723926380368 0.167420814479638 0.13190184049079753
35 0.7963800904977375 0.7714723926380368 0.167420814479638 0.13190184049079753
35 0.18665158371040724 0.21088957055214724 0.1244343891402715 0.11503067484662577
35 0.7861990950226244 0.21088957055214724 0.1244343891402715 0.11503067484662577
35 0.501131221719457 0.11809815950920245 0.18778280542986425 0.1687116564417178
35 0.48868778280542985 0.8788343558282209 0.16289592760180996 0.147239263803681
9 0.4920814479638009 0.47929447852760737 0.11085972850678733 0.07515337423312883
21 0.3076923076923077 0.6848159509202454 0.04524886877828054 0.03834355828220859
28 0.29411764705882354 0.45475460122699385 0.058823529411764705 0.05061349693251534
25 0.4434389140271493 0.7799079754601227 0.08597285067873303 0.04447852760736196
30 0.9355203619909502 0.5383435582822086 0.1244343891402715 0.024539877300613498
