35 0.19683257918552036 0.7714723926380368 0.167420814479638 0.13190184049079753
35 0.7963800904977375 0.7714723926380368 0.167420814479638 0.13190184049079753
35 0.18665158371040724 0.21088957055214724 0.1244343891402715 0.11503067484662577
35 0.7861990950226244 0.21088957055214724 0.1244343891402715 0.11503067484662577
35 0.501131221719457 0.11809815950920245 0.18778280542986425 0.1687116564417178
35 0.48868778280542985 0.8788343558282209 0.16289592760180996 0.147239263803681
11 0.6153846153846154 0.32131901840490795 0.06787330316742081 0.07822085889570553
16 0.7092760180995475 0.571319018404908 0.09728506787330317 0.06901840490797546
24 0.2149321266968326 0.09049079754601227 0.06334841628959276 0.08588957055214724
6 0.6855203619909502 0.48619631901840493 0.13574660633484162 0.10429447852760736
20 0.07918552036199095 0.5812883435582822 0.13122171945701358 0.13190184049079753
21 0.6357466063348416 0.7032208588957055 0.04524886877828054 0.03834355828220859
3 0.3156108597285068 0.6802147239263804 0.06561085972850679 0.05674846625766871
13 0.21832579185520362 0.09125766871165644 0.09728506787330317 0.07208588957055215
9 0.582579185520362 0.3320552147239264 0.07918552036199095 0.07208588957055215
32 0.7590497737556561 0.2415644171779141 0.1244343891402715 0.023006134969325152
31 0.21832579185520362 0.3504601226993865 0.06561085972850679 0.02607361963190184
