35 0.19683257918552036 0.7714723926380368 0.167420814479638 0.13190184049079753
35 0.7963800904977375 0.7714723926380368 0.167420814479638 0.13190184049079753
35 0.18665158371040724 0.21088957055214724 0.1244343891402715 0.11503067484662577
35 0.7861990950226244 0.21088957055214724 0.1244343891402715 0.11503067484662577
35 0.501131221719457 0.11809815950920245 0.18778280542986425 0.1687116564417178
35 0.48868778280542985 0.8788343558282209 0.16289592760180996 0.147239263803681
19 0.5237556561085973 0.7200920245398773 0.04751131221719457 0.05368098159509203
18 0.5995475113122172 0.7676380368098159 0.04524886877828054 0.05368098159509203
17 0.9479638009049773 0.6756134969325154 0.10407239819004525 0.09049079754601227
5 0.06787330316742081 0.9217791411042945 0.06787330316742081 0.049079754601226995
4 0.8133484162895928 0.536042944785276 0.11990950226244344 0.09662576687116564
12 0.6119909502262444 0.2898773006134969 0.083710407239819 0.06748466257668712
18 0.8574660633484162 0.571319018404908 0.04524886877828054 0.05368098159509203
24 0.6900452488687783 0.49309815950920244 0.09502262443438914 0.0598159509202454
6 0.665158371040724 0.598159509202454 0.167420814479638 0.09815950920245399
23 0.6402714932126696 0.47699386503067487 0.12217194570135746 0.0950920245398773
30 0.47171945701357465 0.4616564417177914 0.1244343891402715 0.024539877300613498
