35 0.19683257918552036 0.7714723926380368 0.167420814479638 0.13190184049079753
35 0.7963800904977375 0.7714723926380368 0.167420814479638 0.13190184049079753
35 0.18665158371040724 0.21088957055214724 0.1244343891402715 0.11503067484662577
35 0.7861990950226244 0.21088957055214724 0.1244343891402715 0.11503067484662577
35 0.501131221719457 0.11809815950920245 0.18778280542986425 0.1687116564417178
35 0.48868778280542985 0.8788343558282209 0.16289592760180996 0.147239263803681
0 0.5067873303167421 0.4072085889570552 0.05429864253393665 0.05368098159509203
9 0.498868778280543 0.6940184049079755 0.11085972850678733 0.07515337423312883
8 0.502262443438914 0.28911042944785276 0.167420814479638 0.11809815950920245
18 0.7907239819004525 0.5122699386503068 0.0746606334841629 0.06134969325153374
21 0.04072398190045249 0.379601226993865 0.04524886877828054 0.03834355828220859
19 0.7081447963800905 0.5414110429447853 0.058823529411764705 0.05521472392638037
31 0.3925339366515837 0.9578220858895705 0.06561085972850679 0.02607361963190184
28 0.3223981900452489 0.10276073619631902 0.07013574660633484 0.05521472392638037
