35 0.19683257918552036 0.7714723926380368 0.167420814479638 0.13190184049079753
35 0.7963800904977375 0.7714723926380368 0.167420814479638 0.13190184049079753
35 0.18665158371040724 0.21088957055214724 0.1244343891402715 0.11503067484662577
35 0.7861990950226244 0.21088957055214724 0.1244343891402715 0.11503067484662577
35 0.501131221719457 0.11809815950920245 0.18778280542986425 0.1687116564417178
35 0.48868778280542985 0.8788343558282209 0.16289592760180996 0.147239263803681
16 0.7183257918552036 0.5130368098159509 0.09728506787330317 0.06901840490797546
15 0.9638009049773756 0.5605828220858896 0.07239819004524888 0.04754601226993865
16 0.7590497737556561 0.5805214723926381 0.09728506787330317 0.06901840490797546
6 0.5904977375565611 0.32515337423312884 0.13574660633484162 0.10429447852760736
24 0.3009049773755656 0.09585889570552147 0.09502262443438914 0.0598159509202454
4 0.7409502262443439 0.4854294478527607 0.11990950226244344 0.09355828220858896
3 0.5938914027149321 0.473159509202454 0.05203619909502263 0.0843558282208589
