35 0.19683257918552036 0.7714723926380368 0.167420814479638 0.13190184049079753
35 0.7963800904977375 0.7714723926380368 0.167420814479638 0.13190184049079753
35 0.18665158371040724 0.21088957055214724 0.1244343891402715 0.11503067484662577
35 0.7861990950226244 0.21088957055214724 0.1244343891402715 0.11503067484662577
35 0.501131221719457 0.11809815950920245 0.18778280542986425 0.1687116564417178
35 0.48868778280542985 0.8788343558282209 0.16289592760180996 0.147239263803681
3 0.4411764705882353 0.37116564417177916 0.049773755656108594 0.05521472392638037
8 0.6346153846153846 0.5766871165644172 0.16968325791855204 0.1196319018404908
6 0.497737556561086 0.40644171779141103 0.13574660633484162 0.10429447852760736
4 0.7624434389140271 0.6480061349693251 0.12217194570135746 0.09969325153374232
0 0.8529411764705882 0.46549079754601225 0.058823529411764705 0.05674846625766871
15 0.0757918552036199 0.9631901840490797 0.07918552036199095 0.05214723926380368
23 0.24660633484162897 0.5444785276073619 0.12217194570135746 0.0950920245398773
13 0.5192307692307693 0.7154907975460123 0.09728506787330317 0.07208588957055215
12 0.4819004524886878 0.6134969325153374 0.06787330316742081 0.049079754601226995
18 0.06221719457013575 0.9156441717791411 0.05203619909502263 0.06134969325153374
25 0.5180995475113123 0.4486196319018405 0.08597285067873303 0.04447852760736196
33 0.2398190045248869 0.2967791411042945 0.03167420814479638 0.023006134969325152
34 0.5463800904977375 0.3159509202453988 0.06561085972850679 0.024539877300613498
