35 0.19683257918552036 0.7714723926380368 0.167420814479638 0.13190184049079753
35 0.7963800904977375 0.7714723926380368 0.167420814479638 0.13190184049079753
35 0.18665158371040724 0.21088957055214724 0.1244343891402715 0.11503067484662577
35 0.7861990950226244 0.21088957055214724 0.1244343891402715 0.11503067484662577
35 0.501131221719457 0.11809815950920245 0.18778280542986425 0.1687116564417178
35 0.48868778280542985 0.8788343558282209 0.16289592760180996 0.147239263803681
16 0.5690045248868778 0.6280674846625767 0.083710407239819 0.05674846625766871
12 0.4411764705882353 0.3312883435582822 0.06787330316742081 0.049079754601226995
5 0.9604072398190046 0.49233128834355827 0.0746606334841629 0.03680981595092025
0 0.9638009049773756 0.6710122699386503 0.05429864253393665 0.05368098159509203
9 0.8608597285067874 0.5345092024539877 0.07918552036199095 0.07208588957055215
24 0.0746606334841629 0.24386503067484663 0.05429864253393665 0.09202453987730061
21 0.06787330316742081 0.5467791411042945 0.04524886877828054 0.03834355828220859
13 0.8359728506787331 0.526840490797546 0.09728506787330317 0.07208588957055215
29 0.918552036199095 0.5835889570552147 0.1085972850678733 0.08128834355828221
25 0.8359728506787331 0.9325153374233128 0.07918552036199095 0.03374233128834356
27 0.248868778280543 0.07131901840490798 0.09954751131221719 0.06595092024539877
