35 0.19683257918552036 0.7714723926380368 0.167420814479638 0.13190184049079753
35 0.7963800904977375 0.7714723926380368 0.167420814479638 0.13190184049079753
35 0.18665158371040724 0.21088957055214724 0.1244343891402715 0.11503067484662577
35 0.7861990950226244 0.21088957055214724 0.1244343891402715 0.11503067484662577
35 0.501131221719457 0.11809815950920245 0.18778280542986425 0.1687116564417178
35 0.48868778280542985 0.8788343558282209 0.16289592760180996 0.147239263803681
21 0.41402714932126694 0.522239263803681 0.04524886877828054 0.03834355828220859
15 0.13914027149321267 0.6541411042944786 0.07013574660633484 0.04754601226993865
8 0.3585972850678733 0.5552147239263804 0.16968325791855204 0.1196319018404908
9 0.9083710407239819 0.4854294478527607 0.11085972850678733 0.07515337423312883
1 0.3665158371040724 0.6464723926380368 0.09049773755656108 0.06595092024539877
6 0.6199095022624435 0.5705521472392638 0.16289592760180996 0.10122699386503067
10 0.06787330316742081 0.2737730061349693 0.12669683257918551 0.14570552147239263
5 0.12104072398190045 0.5782208588957055 0.0746606334841629 0.03680981595092025
30 0.8993212669683258 0.43098159509202455 0.1244343891402715 0.024539877300613498
29 0.8642533936651584 0.566717791411043 0.1085972850678733 0.08128834355828221
