35 0.19683257918552036 0.7714723926380368 0.167420814479638 0.13190184049079753
35 0.7963800904977375 0.7714723926380368 0.167420814479638 0.13190184049079753
35 0.18665158371040724 0.21088957055214724 0.1244343891402715 0.11503067484662577
35 0.7861990950226244 0.21088957055214724 0.1244343891402715 0.11503067484662577
35 0.501131221719457 0.11809815950920245 0.18778280542986425 0.1687116564417178
35 0.48868778280542985 0.8788343558282209 0.16289592760180996 0.147239263803681
18 0.4671945701357466 0.31901840490797545 0.05203619909502263 0.06134969325153374
22 0.25565610859728505 0.5 0.1493212669683258 0.08895705521472393
10 0.20135746606334842 0.7384969325153374 0.12669683257918551 0.14570552147239263
12 0.04524886877828054 0.03680981595092025 0.06787330316742081 0.049079754601226995
21 0.1085972850678733 0.25690184049079756 0.04524886877828054 0.03834355828220859
17 0.27149321266968324 0.10352760736196319 0.10407239819004525 0.09049079754601227
10 0.8574660633484162 0.6480061349693251 0.12669683257918551 0.14570552147239263
13 0.3156108597285068 0.5084355828220859 0.09728506787330317 0.07208588957055215
0 0.04524886877828054 0.3565950920245399 0.05429864253393665 0.05368098159509203
20 0.7918552036199095 0.6533742331288344 0.13122171945701358 0.13190184049079753
26 0.7058823529411765 0.057515337423312884 0.13122171945701358 0.09662576687116564
30 0.580316742081448 0.593558282208589 0.1244343891402715 0.024539877300613498
29 0.5690045248868778 0.5567484662576687 0.08823529411764706 0.06441717791411043
