35 0.19683257918552036 0.7714723926380368 0.167420814479638 0.13190184049079753
35 0.7963800904977375 0.7714723926380368 0.167420814479638 0.13190184049079753
35 0.18665158371040724 0.21088957055214724 0.1244343891402715 0.11503067484662577
35 0.7861990950226244 0.21088957055214724 0.1244343891402715 0.11503067484662577
35 0.501131221719457 0.11809815950920245 0.18778280542986425 0.1687116564417178
35 0.48868778280542985 0.8788343558282209 0.16289592760180996 0.147239263803681
7 0.2420814479638009 0.6464723926380368 0.06334841628959276 0.05368098159509203
16 0.41289592760180993 0.4746932515337423 0.10180995475113122 0.0598159509202454
13 0.2986425339366516 0.1111963190184049 0.09502262443438914 0.06901840490797546
4 0.3665158371040724 0.6556748466257669 0.12217194570135746 0.09969325153374232
12 0.9570135746606335 0.5690184049079755 0.06787330316742081 0.049079754601226995
26 0.33597285067873306 0.7998466257668712 0.1425339366515837 0.07208588957055215
33 0.18552036199095023 0.8305214723926381 0.03167420814479638 0.023006134969325152
31 0.3766968325791855 0.4179447852760736 0.06561085972850679 0.02607361963190184
27 0.47285067873303166 0.379601226993865 0.10407239819004525 0.07208588957055215
