35 0.19683257918552036 0.7714723926380368 0.167420814479638 0.13190184049079753
35 0.7963800904977375 0.7714723926380368 0.167420814479638 0.13190184049079753
35 0.18665158371040724 0.21088957055214724 0.1244343891402715 0.11503067484662577
35 0.7861990950226244 0.21088957055214724 0.1244343891402715 0.11503067484662577
35 0.501131221719457 0.11809815950920245 0.18778280542986425 0.1687116564417178
35 0.48868778280542985 0.8788343558282209 0.16289592760180996 0.147239263803681
16 0.05542986425339366 0.3366564417177914 0.083710407239819 0.05674846625766871
3 0.40384615384615385 0.46932515337423314 0.05203619909502263 0.06441717791411043
2 0.09502262443438914 0.6794478527607362 0.07692307692307693 0.0950920245398773
10 0.6266968325791855 0.2753067484662577 0.12669683257918551 0.14570552147239263
14 0.5282805429864253 0.5069018404907976 0.038461538461538464 0.029141104294478526
24 0.1493212669683258 0.6671779141104295 0.06334841628959276 0.08588957055214724
22 0.21266968325791855 0.5030674846625767 0.1493212669683258 0.08895705521472393
9 0.29411764705882354 0.11196319018404909 0.11312217194570136 0.0736196319018405
4 0.2341628959276018 0.5728527607361963 0.11990950226244344 0.09355828220858896
19 0.19117647058823528 0.6602760736196319 0.04751131221719457 0.05368098159509203
26 0.5701357466063348 0.9010736196319018 0.13122171945701358 0.09662576687116564
32 0.5599547511312217 0.526840490797546 0.1244343891402715 0.023006134969325152
29 0.19343891402714933 0.36503067484662577 0.083710407239819 0.08895705521472393
