35 0.19683257918552036 0.7714723926380368 0.167420814479638 0.13190184049079753
35 0.7963800904977375 0.7714723926380368 0.167420814479638 0.13190184049079753
35 0.18665158371040724 0.21088957055214724 0.1244343891402715 0.11503067484662577
35 0.7861990950226244 0.21088957055214724 0.1244343891402715 0.11503067484662577
35 0.501131221719457 0.11809815950920245 0.18778280542986425 0.1687116564417178
35 0.48868778280542985 0.8788343558282209 0.16289592760180996 0.147239263803681
16 0.5984162895927602 0.6618098159509203 0.10180995475113122 0.0598159509202454
12 0.08484162895927602 0.3726993865030675 0.083710407239819 0.06748466257668712
3 0.04411764705882353 0.3496932515337423 0.05203619909502263 0.06134969325153374
4 0.5961538461538461 0.3197852760736196 0.11990950226244344 0.09355828220858896
27 0.7692307692307693 0.21395705521472394 0.09954751131221719 0.06595092024539877
30 0.5395927601809954 0.20398773006134968 0.1244343891402715 0.024539877300613498
28 0.6119909502262444 0.8964723926380368 0.06108597285067873 0.05368098159509203
