35 0.19683257918552036 0.7714723926380368 0.167420814479638 0.13190184049079753
35 0.7963800904977375 0.7714723926380368 0.167420814479638 0.13190184049079753
35 0.18665158371040724 0.21088957055214724 0.1244343891402715 0.11503067484662577
35 0.7861990950226244 0.21088957055214724 0.1244343891402715 0.11503067484662577
35 0.501131221719457 0.11809815950920245 0.18778280542986425 0.1687116564417178
35 0.48868778280542985 0.8788343558282209 0.16289592760180996 0.147239263803681
13 0.45248868778280543 0.5191717791411042 0.09502262443438914 0.06901840490797546
10 0.30995475113122173 0.6280674846625767 0.12669683257918551 0.14570552147239263
7 0.668552036199095 0.47929447852760737 0.05203619909502263 0.04141104294478527
0 0.5203619909502263 0.2921779141104294 0.049773755656108594 0.04754601226993865
18 0.8506787330316742 0.5099693251533742 0.07692307692307693 0.05368098159509203
30 0.5214932126696833 0.4233128834355828 0.1244343891402715 0.024539877300613498
25 0.6877828054298643 0.8642638036809815 0.08597285067873303 0.04447852760736196
