35 0.19683257918552036 0.7714723926380368 0.167420814479638 0.13190184049079753
35 0.7963800904977375 0.7714723926380368 0.167420814479638 0.13190184049079753
35 0.18665158371040724 0.21088957055214724 0.1244343891402715 0.11503067484662577
35 0.7861990950226244 0.21088957055214724 0.1244343891402715 0.11503067484662577
35 0.501131221719457 0.11809815950920245 0.18778280542986425 0.1687116564417178
35 0.48868778280542985 0.8788343558282209 0.16289592760180996 0.147239263803681
6 0.6764705882352942 0.6273006134969326 0.13574660633484162 0.10429447852760736
4 0.6459276018099548 0.7016871165644172 0.11990950226244344 0.09355828220858896
0 0.03619909502262444 0.6894171779141104 0.05429864253393665 0.05368098159509203
13 0.20475113122171945 0.08205521472392638 0.09728506787330317 0.07208588957055215
9 0.5746606334841629 0.38726993865030673 0.10407239819004525 0.07515337423312883
32 0.8450226244343891 0.032975460122699383 0.1244343891402715 0.023006134969325152
30 0.07805429864253394 0.25920245398773006 0.1244343891402715 0.024539877300613498
