35 0.19683257918552036 0.7714723926380368 0.167420814479638 0.13190184049079753
35 0.7963800904977375 0.7714723926380368 0.167420814479638 0.13190184049079753
35 0.18665158371040724 0.21088957055214724 0.1244343891402715 0.11503067484662577
35 0.7861990950226244 0.21088957055214724 0.1244343891402715 0.11503067484662577
35 0.501131221719457 0.11809815950920245 0.18778280542986425 0.1687116564417178
35 0.48868778280542985 0.8788343558282209 0.16289592760180996 0.147239263803681
6 0.19909502262443438 0.6150306748466258 0.13574660633484162 0.10429447852760736
12 0.7805429864253394 0.6058282208588958 0.06787330316742081 0.049079754601226995
10 0.33031674208144796 0.620398773006135 0.12669683257918551 0.14570552147239263
18 0.09049773755656108 0.5897239263803681 0.07692307692307693 0.05368098159509203
19 0.3190045248868778 0.4601226993865031 0.058823529411764705 0.05521472392638037
3 0.05090497737556561 0.09049079754601227 0.05203619909502263 0.06134969325153374
4 0.2319004524886878 0.6372699386503068 0.11990950226244344 0.09662576687116564
10 0.4411764705882353 0.5835889570552147 0.12669683257918551 0.14570552147239263
