35 0.19683257918552036 0.7714723926380368 0.167420814479638 0.13190184049079753
35 0.7963800904977375 0.7714723926380368 0.167420814479638 0.13190184049079753
35 0.18665158371040724 0.21088957055214724 0.1244343891402715 0.11503067484662577
35 0.7861990950226244 0.21088957055214724 0.1244343891402715 0.11503067484662577
35 0.501131221719457 0.11809815950920245 0.18778280542986425 0.1687116564417178
35 0.48868778280542985 0.8788343558282209 0.16289592760180996 0.147239263803681
8 0.47737556561085975 0.5881901840490797 0.167420814479638 0.11809815950920245
7 0.06447963800904978 0.7308282208588958 0.04751131221719457 0.04754601226993865
15 0.5871040723981901 0.7630368098159509 0.07013574660633484 0.04754601226993865
10 0.4841628959276018 0.6418711656441718 0.12669683257918551 0.14570552147239263
3 0.43778280542986425 0.5529141104294478 0.06561085972850679 0.05674846625766871
26 0.8721719457013575 0.4854294478527607 0.1425339366515837 0.07208588957055215
