35 0.19683257918552036 0.7714723926380368 0.167420814479638 0.13190184049079753
35 0.7963800904977375 0.7714723926380368 0.167420814479638 0.13190184049079753
35 0.18665158371040724 0.21088957055214724 0.1244343891402715 0.11503067484662577
35 0.7861990950226244 0.21088957055214724 0.1244343891402715 0.11503067484662577
35 0.501131221719457 0.11809815950920245 0.18778280542986425 0.1687116564417178
35 0.48868778280542985 0.8788343558282209 0.16289592760180996 0.147239263803681
1 0.27828054298642535 0.6418711656441718 0.09049773755656108 0.06595092024539877
0 0.03959276018099547 0.2285276073619632 0.07013574660633484 0.049079754601226995
18 0.7183257918552036 0.6817484662576687 0.042986425339366516 0.05674846625766871
10 0.5633484162895928 0.5774539877300614 0.12669683257918551 0.14570552147239263
11 0.8574660633484162 0.5421779141104295 0.08144796380090498 0.1058282208588957
14 0.4841628959276018 0.5874233128834356 0.03167420814479638 0.03067484662576687
21 0.5407239819004525 0.4409509202453988 0.04524886877828054 0.03834355828220859
0 0.6945701357466063 0.6940184049079755 0.058823529411764705 0.05674846625766871
28 0.27941176470588236 0.9708588957055214 0.07013574660633484 0.05521472392638037
29 0.747737556561086 0.656441717791411 0.08823529411764706 0.06441717791411043
