35 0.19683257918552036 0.7714723926380368 0.167420814479638 0.13190184049079753
35 0.7963800904977375 0.7714723926380368 0.167420814479638 0.13190184049079753
35 0.18665158371040724 0.21088957055214724 0.1244343891402715 0.11503067484662577
35 0.7861990950226244 0.21088957055214724 0.1244343891402715 0.11503067484662577
35 0.501131221719457 0.11809815950920245 0.18778280542986425 0.1687116564417178
35 0.48868778280542985 0.8788343558282209 0.16289592760180996 0.147239263803681
17 0.23076923076923078 0.6142638036809815 0.10407239819004525 0.09049079754601227
7 0.24773755656108598 0.08665644171779141 0.05203619909502263 0.04141104294478527
21 0.2149321266968326 0.566717791411043 0.04524886877828054 0.03834355828220859
4 0.07239819004524888 0.17714723926380369 0.12217194570135746 0.09969325153374232
28 0.8167420814479638 0.8719325153374233 0.058823529411764705 0.05061349693251534
