35 0.19683257918552036 0.7714723926380368 0.167420814479638 0.13190184049079753
35 0.7963800904977375 0.7714723926380368 0.167420814479638 0.13190184049079753
35 0.18665158371040724 0.21088957055214724 0.1244343891402715 0.11503067484662577
35 0.7861990950226244 0.21088957055214724 0.1244343891402715 0.11503067484662577
35 0.501131221719457 0.11809815950920245 0.18778280542986425 0.1687116564417178
35 0.48868778280542985 0.8788343558282209 0.16289592760180996 0.147239263803681
3 0.44004524886877827 0.39723926380368096 0.05203619909502263 0.06134969325153374
33 0.918552036199095 0.25383435582822084 0.03167420814479638 0.023006134969325152
30 0.5622171945701357 0.299079754601227 0.1244343891402715 0.024539877300613498
25 0.5169683257918553 0.7983128834355828 0.0746606334841629 0.029141104294478526
31 0.31108597285067874 0.5590490797546013 0.06561085972850679 0.02607361963190184
