35 0.19683257918552036 0.7714723926380368 0.167420814479638 0.13190184049079753
35 0.7963800904977375 0.7714723926380368 0.167420814479638 0.13190184049079753
35 0.18665158371040724 0.21088957055214724 0.1244343891402715 0.11503067484662577
35 0.7861990950226244 0.21088957055214724 0.1244343891402715 0.11503067484662577
35 0.501131221719457 0.11809815950920245 0.18778280542986425 0.1687116564417178
35 0.48868778280542985 0.8788343558282209 0.16289592760180996 0.147239263803681
19 0.4411764705882353 0.7131901840490797 0.058823529411764705 0.05521472392638037
5 0.06900452488687783 0.75 0.0746606334841629 0.03680981595092025
15 0.746606334841629 0.5176380368098159 0.08144796380090498 0.0598159509202454
8 0.8472850678733032 0.6180981595092024 0.16968325791855204 0.1196319018404908
21 0.6538461538461539 0.6434049079754601 0.04524886877828054 0.03834355828220859
30 0.8269230769230769 0.6487730061349694 0.1244343891402715 0.024539877300613498
25 0.19570135746606335 0.08665644171779141 0.0746606334841629 0.029141104294478526
33 0.28054298642533937 0.9148773006134969 0.03167420814479638 0.023006134969325152
