35 0.19683257918552036 0.7714723926380368 0.167420814479638 0.13190184049079753
35 0.7963800904977375 0.7714723926380368 0.167420814479638 0.13190184049079753
35 0.18665158371040724 0.21088957055214724 0.1244343891402715 0.11503067484662577
35 0.7861990950226244 0.21088957055214724 0.1244343891402715 0.11503067484662577
35 0.501131221719457 0.11809815950920245 0.18778280542986425 0.1687116564417178
35 0.48868778280542985 0.8788343558282209 0.16289592760180996 0.147239263803681
16 0.4626696832579186 0.5989263803680982 0.10180995475113122 0.0598159509202454
17 0.3733031674208145 0.5375766871165644 0.10407239819004525 0.08742331288343558
7 0.4751131221719457 0.35199386503067487 0.06334841628959276 0.05368098159509203
3 0.8744343891402715 0.6587423312883436 0.05203619909502263 0.0843558282208589
5 0.21040723981900453 0.5276073619631901 0.06787330316742081 0.049079754601226995
9 0.41855203619909503 0.6088957055214724 0.11312217194570136 0.0736196319018405
28 0.5124434389140271 0.18941717791411042 0.06108597285067873 0.05368098159509203
