35 0.19683257918552036 0.7714723926380368 0.167420814479638 0.13190184049079753
35 0.7963800904977375 0.7714723926380368 0.167420814479638 0.13190184049079753
35 0.18665158371040724 0.21088957055214724 0.1244343891402715 0.11503067484662577
35 0.7861990950226244 0.21088957055214724 0.1244343891402715 0.11503067484662577
35 0.501131221719457 0.11809815950920245 0.18778280542986425 0.1687116564417178
35 0.48868778280542985 0.8788343558282209 0.16289592760180996 0.147239263803681
2 0.5407239819004525 0.5061349693251533 0.07692307692307693 0.0950920245398773
19 0.6266968325791855 0.6886503067484663 0.058823529411764705 0.05521472392638037
14 0.023755656108597284 0.1602760736196319 0.038461538461538464 0.029141104294478526
3 0.665158371040724 0.5291411042944786 0.058823529411764705 0.06134969325153374
23 0.38461538461538464 0.6303680981595092 0.12217194570135746 0.0950920245398773
13 0.832579185520362 0.6326687116564417 0.09502262443438914 0.06901840490797546
