35 0.19683257918552036 0.7714723926380368 0.167420814479638 0.13190184049079753
35 0.7963800904977375 0.7714723926380368 0.167420814479638 0.13190184049079753
35 0.18665158371040724 0.21088957055214724 0.1244343891402715 0.11503067484662577
35 0.7861990950226244 0.21088957055214724 0.1244343891402715 0.11503067484662577
35 0.501131221719457 0.11809815950920245 0.18778280542986425 0.1687116564417178
35 0.48868778280542985 0.8788343558282209 0.16289592760180996 0.147239263803681
11 0.6153846153846154 0.30214723926380366 0.09502262443438914 0.07668711656441718
18 0.5656108597285068 0.45245398773006135 0.04072398190045249 0.05828220858895705
8 0.8065610859728507 0.602760736196319 0.16968325791855204 0.1196319018404908
5 0.6493212669683258 0.44785276073619634 0.06787330316742081 0.049079754601226995
7 0.5712669683257918 0.4087423312883436 0.05203619909502263 0.04141104294478527
15 0.38461538461538464 0.5636503067484663 0.06787330316742081 0.05061349693251534
24 0.15610859728506787 0.45858895705521474 0.06334841628959276 0.08588957055214724
30 0.2997737556561086 0.6058282208588958 0.1244343891402715 0.024539877300613498
26 0.12217194570135746 0.4639570552147239 0.13122171945701358 0.09662576687116564
