35 0.19683257918552036 0.7714723926380368 0.167420814479638 0.13190184049079753
35 0.7963800904977375 0.7714723926380368 0.167420814479638 0.13190184049079753
35 0.18665158371040724 0.21088957055214724 0.1244343891402715 0.11503067484662577
35 0.7861990950226244 0.21088957055214724 0.1244343891402715 0.11503067484662577
35 0.501131221719457 0.11809815950920245 0.18778280542986425 0.1687116564417178
35 0.48868778280542985 0.8788343558282209 0.16289592760180996 0.147239263803681
4 0.6074660633484162 0.5544478527607362 0.11990950226244344 0.09662576687116564
1 0.4457013574660634 0.48236196319018404 0.09049773755656108 0.06595092024539877
8 0.4298642533936652 0.5467791411042945 0.167420814479638 0.11809815950920245
14 0.9253393665158371 0.6441717791411042 0.03167420814479638 0.03067484662576687
16 0.5984162895927602 0.43941717791411045 0.083710407239819 0.05674846625766871
