35 0.19683257918552036 0.7714723926380368 0.167420814479638 0.13190184049079753
35 0.7963800904977375 0.7714723926380368 0.167420814479638 0.13190184049079753
35 0.18665158371040724 0.21088957055214724 0.1244343891402715 0.11503067484662577
35 0.7861990950226244 0.21088957055214724 0.1244343891402715 0.11503067484662577
35 0.501131221719457 0.11809815950920245 0.18778280542986425 0.1687116564417178
35 0.48868778280542985 0.8788343558282209 0.16289592760180996 0.147239263803681
2 0.6855203619909502 0.7055214723926381 0.07692307692307693 0.0950920245398773
4 0.2160633484162896 0.45858895705521474 0.11085972850678733 0.08895705521472393
9 0.6199095022624435 0.2852760736196319 0.11312217194570136 0.0736196319018405
16 0.6006787330316742 0.4470858895705521 0.10180995475113122 0.0598159509202454
8 0.3585972850678733 0.48773006134969327 0.16968325791855204 0.1196319018404908
10 0.6877828054298643 0.5084355828220859 0.12669683257918551 0.14570552147239263
6 0.5271493212669683 0.27607361963190186 0.17647058823529413 0.11042944785276074
1 0.7850678733031674 0.5483128834355828 0.09049773755656108 0.06595092024539877
18 0.24773755656108598 0.5391104294478528 0.042986425339366516 0.05674846625766871
13 0.34841628959276016 0.4762269938650307 0.09502262443438914 0.06901840490797546
32 0.6278280542986425 0.6648773006134969 0.1244343891402715 0.023006134969325152
28 0.13009049773755657 0.9087423312883436 0.06108597285067873 0.05368098159509203
34 0.6233031674208145 0.2684049079754601 0.06561085972850679 0.024539877300613498
29 0.7070135746606335 0.7553680981595092 0.10180995475113122 0.05368098159509203
