35 0.19683257918552036 0.7714723926380368 0.167420814479638 0.13190184049079753
35 0.7963800904977375 0.7714723926380368 0.167420814479638 0.13190184049079753
35 0.18665158371040724 0.21088957055214724 0.1244343891402715 0.11503067484662577
35 0.7861990950226244 0.21088957055214724 0.1244343891402715 0.11503067484662577
35 0.501131221719457 0.11809815950920245 0.18778280542986425 0.1687116564417178
35 0.48868778280542985 0.8788343558282209 0.16289592760180996 0.147239263803681
31 0.8065610859728507 0.12346625766871165 0.06561085972850679 0.02607361963190184
29 0.23529411764705882 0.9225460122699386 0.1085972850678733 0.08128834355828221
33 0.9298642533936652 0.7492331288343558 0.03167420814479638 0.023006134969325152
27 0.16968325791855204 0.062116564417177916 0.09954751131221719 0.06595092024539877
