35 0.19683257918552036 0.7714723926380368 0.167420814479638 0.13190184049079753
35 0.7963800904977375 0.7714723926380368 0.167420814479638 0.13190184049079753
35 0.18665158371040724 0.21088957055214724 0.1244343891402715 0.11503067484662577
35 0.7861990950226244 0.21088957055214724 0.1244343891402715 0.11503067484662577
35 0.501131221719457 0.11809815950920245 0.18778280542986425 0.1687116564417178
35 0.48868778280542985 0.8788343558282209 0.16289592760180996 0.147239263803681
5 0.7624434389140271 0.5414110429447853 0.06787330316742081 0.049079754601226995
24 0.09954751131221719 0.6579754601226994 0.05429864253393665 0.09202453987730061
7 0.12104072398190045 0.6326687116564417 0.05203619909502263 0.04141104294478527
12 0.5995475113122172 0.38496932515337423 0.06787330316742081 0.049079754601226995
20 0.6334841628959276 0.4432515337423313 0.13122171945701358 0.13190184049079753
2 0.6968325791855203 0.5460122699386503 0.07692307692307693 0.0950920245398773
17 0.5067873303167421 0.2476993865030675 0.10407239819004525 0.08742331288343558
10 0.26244343891402716 0.5329754601226994 0.12669683257918551 0.14570552147239263
18 0.24773755656108598 0.647239263803681 0.05203619909502263 0.06134969325153374
34 0.3404977375565611 0.7806748466257669 0.06561085972850679 0.024539877300613498
27 0.8484162895927602 0.6894171779141104 0.09954751131221719 0.06595092024539877
30 0.6776018099547512 0.8236196319018405 0.1244343891402715 0.024539877300613498
