35 0.19683257918552036 0.7714723926380368 0.167420814479638 0.13190184049079753
35 0.7963800904977375 0.7714723926380368 0.167420814479638 0.13190184049079753
35 0.18665158371040724 0.21088957055214724 0.1244343891402715 0.11503067484662577
35 0.7861990950226244 0.21088957055214724 0.1244343891402715 0.11503067484662577
35 0.501131221719457 0.11809815950920245 0.18778280542986425 0.1687116564417178
35 0.48868778280542985 0.8788343558282209 0.16289592760180996 0.147239263803681
21 0.4298642533936652 0.419478527607362 0.04524886877828054 0.03834355828220859
24 0.8552036199095022 0.531441717791411 0.09502262443438914 0.0598159509202454
7 0.02828054298642534 0.49616564417177916 0.04751131221719457 0.04754601226993865
10 0.23076923076923078 0.6326687116564417 0.12669683257918551 0.14570552147239263
11 0.5463800904977375 0.2584355828220859 0.1334841628959276 0.07515337423312883
21 0.46153846153846156 0.7430981595092024 0.04524886877828054 0.03834355828220859
2 0.34615384615384615 0.07208588957055215 0.07692307692307693 0.0950920245398773
7 0.4061085972850679 0.6710122699386503 0.04751131221719457 0.04754601226993865
23 0.6131221719457014 0.5291411042944786 0.12217194570135746 0.0950920245398773
5 0.45248868778280543 0.6073619631901841 0.06787330316742081 0.049079754601226995
