35 0.19683257918552036 0.7714723926380368 0.167420814479638 0.13190184049079753
35 0.7963800904977375 0.7714723926380368 0.167420814479638 0.13190184049079753
35 0.18665158371040724 0.21088957055214724 0.1244343891402715 0.11503067484662577
35 0.7861990950226244 0.21088957055214724 0.1244343891402715 0.11503067484662577
35 0.501131221719457 0.11809815950920245 0.18778280542986425 0.1687116564417178
35 0.48868778280542985 0.8788343558282209 0.16289592760180996 0.147239263803681
12 0.21266968325791855 0.6180981595092024 0.06787330316742081 0.049079754601226995
5 0.38800904977375567 0.5368098159509203 0.0746606334841629 0.03680981595092025
18 0.3936651583710407 0.6142638036809815 0.07692307692307693 0.05368098159509203
11 0.5090497737556561 0.4532208588957055 0.13574660633484162 0.07515337423312883
6 0.37104072398190047 0.5720858895705522 0.13574660633484162 0.10429447852760736
