35 0.19683257918552036 0.7714723926380368 0.167420814479638 0.13190184049079753
35 0.7963800904977375 0.7714723926380368 0.167420814479638 0.13190184049079753
35 0.18665158371040724 0.21088957055214724 0.1244343891402715 0.11503067484662577
35 0.7861990950226244 0.21088957055214724 0.1244343891402715 0.11503067484662577
35 0.501131221719457 0.11809815950920245 0.18778280542986425 0.1687116564417178
35 0.48868778280542985 0.8788343558282209 0.16289592760180996 0.147239263803681
12 0.09049773755656108 0.4677914110429448 0.06787330316742081 0.049079754601226995
9 0.08710407239819004 0.9378834355828221 0.07918552036199095 0.07208588957055215
15 0.7432126696832579 0.5705521472392638 0.07918552036199095 0.05214723926380368
11 0.08144796380090498 0.9263803680981595 0.09502262443438914 0.07668711656441718
13 0.4638009049773756 0.39033742331288346 0.09502262443438914 0.06901840490797546
6 0.8597285067873304 0.5644171779141104 0.16289592760180996 0.10122699386503067
22 0.5441176470588235 0.473159509202454 0.1334841628959276 0.10276073619631902
5 0.7703619909502263 0.4662576687116564 0.0746606334841629 0.03680981595092025
16 0.9219457013574661 0.46855828220858897 0.10180995475113122 0.0598159509202454
