35 0.19683257918552036 0.7714723926380368 0.167420814479638 0.13190184049079753
35 0.7963800904977375 0.7714723926380368 0.167420814479638 0.13190184049079753
35 0.18665158371040724 0.21088957055214724 0.1244343891402715 0.11503067484662577
35 0.7861990950226244 0.21088957055214724 0.1244343891402715 0.11503067484662577
35 0.501131221719457 0.11809815950920245 0.18778280542986425 0.1687116564417178
35 0.48868778280542985 0.8788343558282209 0.16289592760180996 0.147239263803681
14 0.7839366515837104 0.629601226993865 0.038461538461538464 0.029141104294478526
11 0.15384615384615385 0.5621165644171779 0.13574660633484162 0.07515337423312883
5 0.3427601809954751 0.4371165644171779 0.0746606334841629 0.03680981595092025
22 0.1244343891402715 0.05214723926380368 0.1493212669683258 0.08895705521472393
30 0.6210407239819005 0.30828220858895705 0.1244343891402715 0.024539877300613498
27 0.5542986425339367 0.5943251533742331 0.09954751131221719 0.06595092024539877
29 0.502262443438914 0.6909509202453987 0.1085972850678733 0.08128834355828221
