35 0.19683257918552036 0.7714723926380368 0.167420814479638 0.13190184049079753
35 0.7963800904977375 0.7714723926380368 0.167420814479638 0.13190184049079753
35 0.18665158371040724 0.21088957055214724 0.1244343891402715 0.11503067484662577
35 0.7861990950226244 0.21088957055214724 0.1244343891402715 0.11503067484662577
35 0.501131221719457 0.11809815950920245 0.18778280542986425 0.1687116564417178
35 0.48868778280542985 0.8788343558282209 0.16289592760180996 0.147239263803681
19 0.10972850678733032 0.48236196319018404 0.04751131221719457 0.05368098159509203
12 0.20248868778280543 0.07822085889570553 0.083710407239819 0.06748466257668712
15 0.24660633484162897 0.6065950920245399 0.08144796380090498 0.0598159509202454
16 0.9468325791855203 0.5697852760736196 0.083710407239819 0.05674846625766871
3 0.09841628959276018 0.8642638036809815 0.05203619909502263 0.05368098159509203
33 0.7669683257918553 0.43941717791411045 0.03167420814479638 0.023006134969325152
