35 0.19683257918552036 0.7714723926380368 0.167420814479638 0.13190184049079753
35 0.7963800904977375 0.7714723926380368 0.167420814479638 0.13190184049079753
35 0.18665158371040724 0.21088957055214724 0.1244343891402715 0.11503067484662577
35 0.7861990950226244 0.21088957055214724 0.1244343891402715 0.11503067484662577
35 0.501131221719457 0.11809815950920245 0.18778280542986425 0.1687116564417178
35 0.48868778280542985 0.8788343558282209 0.16289592760180996 0.147239263803681
23 0.1085972850678733 0.5766871165644172 0.12217194570135746 0.0950920245398773
11 0.20135746606334842 0.5283742331288344 0.08144796380090498 0.1058282208588957
5 0.8834841628959276 0.5797546012269938 0.0746606334841629 0.03680981595092025
28 0.4106334841628959 0.10352760736196319 0.06108597285067873 0.05368098159509203
31 0.35180995475113125 0.1357361963190184 0.06561085972850679 0.02607361963190184
29 0.9140271493212669 0.678680981595092 0.1085972850678733 0.08128834355828221
27 0.8733031674208145 0.4401840490797546 0.10407239819004525 0.0705521472392638
