35 0.19683257918552036 0.7714723926380368 0.167420814479638 0.13190184049079753
35 0.7963800904977375 0.7714723926380368 0.167420814479638 0.13190184049079753
35 0.18665158371040724 0.21088957055214724 0.1244343891402715 0.11503067484662577
35 0.7861990950226244 0.21088957055214724 0.1244343891402715 0.11503067484662577
35 0.501131221719457 0.11809815950920245 0.18778280542986425 0.1687116564417178
35 0.48868778280542985 0.8788343558282209 0.16289592760180996 0.147239263803681
22 0.5124434389140271 0.4294478527607362 0.1425339366515837 0.07975460122699386
14 0.9604072398190046 0.4915644171779141 0.038461538461538464 0.029141104294478526
20 0.5746606334841629 0.6993865030674846 0.13122171945701358 0.13190184049079753
27 0.918552036199095 0.2607361963190184 0.10407239819004525 0.0705521472392638
25 0.06447963800904978 0.3266871165644172 0.07918552036199095 0.03374233128834356
