35 0.19683257918552036 0.7714723926380368 0.167420814479638 0.13190184049079753
35 0.7963800904977375 0.7714723926380368 0.167420814479638 0.13190184049079753
35 0.18665158371040724 0.21088957055214724 0.1244343891402715 0.11503067484662577
35 0.7861990950226244 0.21088957055214724 0.1244343891402715 0.11503067484662577
35 0.501131221719457 0.11809815950920245 0.18778280542986425 0.1687116564417178
35 0.48868778280542985 0.8788343558282209 0.16289592760180996 0.147239263803681
3 0.6628959276018099 0.691717791411043 0.049773755656108594 0.05521472392638037
14 0.16063348416289594 0.49003067484662577 0.049773755656108594 0.04447852760736196
19 0.4592760180995475 0.4815950920245399 0.058823529411764705 0.05521472392638037
18 0.5328054298642534 0.34432515337423314 0.042986425339366516 0.05674846625766871
19 0.5972850678733032 0.2776073619631902 0.058823529411764705 0.05521472392638037
18 0.4683257918552036 0.4915644171779141 0.07692307692307693 0.05368098159509203
13 0.2680995475113122 0.5529141104294478 0.09728506787330317 0.07208588957055215
0 0.03506787330316742 0.4003067484662577 0.05656108597285068 0.05828220858895705
17 0.7782805429864253 0.08205521472392638 0.10407239819004525 0.08742331288343558
16 0.06447963800904978 0.7016871165644172 0.083710407239819 0.05674846625766871
32 0.5984162895927602 0.6234662576687117 0.1244343891402715 0.023006134969325152
29 0.7160633484162896 0.7684049079754601 0.08823529411764706 0.06441717791411043
