35 0.19683257918552036 0.7714723926380368 0.167420814479638 0.13190184049079753
35 0.7963800904977375 0.7714723926380368 0.167420814479638 0.13190184049079753
35 0.18665158371040724 0.21088957055214724 0.1244343891402715 0.11503067484662577
35 0.7861990950226244 0.21088957055214724 0.1244343891402715 0.11503067484662577
35 0.501131221719457 0.11809815950920245 0.18778280542986425 0.1687116564417178
35 0.48868778280542985 0.8788343558282209 0.16289592760180996 0.147239263803681
21 0.09728506787330317 0.6004601226993865 0.04524886877828054 0.03834355828220859
7 0.3382352941176471 0.536042944785276 0.05203619909502263 0.04141104294478527
22 0.47171945701357465 0.6449386503067485 0.1334841628959276 0.10276073619631902
14 0.3065610859728507 0.5943251533742331 0.038461538461538464 0.029141104294478526
2 0.2873303167420814 0.553680981595092 0.07692307692307693 0.0950920245398773
