35 0.19683257918552036 0.7714723926380368 0.167420814479638 0.13190184049079753
35 0.7963800904977375 0.7714723926380368 0.167420814479638 0.13190184049079753
35 0.18665158371040724 0.21088957055214724 0.1244343891402715 0.11503067484662577
35 0.7861990950226244 0.21088957055214724 0.1244343891402715 0.11503067484662577
35 0.501131221719457 0.11809815950920245 0.18778280542986425 0.1687116564417178
35 0.48868778280542985 0.8788343558282209 0.16289592760180996 0.147239263803681
15 0.1165158371040724 0.0897239263803681 0.07013574660633484 0.04754601226993865
30 0.6911764705882353 0.03987730061349693 0.1244343891402715 0.024539877300613498
34 0.22058823529411764 0.8987730061349694 0.06561085972850679 0.024539877300613498
26 0.7205882352941176 0.3243865030674847 0.1425339366515837 0.07208588957055215
