35 0.19683257918552036 0.7714723926380368 0.167420814479638 0.13190184049079753
35 0.7963800904977375 0.7714723926380368 0.167420814479638 0.13190184049079753
35 0.18665158371040724 0.21088957055214724 0.1244343891402715 0.11503067484662577
35 0.7861990950226244 0.21088957055214724 0.1244343891402715 0.11503067484662577
35 0.501131221719457 0.11809815950920245 0.18778280542986425 0.1687116564417178
35 0.48868778280542985 0.8788343558282209 0.16289592760180996 0.147239263803681
0 0.04072398190045249 0.36733128834355827 0.058823529411764705 0.05674846625766871
9 0.47850678733031676 0.42868098159509205 0.11085972850678733 0.07515337423312883
8 0.2680995475113122 0.5260736196319018 0.16968325791855204 0.1196319018404908
17 0.7895927601809954 0.5774539877300614 0.10407239819004525 0.09049079754601227
1 0.7081447963800905 0.5575153374233128 0.07692307692307693 0.0598159509202454
24 0.5678733031674208 0.5444785276073619 0.05429864253393665 0.09202453987730061
18 0.35180995475113125 0.08512269938650306 0.042986425339366516 0.05674846625766871
3 0.07126696832579185 0.39723926380368096 0.05203619909502263 0.06134969325153374
31 0.8902714932126696 0.9762269938650306 0.06561085972850679 0.02607361963190184
28 0.3156108597285068 0.2116564417177914 0.07013574660633484 0.05521472392638037
26 0.5678733031674208 0.35199386503067487 0.13122171945701358 0.09662576687116564
33 0.15384615384615385 0.4210122699386503 0.03167420814479638 0.023006134969325152
