35 0.19683257918552036 0.7714723926380368 0.167420814479638 0.13190184049079753
35 0.7963800904977375 0.7714723926380368 0.167420814479638 0.13190184049079753
35 0.18665158371040724 0.21088957055214724 0.1244343891402715 0.11503067484662577
35 0.7861990950226244 0.21088957055214724 0.1244343891402715 0.11503067484662577
35 0.501131221719457 0.11809815950920245 0.18778280542986425 0.1687116564417178
35 0.48868778280542985 0.8788343558282209 0.16289592760180996 0.147239263803681
17 0.6221719457013575 0.38266871165644173 0.10407239819004525 0.09049079754601227
8 0.6606334841628959 0.6388036809815951 0.167420814479638 0.11809815950920245
20 0.2239819004524887 0.4892638036809816 0.13122171945701358 0.13190184049079753
24 0.1244343891402715 0.6104294478527608 0.06334841628959276 0.08588957055214724
4 0.4513574660633484 0.48849693251533743 0.11990950226244344 0.09662576687116564
7 0.06900452488687783 0.07438650306748466 0.05203619909502263 0.04141104294478527
14 0.8642533936651584 0.6012269938650306 0.03167420814479638 0.03067484662576687
2 0.7036199095022625 0.5812883435582822 0.07692307692307693 0.0950920245398773
11 0.25904977375565613 0.6587423312883436 0.1334841628959276 0.07515337423312883
29 0.6764705882352942 0.9547546012269938 0.1085972850678733 0.08128834355828221
27 0.248868778280543 0.3995398773006135 0.09954751131221719 0.06595092024539877
