35 0.19683257918552036 0.7714723926380368 0.167420814479638 0.13190184049079753
35 0.7963800904977375 0.7714723926380368 0.167420814479638 0.13190184049079753
35 0.18665158371040724 0.21088957055214724 0.1244343891402715 0.11503067484662577
35 0.7861990950226244 0.21088957055214724 0.1244343891402715 0.11503067484662577
35 0.501131221719457 0.11809815950920245 0.18778280542986425 0.1687116564417178
35 0.48868778280542985 0.8788343558282209 0.16289592760180996 0.147239263803681
11 0.8823529411764706 0.5529141104294478 0.08144796380090498 0.1058282208588957
14 0.11538461538461539 0.09969325153374232 0.03167420814479638 0.03067484662576687
15 0.48981900452488686 0.23236196319018404 0.07013574660633484 0.04754601226993865
5 0.1165158371040724 0.0352760736196319 0.0746606334841629 0.03680981595092025
12 0.05656108597285068 0.3834355828220859 0.06787330316742081 0.049079754601226995
19 0.3076923076923077 0.5107361963190185 0.058823529411764705 0.05521472392638037
7 0.4253393665158371 0.575920245398773 0.06334841628959276 0.05368098159509203
34 0.5101809954751131 0.941717791411043 0.06561085972850679 0.024539877300613498
26 0.832579185520362 0.4578220858895706 0.13122171945701358 0.09662576687116564
32 0.2409502262443439 0.09585889570552147 0.1244343891402715 0.023006134969325152
