35 0.19683257918552036 0.7714723926380368 0.167420814479638 0.13190184049079753
35 0.7963800904977375 0.7714723926380368 0.167420814479638 0.13190184049079753
35 0.18665158371040724 0.21088957055214724 0.1244343891402715 0.11503067484662577
35 0.7861990950226244 0.21088957055214724 0.1244343891402715 0.11503067484662577
35 0.501131221719457 0.11809815950920245 0.18778280542986425 0.1687116564417178
35 0.48868778280542985 0.8788343558282209 0.16289592760180996 0.147239263803681
5 0.1334841628959276 0.5291411042944786 0.06787330316742081 0.049079754601226995
13 0.5090497737556561 0.6188650306748467 0.09502262443438914 0.06901840490797546
12 0.49321266968325794 0.3220858895705521 0.06787330316742081 0.049079754601226995
1 0.2986425339366516 0.5544478527607362 0.09049773755656108 0.06595092024539877
13 0.5475113122171946 0.5253067484662577 0.09502262443438914 0.06901840490797546
14 0.48642533936651583 0.2415644171779141 0.049773755656108594 0.04447852760736196
23 0.8529411764705882 0.5076687116564417 0.12217194570135746 0.0950920245398773
