35 0.19683257918552036 0.7714723926380368 0.167420814479638 0.13190184049079753
35 0.7963800904977375 0.7714723926380368 0.167420814479638 0.13190184049079753
35 0.18665158371040724 0.21088957055214724 0.1244343891402715 0.11503067484662577
35 0.7861990950226244 0.21088957055214724 0.1244343891402715 0.11503067484662577
35 0.501131221719457 0.11809815950920245 0.18778280542986425 0.1687116564417178
35 0.48868778280542985 0.8788343558282209 0.16289592760180996 0.147239263803681
9 0.6018099547511312 0.3941717791411043 0.11312217194570136 0.0736196319018405
22 0.7816742081447964 0.46702453987730064 0.1334841628959276 0.10276073619631902
5 0.3054298642533937 0.5659509202453987 0.06787330316742081 0.049079754601226995
14 0.5746606334841629 0.7538343558282209 0.049773755656108594 0.04447852760736196
21 0.9592760180995475 0.526840490797546 0.04524886877828054 0.03834355828220859
10 0.6447963800904978 0.5421779141104295 0.12669683257918551 0.14570552147239263
15 0.4819004524886878 0.5130368098159509 0.08144796380090498 0.05674846625766871
1 0.07692307692307693 0.9302147239263804 0.09049773755656108 0.06595092024539877
6 0.8665158371040724 0.4754601226993865 0.13574660633484162 0.10429447852760736
19 0.5407239819004525 0.41411042944785276 0.058823529411764705 0.05521472392638037
28 0.7714932126696833 0.6694785276073619 0.058823529411764705 0.05061349693251534
34 0.8133484162895928 0.8803680981595092 0.06561085972850679 0.024539877300613498
