35 0.19683257918552036 0.7714723926380368 0.167420814479638 0.13190184049079753
35 0.7963800904977375 0.7714723926380368 0.167420814479638 0.13190184049079753
35 0.18665158371040724 0.21088957055214724 0.1244343891402715 0.11503067484662577
35 0.7861990950226244 0.21088957055214724 0.1244343891402715 0.11503067484662577
35 0.501131221719457 0.11809815950920245 0.18778280542986425 0.1687116564417178
35 0.48868778280542985 0.8788343558282209 0.16289592760180996 0.147239263803681
19 0.9072398190045249 0.4892638036809816 0.058823529411764705 0.05521472392638037
22 0.6414027149321267 0.25076687116564417 0.1334841628959276 0.10276073619631902
8 0.8076923076923077 0.5805214723926381 0.167420814479638 0.11809815950920245
11 0.5 0.536042944785276 0.13574660633484162 0.07515337423312883
5 0.0757918552036199 0.6825153374233128 0.0746606334841629 0.03680981595092025
1 0.07239819004524888 0.6970858895705522 0.09049773755656108 0.06595092024539877
14 0.5588235294117647 0.6288343558282209 0.03167420814479638 0.03067484662576687
3 0.6176470588235294 0.37883435582822084 0.049773755656108594 0.05521472392638037
6 0.12669683257918551 0.495398773006135 0.17647058823529413 0.11042944785276074
33 0.34615384615384615 0.7584355828220859 0.03167420814479638 0.023006134969325152
