35 0.19683257918552036 0.7714723926380368 0.167420814479638 0.13190184049079753
35 0.7963800904977375 0.7714723926380368 0.167420814479638 0.13190184049079753
35 0.18665158371040724 0.21088957055214724 0.1244343891402715 0.11503067484662577
35 0.7861990950226244 0.21088957055214724 0.1244343891402715 0.11503067484662577
35 0.501131221719457 0.11809815950920245 0.18778280542986425 0.1687116564417178
35 0.48868778280542985 0.8788343558282209 0.16289592760180996 0.147239263803681
20 0.332579185520362 0.6196319018404908 0.13122171945701358 0.13190184049079753
0 0.10972850678733032 0.6411042944785276 0.05656108597285068 0.05828220858895705
17 0.830316742081448 0.5483128834355828 0.10407239819004525 0.08742331288343558
7 0.10294117647058823 0.13726993865030676 0.05203619909502263 0.04141104294478527
4 0.7205882352941176 0.6595092024539877 0.11085972850678733 0.08895705521472393
6 0.3156108597285068 0.5030674846625767 0.11085972850678733 0.11042944785276074
16 0.10067873303167421 0.4838957055214724 0.083710407239819 0.05674846625766871
24 0.5271493212669683 0.5521472392638037 0.05429864253393665 0.09202453987730061
29 0.05542986425339366 0.7039877300613497 0.08823529411764706 0.06441717791411043
