35 0.19683257918552036 0.7714723926380368 0.167420814479638 0.13190184049079753
35 0.7963800904977375 0.7714723926380368 0.167420814479638 0.13190184049079753
35 0.18665158371040724 0.21088957055214724 0.1244343891402715 0.11503067484662577
35 0.7861990950226244 0.21088957055214724 0.1244343891402715 0.11503067484662577
35 0.501131221719457 0.11809815950920245 0.18778280542986425 0.1687116564417178
35 0.48868778280542985 0.8788343558282209 0.16289592760180996 0.147239263803681
16 0.5214932126696833 0.4470858895705521 0.083710407239819 0.05674846625766871
18 0.49321266968325794 0.7369631901840491 0.07692307692307693 0.05368098159509203
10 0.09276018099547512 0.6464723926380368 0.12669683257918551 0.14570552147239263
21 0.4660633484162896 0.5927914110429447 0.04524886877828054 0.03834355828220859
14 0.11085972850678733 0.3964723926380368 0.049773755656108594 0.04447852760736196
0 0.6097285067873304 0.5199386503067485 0.07013574660633484 0.049079754601226995
0 0.43665158371040724 0.22315950920245398 0.049773755656108594 0.04754601226993865
3 0.26357466063348417 0.6855828220858896 0.05203619909502263 0.06441717791411043
25 0.07013574660633484 0.8918711656441718 0.08597285067873303 0.04447852760736196
33 0.1085972850678733 0.2937116564417178 0.03167420814479638 0.023006134969325152
28 0.9502262443438914 0.4470858895705521 0.058823529411764705 0.05061349693251534
