35 0.19683257918552036 0.7714723926380368 0.167420814479638 0.13190184049079753
35 0.7963800904977375 0.7714723926380368 0.167420814479638 0.13190184049079753
35 0.18665158371040724 0.21088957055214724 0.1244343891402715 0.11503067484662577
35 0.7861990950226244 0.21088957055214724 0.1244343891402715 0.11503067484662577
35 0.501131221719457 0.11809815950920245 0.18778280542986425 0.1687116564417178
35 0.48868778280542985 0.8788343558282209 0.16289592760180996 0.147239263803681
1 0.7330316742081447 0.6449386503067485 0.07692307692307693 0.0598159509202454
8 0.5226244343891403 0.4102760736196319 0.167420814479638 0.11809815950920245
22 0.2160633484162896 0.6495398773006135 0.1334841628959276 0.10276073619631902
0 0.1346153846153846 0.1273006134969325 0.06108597285067873 0.05214723926380368
1 0.26018099547511314 0.5069018404907976 0.09049773755656108 0.06595092024539877
30 0.49434389140271495 0.7898773006134969 0.1244343891402715 0.024539877300613498
