35 0.19683257918552036 0.7714723926380368 0.167420814479638 0.13190184049079753
35 0.7963800904977375 0.7714723926380368 0.167420814479638 0.13190184049079753
35 0.18665158371040724 0.21088957055214724 0.1244343891402715 0.11503067484662577
35 0.7861990950226244 0.21088957055214724 0.1244343891402715 0.11503067484662577
35 0.501131221719457 0.11809815950920245 0.18778280542986425 0.1687116564417178
35 0.48868778280542985 0.8788343558282209 0.16289592760180996 0.147239263803681
21 0.45248868778280543 0.727760736196319 0.04524886877828054 0.03834355828220859
20 0.3506787330316742 0.5736196319018405 0.13122171945701358 0.13190184049079753
8 0.28054298642533937 0.062116564417177916 0.167420814479638 0.11809815950920245
15 0.49321266968325794 0.4325153374233129 0.08597285067873303 0.049079754601226995
22 0.6628959276018099 0.6717791411042945 0.1493212669683258 0.08895705521472393
17 0.5656108597285068 0.2875766871165644 0.10407239819004525 0.09049079754601227
25 0.3393665158371041 0.8934049079754601 0.08597285067873303 0.04447852760736196
29 0.8246606334841629 0.6257668711656442 0.083710407239819 0.08895705521472393
27 0.8212669683257918 0.3044478527607362 0.10407239819004525 0.07208588957055215
