35 0.19683257918552036 0.7714723926380368 0.167420814479638 0.13190184049079753
35 0.7963800904977375 0.7714723926380368 0.167420814479638 0.13190184049079753
35 0.18665158371040724 0.21088957055214724 0.1244343891402715 0.11503067484662577
35 0.7861990950226244 0.21088957055214724 0.1244343891402715 0.11503067484662577
35 0.501131221719457 0.11809815950920245 0.18778280542986425 0.1687116564417178
35 0.48868778280542985 0.8788343558282209 0.16289592760180996 0.147239263803681
21 0.15610859728506787 0.46702453987730064 0.04524886877828054 0.03834355828220859
17 0.48868778280542985 0.5544478527607362 0.10407239819004525 0.08742331288343558
19 0.5735294117647058 0.522239263803681 0.04751131221719457 0.05368098159509203
16 0.8472850678733032 0.531441717791411 0.083710407239819 0.05674846625766871
8 0.5350678733031674 0.2898773006134969 0.16968325791855204 0.1196319018404908
12 0.1244343891402715 0.6180981595092024 0.06787330316742081 0.049079754601226995
15 0.05542986425339366 0.06901840490797546 0.07918552036199095 0.05214723926380368
14 0.667420814479638 0.6817484662576687 0.049773755656108594 0.04447852760736196
1 0.0746606334841629 0.5053680981595092 0.09049773755656108 0.06595092024539877
6 0.08031674208144797 0.15337423312883436 0.11085972850678733 0.11042944785276074
31 0.25678733031674206 0.2691717791411043 0.06561085972850679 0.02607361963190184
27 0.1493212669683258 0.5084355828220859 0.09954751131221719 0.06595092024539877
28 0.417420814479638 0.4371165644171779 0.07013574660633484 0.05521472392638037
25 0.6549773755656109 0.6648773006134969 0.0746606334841629 0.029141104294478526
