35 0.19683257918552036 0.7714723926380368 0.167420814479638 0.13190184049079753
35 0.7963800904977375 0.7714723926380368 0.167420814479638 0.13190184049079753
35 0.18665158371040724 0.21088957055214724 0.1244343891402715 0.11503067484662577
35 0.7861990950226244 0.21088957055214724 0.1244343891402715 0.11503067484662577
35 0.501131221719457 0.11809815950920245 0.18778280542986425 0.1687116564417178
35 0.48868778280542985 0.8788343558282209 0.16289592760180996 0.147239263803681
21 0.4343891402714932 0.6970858895705522 0.04524886877828054 0.03834355828220859
18 0.02262443438914027 0.0651840490797546 0.04524886877828054 0.05368098159509203
22 0.416289592760181 0.6549079754601227 0.1493212669683258 0.08895705521472393
26 0.9106334841628959 0.6464723926380368 0.1425339366515837 0.07208588957055215
