35 0.19683257918552036 0.7714723926380368 0.167420814479638 0.13190184049079753
35 0.7963800904977375 0.7714723926380368 0.167420814479638 0.13190184049079753
35 0.18665158371040724 0.21088957055214724 0.1244343891402715 0.11503067484662577
35 0.7861990950226244 0.21088957055214724 0.1244343891402715 0.11503067484662577
35 0.501131221719457 0.11809815950920245 0.18778280542986425 0.1687116564417178
35 0.48868778280542985 0.8788343558282209 0.16289592760180996 0.147239263803681
19 0.6527149321266968 0.6572085889570553 0.04751131221719457 0.05368098159509203
34 0.34502262443438914 0.2392638036809816 0.06561085972850679 0.024539877300613498
27 0.47058823529411764 0.34432515337423314 0.09954751131221719 0.06595092024539877
30 0.25 0.5782208588957055 0.1244343891402715 0.024539877300613498
31 0.11199095022624435 0.6648773006134969 0.06561085972850679 0.02607361963190184
