35 0.19683257918552036 0.7714723926380368 0.167420814479638 0.13190184049079753
35 0.7963800904977375 0.7714723926380368 0.167420814479638 0.13190184049079753
35 0.18665158371040724 0.21088957055214724 0.1244343891402715 0.11503067484662577
35 0.7861990950226244 0.21088957055214724 0.1244343891402715 0.11503067484662577
35 0.501131221719457 0.11809815950920245 0.18778280542986425 0.1687116564417178
35 0.48868778280542985 0.8788343558282209 0.16289592760180996 0.147239263803681
24 0.5542986425339367 0.37193251533742333 0.09502262443438914 0.0598159509202454
21 0.32805429864253394 0.12346625766871165 0.04524886877828054 0.03834355828220859
11 0.04072398190045249 0.47162576687116564 0.08144796380090498 0.1058282208588957
0 0.504524886877828 0.3934049079754601 0.049773755656108594 0.04754601226993865
7 0.12104072398190045 0.06365030674846625 0.05203619909502263 0.04141104294478527
22 0.22963800904977374 0.5467791411042945 0.1334841628959276 0.10276073619631902
9 0.3042986425339366 0.6656441717791411 0.10180995475113122 0.11042944785276074
18 0.057692307692307696 0.09662576687116564 0.05203619909502263 0.06134969325153374
4 0.47171945701357465 0.38266871165644173 0.11990950226244344 0.09662576687116564
5 0.8800904977375565 0.6671779141104295 0.06787330316742081 0.049079754601226995
27 0.4343891402714932 0.9087423312883436 0.09954751131221719 0.06595092024539877
34 0.08031674208144797 0.3067484662576687 0.06561085972850679 0.024539877300613498
30 0.3834841628959276 0.6134969325153374 0.1244343891402715 0.024539877300613498
30 0.501131221719457 0.9401840490797546 0.1244343891402715 0.024539877300613498
