35 0.19683257918552036 0.7714723926380368 0.167420814479638 0.13190184049079753
35 0.7963800904977375 0.7714723926380368 0.167420814479638 0.13190184049079753
35 0.18665158371040724 0.21088957055214724 0.1244343891402715 0.11503067484662577
35 0.7861990950226244 0.21088957055214724 0.1244343891402715 0.11503067484662577
35 0.501131221719457 0.11809815950920245 0.18778280542986425 0.1687116564417178
35 0.48868778280542985 0.8788343558282209 0.16289592760180996 0.147239263803681
9 0.6187782805429864 0.38496932515337423 0.10180995475113122 0.11042944785276074
13 0.2398190045248869 0.04677914110429448 0.09502262443438914 0.06901840490797546
19 0.5656108597285068 0.495398773006135 0.058823529411764705 0.05521472392638037
14 0.2850678733031674 0.558282208588957 0.04072398190045249 0.03067484662576687
24 0.669683257918552 0.36733128834355827 0.09502262443438914 0.0598159509202454
16 0.2748868778280543 0.6710122699386503 0.09728506787330317 0.06901840490797546
33 0.7669683257918553 0.08819018404907976 0.03167420814479638 0.023006134969325152
34 0.20248868778280543 0.2745398773006135 0.06561085972850679 0.024539877300613498
31 0.18891402714932126 0.6541411042944786 0.06561085972850679 0.02607361963190184
