35 0.19683257918552036 0.7714723926380368 0.167420814479638 0.13190184049079753
35 0.7963800904977375 0.7714723926380368 0.167420814479638 0.13190184049079753
35 0.18665158371040724 0.21088957055214724 0.1244343891402715 0.11503067484662577
35 0.7861990950226244 0.21088957055214724 0.1244343891402715 0.11503067484662577
35 0.501131221719457 0.11809815950920245 0.18778280542986425 0.1687116564417178
35 0.48868778280542985 0.8788343558282209 0.16289592760180996 0.147239263803681
9 0.9343891402714932 0.6196319018404908 0.11312217194570136 0.0736196319018405
1 0.8800904977375565 0.6802147239263804 0.09049773755656108 0.06595092024539877
15 0.7138009049773756 0.5276073619631901 0.07918552036199095 0.05214723926380368
10 0.5316742081447964 0.48236196319018404 0.12669683257918551 0.14570552147239263
2 0.5509049773755657 0.7515337423312883 0.0746606334841629 0.08895705521472393
11 0.6606334841628959 0.6050613496932515 0.13574660633484162 0.07515337423312883
16 0.7002262443438914 0.5774539877300614 0.10180995475113122 0.0598159509202454
23 0.47058823529411764 0.6042944785276073 0.12217194570135746 0.0950920245398773
24 0.4796380090497738 0.48006134969325154 0.05429864253393665 0.09202453987730061
17 0.6538461538461539 0.4041411042944785 0.10407239819004525 0.08742331288343558
