35 0.19683257918552036 0.7714723926380368 0.167420814479638 0.13190184049079753
35 0.7963800904977375 0.7714723926380368 0.167420814479638 0.13190184049079753
35 0.18665158371040724 0.21088957055214724 0.1244343891402715 0.11503067484662577
35 0.7861990950226244 0.21088957055214724 0.1244343891402715 0.11503067484662577
35 0.501131221719457 0.11809815950920245 0.18778280542986425 0.1687116564417178
35 0.48868778280542985 0.8788343558282209 0.16289592760180996 0.147239263803681
13 0.8755656108597285 0.4624233128834356 0.09502262443438914 0.06901840490797546
1 0.5384615384615384 0.6326687116564417 0.09049773755656108 0.06595092024539877
11 0.4660633484162896 0.36733128834355827 0.08144796380090498 0.1058282208588957
4 0.3936651583710407 0.5237730061349694 0.12217194570135746 0.09969325153374232
19 0.2737556561085973 0.10736196319018405 0.058823529411764705 0.05521472392638037
32 0.27714932126696834 0.3535276073619632 0.1244343891402715 0.023006134969325152
25 0.08823529411764706 0.5805214723926381 0.08597285067873303 0.04447852760736196
27 0.8552036199095022 0.7937116564417178 0.10407239819004525 0.07208588957055215
