35 0.19683257918552036 0.7714723926380368 0.167420814479638 0.13190184049079753
35 0.7963800904977375 0.7714723926380368 0.167420814479638 0.13190184049079753
35 0.18665158371040724 0.21088957055214724 0.1244343891402715 0.11503067484662577
35 0.7861990950226244 0.21088957055214724 0.1244343891402715 0.11503067484662577
35 0.501131221719457 0.11809815950920245 0.18778280542986425 0.1687116564417178
35 0.48868778280542985 0.8788343558282209 0.16289592760180996 0.147239263803681
6 0.3167420814479638 0.0705521472392638 0.167420814479638 0.09815950920245399
16 0.13914027149321267 0.575920245398773 0.10180995475113122 0.0598159509202454
10 0.6244343891402715 0.5023006134969326 0.12669683257918551 0.14570552147239263
8 0.8404977375565611 0.5950920245398773 0.16968325791855204 0.1196319018404908
23 0.6199095022624435 0.31441717791411045 0.12217194570135746 0.0950920245398773
18 0.21153846153846154 0.6042944785276073 0.0746606334841629 0.06134969325153374
31 0.07805429864253394 0.6357361963190185 0.06561085972850679 0.02607361963190184
