35 0.19683257918552036 0.7714723926380368 0.167420814479638 0.13190184049079753
35 0.7963800904977375 0.7714723926380368 0.167420814479638 0.13190184049079753
35 0.18665158371040724 0.21088957055214724 0.1244343891402715 0.11503067484662577
35 0.7861990950226244 0.21088957055214724 0.1244343891402715 0.11503067484662577
35 0.501131221719457 0.11809815950920245 0.18778280542986425 0.1687116564417178
35 0.48868778280542985 0.8788343558282209 0.16289592760180996 0.147239263803681
8 0.37104072398190047 0.5958588957055214 0.167420814479638 0.11809815950920245
5 0.5893665158371041 0.35429447852760737 0.0746606334841629 0.03680981595092025
2 0.6719457013574661 0.598159509202454 0.07692307692307693 0.0950920245398773
29 0.24773755656108598 0.8519938650306749 0.10180995475113122 0.05368098159509203
25 0.8065610859728507 0.558282208588957 0.07918552036199095 0.03374233128834356
26 0.5282805429864253 0.08052147239263803 0.1425339366515837 0.07208588957055215
