35 0.19683257918552036 0.7714723926380368 0.167420814479638 0.13190184049079753
35 0.7963800904977375 0.7714723926380368 0.167420814479638 0.13190184049079753
35 0.18665158371040724 0.21088957055214724 0.1244343891402715 0.11503067484662577
35 0.7861990950226244 0.21088957055214724 0.1244343891402715 0.11503067484662577
35 0.501131221719457 0.11809815950920245 0.18778280542986425 0.1687116564417178
35 0.48868778280542985 0.8788343558282209 0.16289592760180996 0.147239263803681
1 0.16515837104072398 0.5697852760736196 0.09049773755656108 0.06595092024539877
1 0.7895927601809954 0.6510736196319018 0.09049773755656108 0.06595092024539877
23 0.4592760180995475 0.6671779141104295 0.12217194570135746 0.0950920245398773
17 0.0746606334841629 0.5038343558282209 0.10407239819004525 0.08742331288343558
24 0.669683257918552 0.3604294478527607 0.06334841628959276 0.08588957055214724
3 0.6481900452488688 0.3136503067484663 0.05203619909502263 0.05368098159509203
6 0.4683257918552036 0.5659509202453987 0.16289592760180996 0.10122699386503067
5 0.7285067873303167 0.46319018404907975 0.06787330316742081 0.049079754601226995
