35 0.19683257918552036 0.7714723926380368 0.167420814479638 0.13190184049079753
35 0.7963800904977375 0.7714723926380368 0.167420814479638 0.13190184049079753
35 0.18665158371040724 0.21088957055214724 0.1244343891402715 0.11503067484662577
35 0.7861990950226244 0.21088957055214724 0.1244343891402715 0.11503067484662577
35 0.501131221719457 0.11809815950920245 0.18778280542986425 0.1687116564417178
35 0.48868778280542985 0.8788343558282209 0.16289592760180996 0.147239263803681
15 0.47737556561085975 0.3911042944785276 0.08597285067873303 0.049079754601226995
6 0.5463800904977375 0.7239263803680982 0.11085972850678733 0.11042944785276074
24 0.7895927601809954 0.5099693251533742 0.09502262443438914 0.0598159509202454
21 0.17873303167420815 0.4808282208588957 0.04524886877828054 0.03834355828220859
10 0.5294117647058824 0.4624233128834356 0.12669683257918551 0.14570552147239263
3 0.048642533936651584 0.5590490797546013 0.05203619909502263 0.0843558282208589
13 0.40497737556561086 0.5406441717791411 0.09502262443438914 0.06901840490797546
28 0.47737556561085975 0.10352760736196319 0.058823529411764705 0.05061349693251534
29 0.4920814479638009 0.5774539877300614 0.10180995475113122 0.05368098159509203
26 0.8721719457013575 0.6955521472392638 0.1425339366515837 0.07208588957055215
34 0.5079185520361991 0.6334355828220859 0.06561085972850679 0.024539877300613498
