35 0.19683257918552036 0.7714723926380368 0.167420814479638 0.13190184049079753
35 0.7963800904977375 0.7714723926380368 0.167420814479638 0.13190184049079753
35 0.18665158371040724 0.21088957055214724 0.1244343891402715 0.11503067484662577
35 0.7861990950226244 0.21088957055214724 0.1244343891402715 0.11503067484662577
35 0.501131221719457 0.11809815950920245 0.18778280542986425 0.1687116564417178
35 0.48868778280542985 0.8788343558282209 0.16289592760180996 0.147239263803681
2 0.6742081447963801 0.50920245398773 0.07692307692307693 0.0950920245398773
28 0.7997737556561086 0.3389570552147239 0.07013574660633484 0.05521472392638037
30 0.7386877828054299 0.7101226993865031 0.1244343891402715 0.024539877300613498
32 0.8902714932126696 0.49003067484662577 0.1244343891402715 0.023006134969325152
