35 0.19683257918552036 0.7714723926380368 0.167420814479638 0.13190184049079753
35 0.7963800904977375 0.7714723926380368 0.167420814479638 0.13190184049079753
35 0.18665158371040724 0.21088957055214724 0.1244343891402715 0.11503067484662577
35 0.7861990950226244 0.21088957055214724 0.1244343891402715 0.11503067484662577
35 0.501131221719457 0.11809815950920245 0.18778280542986425 0.1687116564417178
35 0.48868778280542985 0.8788343558282209 0.16289592760180996 0.147239263803681
7 0.04072398190045249 0.27070552147239263 0.06334841628959276 0.05368098159509203
23 0.9072398190045249 0.6579754601226994 0.12217194570135746 0.0950920245398773
14 0.3156108597285068 0.09049079754601227 0.05656108597285068 0.049079754601226995
17 0.20361990950226244 0.5651840490797546 0.10407239819004525 0.09049079754601227
3 0.5622171945701357 0.7584355828220859 0.05203619909502263 0.05368098159509203
28 0.8891402714932126 0.6081288343558282 0.058823529411764705 0.05061349693251534
27 0.06108597285067873 0.33588957055214724 0.10407239819004525 0.0705521472392638
25 0.25565610859728505 0.7668711656441718 0.03167420814479638 0.03067484662576687
