35 0.19683257918552036 0.7714723926380368 0.167420814479638 0.13190184049079753
35 0.7963800904977375 0.7714723926380368 0.167420814479638 0.13190184049079753
35 0.18665158371040724 0.21088957055214724 0.1244343891402715 0.11503067484662577
35 0.7861990950226244 0.21088957055214724 0.1244343891402715 0.11503067484662577
35 0.501131221719457 0.11809815950920245 0.18778280542986425 0.1687116564417178
35 0.48868778280542985 0.8788343558282209 0.16289592760180996 0.147239263803681
0 0.3393665158371041 0.12039877300613497 0.058823529411764705 0.05674846625766871
2 0.9309954751131222 0.5398773006134969 0.0746606334841629 0.08895705521472393
19 0.29524886877828055 0.026840490797546013 0.04751131221719457 0.05368098159509203
7 0.03506787330316742 0.26763803680981596 0.05203619909502263 0.04141104294478527
22 0.6300904977375565 0.25690184049079756 0.1334841628959276 0.10276073619631902
