35 0.19683257918552036 0.7714723926380368 0.167420814479638 0.13190184049079753
35 0.7963800904977375 0.7714723926380368 0.167420814479638 0.13190184049079753
35 0.18665158371040724 0.21088957055214724 0.1244343891402715 0.11503067484662577
35 0.7861990950226244 0.21088957055214724 0.1244343891402715 0.11503067484662577
35 0.501131221719457 0.11809815950920245 0.18778280542986425 0.1687116564417178
35 0.48868778280542985 0.8788343558282209 0.16289592760180996 0.147239263803681
7 0.6006787330316742 0.629601226993865 0.04751131221719457 0.04754601226993865
14 0.16515837104072398 0.6878834355828221 0.049773755656108594 0.04447852760736196
30 0.5916289592760181 0.39570552147239263 0.1244343891402715 0.024539877300613498
31 0.048642533936651584 0.8949386503067485 0.06561085972850679 0.02607361963190184
27 0.7058823529411765 0.9056748466257669 0.10407239819004525 0.07208588957055215
32 0.7409502262443439 0.8412576687116564 0.1244343891402715 0.023006134969325152
