35 0.19683257918552036 0.7714723926380368 0.167420814479638 0.13190184049079753
35 0.7963800904977375 0.7714723926380368 0.167420814479638 0.13190184049079753
35 0.18665158371040724 0.21088957055214724 0.1244343891402715 0.11503067484662577
35 0.7861990950226244 0.21088957055214724 0.1244343891402715 0.11503067484662577
35 0.501131221719457 0.11809815950920245 0.18778280542986425 0.1687116564417178
35 0.48868778280542985 0.8788343558282209 0.16289592760180996 0.147239263803681
21 0.18552036199095023 0.6679447852760736 0.04524886877828054 0.03834355828220859
3 0.026018099547511313 0.8282208588957055 0.05203619909502263 0.06441717791411043
4 0.4830316742081448 0.6311349693251533 0.11990950226244344 0.09355828220858896
22 0.20701357466063347 0.10736196319018405 0.1425339366515837 0.07975460122699386
19 0.46945701357466063 0.3535276073619632 0.04751131221719457 0.05368098159509203
8 0.3993212669683258 0.6334355828220859 0.16968325791855204 0.1196319018404908
18 0.3393665158371041 0.6226993865030674 0.04072398190045249 0.05828220858895705
2 0.754524886877828 0.5230061349693251 0.0746606334841629 0.08895705521472393
15 0.2895927601809955 0.05138036809815951 0.06787330316742081 0.05061349693251534
20 0.504524886877828 0.2745398773006135 0.13122171945701358 0.13190184049079753
34 0.4626696832579186 0.06288343558282208 0.06561085972850679 0.024539877300613498
30 0.5418552036199095 0.7699386503067485 0.1244343891402715 0.024539877300613498
32 0.16402714932126697 0.028374233128834355 0.1244343891402715 0.023006134969325152
