35 0.19683257918552036 0.7714723926380368 0.167420814479638 0.13190184049079753
35 0.7963800904977375 0.7714723926380368 0.167420814479638 0.13190184049079753
35 0.18665158371040724 0.21088957055214724 0.1244343891402715 0.11503067484662577
35 0.7861990950226244 0.21088957055214724 0.1244343891402715 0.11503067484662577
35 0.501131221719457 0.11809815950920245 0.18778280542986425 0.1687116564417178
35 0.48868778280542985 0.8788343558282209 0.16289592760180996 0.147239263803681
5 0.3223981900452489 0.4386503067484663 0.0746606334841629 0.03680981595092025
29 0.2228506787330317 0.843558282208589 0.08823529411764706 0.06441717791411043
32 0.7160633484162896 0.6771472392638037 0.1244343891402715 0.023006134969325152
27 0.1515837104072398 0.6319018404907976 0.10407239819004525 0.0705521472392638
