35 0.19683257918552036 0.7714723926380368 0.167420814479638 0.13190184049079753
35 0.7963800904977375 0.7714723926380368 0.167420814479638 0.13190184049079753
35 0.18665158371040724 0.21088957055214724 0.1244343891402715 0.11503067484662577
35 0.7861990950226244 0.21088957055214724 0.1244343891402715 0.11503067484662577
35 0.501131221719457 0.11809815950920245 0.18778280542986425 0.1687116564417178
35 0.48868778280542985 0.8788343558282209 0.16289592760180996 0.147239263803681
16 0.05995475113122172 0.3243865030674847 0.09728506787330317 0.06901840490797546
6 0.5248868778280543 0.4003067484662577 0.16289592760180996 0.10122699386503067
13 0.6187782805429864 0.4210122699386503 0.09728506787330317 0.07208588957055215
8 0.32805429864253394 0.6280674846625767 0.167420814479638 0.11809815950920245
23 0.5475113122171946 0.3006134969325153 0.12217194570135746 0.0950920245398773
14 0.25678733031674206 0.4578220858895706 0.038461538461538464 0.029141104294478526
3 0.05429864253393665 0.5030674846625767 0.058823529411764705 0.06134969325153374
25 0.7386877828054299 0.5613496932515337 0.07918552036199095 0.03374233128834356
32 0.6504524886877828 0.21242331288343558 0.1244343891402715 0.023006134969325152
27 0.7081447963800905 0.38880368098159507 0.09954751131221719 0.06595092024539877
