35 0.19683257918552036 0.7714723926380368 0.167420814479638 0.13190184049079753
35 0.7963800904977375 0.7714723926380368 0.167420814479638 0.13190184049079753
35 0.18665158371040724 0.21088957055214724 0.1244343891402715 0.11503067484662577
35 0.7861990950226244 0.21088957055214724 0.1244343891402715 0.11503067484662577
35 0.501131221719457 0.11809815950920245 0.18778280542986425 0.1687116564417178
35 0.48868778280542985 0.8788343558282209 0.16289592760180996 0.147239263803681
9 0.13914027149321267 0.48619631901840493 0.10180995475113122 0.11042944785276074
3 0.7217194570135747 0.602760736196319 0.049773755656108594 0.05521472392638037
19 0.5746606334841629 0.5107361963190185 0.058823529411764705 0.05521472392638037
5 0.4457013574660634 0.39263803680981596 0.06787330316742081 0.049079754601226995
18 0.5712669683257918 0.7653374233128835 0.0746606334841629 0.06134969325153374
2 0.0757918552036199 0.7760736196319018 0.0746606334841629 0.08895705521472393
8 0.8269230769230769 0.5214723926380368 0.16968325791855204 0.1196319018404908
24 0.5904977375565611 0.3236196319018405 0.05429864253393665 0.09202453987730061
12 0.5237556561085973 0.3266871165644172 0.083710407239819 0.06748466257668712
30 0.7771493212669683 0.5429447852760736 0.1244343891402715 0.024539877300613498
31 0.4287330316742081 0.3289877300613497 0.06561085972850679 0.02607361963190184
30 0.6549773755656109 0.5107361963190185 0.1244343891402715 0.024539877300613498
29 0.7884615384615384 0.9164110429447853 0.10180995475113122 0.05368098159509203
