35 0.19683257918552036 0.7714723926380368 0.167420814479638 0.13190184049079753
35 0.7963800904977375 0.7714723926380368 0.167420814479638 0.13190184049079753
35 0.18665158371040724 0.21088957055214724 0.1244343891402715 0.11503067484662577
35 0.7861990950226244 0.21088957055214724 0.1244343891402715 0.11503067484662577
35 0.501131221719457 0.11809815950920245 0.18778280542986425 0.1687116564417178
35 0.48868778280542985 0.8788343558282209 0.16289592760180996 0.147239263803681
22 0.6504524886877828 0.7369631901840491 0.1334841628959276 0.10276073619631902
34 0.9558823529411765 0.46932515337423314 0.06561085972850679 0.024539877300613498
32 0.1074660633484163 0.8964723926380368 0.1244343891402715 0.023006134969325152
26 0.8393665158371041 0.7154907975460123 0.13122171945701358 0.09662576687116564
28 0.8404977375565611 0.32975460122699385 0.07013574660633484 0.05521472392638037
