35 0.19683257918552036 0.7714723926380368 0.167420814479638 0.13190184049079753
35 0.7963800904977375 0.7714723926380368 0.167420814479638 0.13190184049079753
35 0.18665158371040724 0.21088957055214724 0.1244343891402715 0.11503067484662577
35 0.7861990950226244 0.21088957055214724 0.1244343891402715 0.11503067484662577
35 0.501131221719457 0.11809815950920245 0.18778280542986425 0.1687116564417178
35 0.48868778280542985 0.8788343558282209 0.16289592760180996 0.147239263803681
0 0.3201357466063348 0.05828220858895705 0.07013574660633484 0.049079754601226995
11 0.5350678733031674 0.4808282208588957 0.1334841628959276 0.07515337423312883
7 0.6617647058823529 0.6234662576687117 0.05203619909502263 0.04141104294478527
10 0.8552036199095022 0.5697852760736196 0.12669683257918551 0.14570552147239263
