35 0.19683257918552036 0.7714723926380368 0.167420814479638 0.13190184049079753
35 0.7963800904977375 0.7714723926380368 0.167420814479638 0.13190184049079753
35 0.18665158371040724 0.21088957055214724 0.1244343891402715 0.11503067484662577
35 0.7861990950226244 0.21088957055214724 0.1244343891402715 0.11503067484662577
35 0.501131221719457 0.11809815950920245 0.18778280542986425 0.1687116564417178
35 0.48868778280542985 0.8788343558282209 0.16289592760180996 0.147239263803681
18 0.15384615384615385 0.5084355828220859 0.04524886877828054 0.05368098159509203
8 0.8472850678733032 0.49233128834355827 0.16968325791855204 0.1196319018404908
23 0.09276018099547512 0.5812883435582822 0.12217194570135746 0.0950920245398773
10 0.49547511312217196 0.6771472392638037 0.12669683257918551 0.14570552147239263
14 0.25904977375565613 0.46319018404907975 0.05656108597285068 0.049079754601226995
9 0.6730769230769231 0.37346625766871167 0.07918552036199095 0.07208588957055215
3 0.21153846153846154 0.08282208588957055 0.05203619909502263 0.06441717791411043
6 0.6255656108597285 0.4723926380368098 0.11085972850678733 0.11042944785276074
2 0.4457013574660634 0.29141104294478526 0.07692307692307693 0.0950920245398773
27 0.13574660633484162 0.08282208588957055 0.10407239819004525 0.0705521472392638
