35 0.19683257918552036 0.7714723926380368 0.167420814479638 0.13190184049079753
35 0.7963800904977375 0.7714723926380368 0.167420814479638 0.13190184049079753
35 0.18665158371040724 0.21088957055214724 0.1244343891402715 0.11503067484662577
35 0.7861990950226244 0.21088957055214724 0.1244343891402715 0.11503067484662577
35 0.501131221719457 0.11809815950920245 0.18778280542986425 0.1687116564417178
35 0.48868778280542985 0.8788343558282209 0.16289592760180996 0.147239263803681
3 0.5203619909502263 0.5230061349693251 0.058823529411764705 0.06134969325153374
5 0.042986425339366516 0.9033742331288344 0.06787330316742081 0.049079754601226995
21 0.6244343891402715 0.6725460122699386 0.04524886877828054 0.03834355828220859
22 0.14705882352941177 0.06595092024539877 0.1493212669683258 0.08895705521472393
15 0.13800904977375567 0.08819018404907976 0.08144796380090498 0.05674846625766871
17 0.11538461538461539 0.6173312883435583 0.10407239819004525 0.09049079754601227
4 0.28054298642533937 0.4746932515337423 0.12217194570135746 0.09969325153374232
11 0.583710407239819 0.3351226993865031 0.13574660633484162 0.07515337423312883
27 0.7828054298642534 0.1664110429447853 0.10407239819004525 0.07208588957055215
28 0.5079185520361991 0.6441717791411042 0.07013574660633484 0.05521472392638037
30 0.2251131221719457 0.6809815950920245 0.1244343891402715 0.024539877300613498
29 0.2907239819004525 0.3067484662576687 0.08823529411764706 0.06441717791411043
