35 0.19683257918552036 0.7714723926380368 0.167420814479638 0.13190184049079753
35 0.7963800904977375 0.7714723926380368 0.167420814479638 0.13190184049079753
35 0.18665158371040724 0.21088957055214724 0.1244343891402715 0.11503067484662577
35 0.7861990950226244 0.21088957055214724 0.1244343891402715 0.11503067484662577
35 0.501131221719457 0.11809815950920245 0.18778280542986425 0.1687116564417178
35 0.48868778280542985 0.8788343558282209 0.16289592760180996 0.147239263803681
24 0.504524886877828 0.6633435582822086 0.09502262443438914 0.0598159509202454
9 0.4083710407239819 0.5690184049079755 0.10180995475113122 0.11042944785276074
3 0.501131221719457 0.3642638036809816 0.06561085972850679 0.05674846625766871
6 0.332579185520362 0.47392638036809814 0.16289592760180996 0.10122699386503067
22 0.8676470588235294 0.47699386503067487 0.1425339366515837 0.07975460122699386
4 0.2828054298642534 0.5973926380368099 0.12217194570135746 0.09969325153374232
1 0.3009049773755656 0.5927914110429447 0.09049773755656108 0.06595092024539877
5 0.8110859728506787 0.549079754601227 0.0746606334841629 0.03680981595092025
23 0.4683257918552036 0.5613496932515337 0.12217194570135746 0.0950920245398773
13 0.06900452488687783 0.31058282208588955 0.09728506787330317 0.07208588957055215
33 0.36425339366515835 0.620398773006135 0.03167420814479638 0.023006134969325152
32 0.8201357466063348 0.7737730061349694 0.1244343891402715 0.023006134969325152
31 0.1753393665158371 0.18941717791411042 0.06561085972850679 0.02607361963190184
