35 0.19683257918552036 0.7714723926380368 0.167420814479638 0.13190184049079753
35 0.7963800904977375 0.7714723926380368 0.167420814479638 0.13190184049079753
35 0.18665158371040724 0.21088957055214724 0.1244343891402715 0.11503067484662577
35 0.7861990950226244 0.21088957055214724 0.1244343891402715 0.11503067484662577
35 0.501131221719457 0.11809815950920245 0.18778280542986425 0.1687116564417178
35 0.48868778280542985 0.8788343558282209 0.16289592760180996 0.147239263803681
10 0.18778280542986425 0.07438650306748466 0.12669683257918551 0.14570552147239263
2 0.38122171945701355 0.6349693251533742 0.0746606334841629 0.08895705521472393
7 0.7861990950226244 0.61579754601227 0.05203619909502263 0.04141104294478527
18 0.19117647058823528 0.11579754601226994 0.042986425339366516 0.05674846625766871
8 0.4321266968325792 0.6188650306748467 0.167420814479638 0.11809815950920245
3 0.6199095022624435 0.5168711656441718 0.049773755656108594 0.05521472392638037
5 0.3744343891402715 0.6656441717791411 0.0746606334841629 0.03680981595092025
23 0.0746606334841629 0.691717791411043 0.12217194570135746 0.0950920245398773
32 0.21832579185520362 0.5789877300613497 0.1244343891402715 0.023006134969325152
31 0.36312217194570134 0.86579754601227 0.06561085972850679 0.02607361963190184
