35 0.19683257918552036 0.7714723926380368 0.167420814479638 0.13190184049079753
35 0.7963800904977375 0.7714723926380368 0.167420814479638 0.13190184049079753
35 0.18665158371040724 0.21088957055214724 0.1244343891402715 0.11503067484662577
35 0.7861990950226244 0.21088957055214724 0.1244343891402715 0.11503067484662577
35 0.501131221719457 0.11809815950920245 0.18778280542986425 0.1687116564417178
35 0.48868778280542985 0.8788343558282209 0.16289592760180996 0.147239263803681
22 0.4592760180995475 0.9555214723926381 0.1493212669683258 0.08895705521472393
13 0.38574660633484165 0.5130368098159509 0.09728506787330317 0.07208588957055215
6 0.12669683257918551 0.50920245398773 0.17647058823529413 0.11042944785276074
26 0.7771493212669683 0.26763803680981596 0.1425339366515837 0.07208588957055215
25 0.167420814479638 0.1495398773006135 0.08597285067873303 0.04447852760736196
28 0.3212669683257919 0.5253067484662577 0.058823529411764705 0.05061349693251534
27 0.21945701357466063 0.1196319018404908 0.10407239819004525 0.0705521472392638
