35 0.19683257918552036 0.7714723926380368 0.167420814479638 0.13190184049079753
35 0.7963800904977375 0.7714723926380368 0.167420814479638 0.13190184049079753
35 0.18665158371040724 0.21088957055214724 0.1244343891402715 0.11503067484662577
35 0.7861990950226244 0.21088957055214724 0.1244343891402715 0.11503067484662577
35 0.501131221719457 0.11809815950920245 0.18778280542986425 0.1687116564417178
35 0.48868778280542985 0.8788343558282209 0.16289592760180996 0.147239263803681
10 0.15610859728506787 0.5375766871165644 0.12669683257918551 0.14570552147239263
2 0.333710407239819 0.47392638036809814 0.0746606334841629 0.08895705521472393
12 0.6414027149321267 0.6717791411042945 0.083710407239819 0.06748466257668712
17 0.5746606334841629 0.46702453987730064 0.10407239819004525 0.08742331288343558
24 0.7714932126696833 0.5283742331288344 0.09502262443438914 0.0598159509202454
14 0.5520361990950227 0.5352760736196319 0.03167420814479638 0.03067484662576687
1 0.20135746606334842 0.5099693251533742 0.07692307692307693 0.0598159509202454
16 0.12782805429864252 0.45015337423312884 0.10180995475113122 0.0598159509202454
29 0.5101809954751131 0.26533742331288346 0.083710407239819 0.08895705521472393
34 0.23868778280542988 0.598159509202454 0.06561085972850679 0.024539877300613498
33 0.5294117647058824 0.9378834355828221 0.03167420814479638 0.023006134969325152
28 0.09841628959276018 0.8205521472392638 0.07013574660633484 0.05521472392638037
