35 0.19683257918552036 0.7714723926380368 0.167420814479638 0.13190184049079753
35 0.7963800904977375 0.7714723926380368 0.167420814479638 0.13190184049079753
35 0.18665158371040724 0.21088957055214724 0.1244343891402715 0.11503067484662577
35 0.7861990950226244 0.21088957055214724 0.1244343891402715 0.11503067484662577
35 0.501131221719457 0.11809815950920245 0.18778280542986425 0.1687116564417178
35 0.48868778280542985 0.8788343558282209 0.16289592760180996 0.147239263803681
3 0.9298642533936652 0.5015337423312883 0.058823529411764705 0.06134969325153374
22 0.4762443438914027 0.36579754601226994 0.1334841628959276 0.10276073619631902
18 0.04638009049773756 0.7806748466257669 0.05203619909502263 0.06134969325153374
19 0.920814479638009 0.5690184049079755 0.058823529411764705 0.05521472392638037
13 0.8721719457013575 0.47929447852760737 0.09728506787330317 0.07208588957055215
26 0.5350678733031674 0.15567484662576686 0.1425339366515837 0.07208588957055215
