35 0.19683257918552036 0.7714723926380368 0.167420814479638 0.13190184049079753
35 0.7963800904977375 0.7714723926380368 0.167420814479638 0.13190184049079753
35 0.18665158371040724 0.21088957055214724 0.1244343891402715 0.11503067484662577
35 0.7861990950226244 0.21088957055214724 0.1244343891402715 0.11503067484662577
35 0.501131221719457 0.11809815950920245 0.18778280542986425 0.1687116564417178
35 0.48868778280542985 0.8788343558282209 0.16289592760180996 0.147239263803681
8 0.30995475113122173 0.6004601226993865 0.167420814479638 0.11809815950920245
6 0.20361990950226244 0.5429447852760736 0.16289592760180996 0.10122699386503067
17 0.8506787330316742 0.5375766871165644 0.10407239819004525 0.08742331288343558
3 0.05995475113122172 0.5874233128834356 0.05203619909502263 0.06441717791411043
2 0.5509049773755657 0.6641104294478528 0.0746606334841629 0.08895705521472393
9 0.10294117647058823 0.5437116564417178 0.07918552036199095 0.07208588957055215
33 0.47737556561085975 0.6618098159509203 0.03167420814479638 0.023006134969325152
26 0.5079185520361991 0.27223926380368096 0.1425339366515837 0.07208588957055215
30 0.15723981900452488 0.11503067484662577 0.1244343891402715 0.024539877300613498
