35 0.19683257918552036 0.7714723926380368 0.167420814479638 0.13190184049079753
35 0.7963800904977375 0.7714723926380368 0.167420814479638 0.13190184049079753
35 0.18665158371040724 0.21088957055214724 0.1244343891402715 0.11503067484662577
35 0.7861990950226244 0.21088957055214724 0.1244343891402715 0.11503067484662577
35 0.501131221719457 0.11809815950920245 0.18778280542986425 0.1687116564417178
35 0.48868778280542985 0.8788343558282209 0.16289592760180996 0.147239263803681
2 0.7714932126696833 0.6687116564417178 0.07692307692307693 0.0950920245398773
20 0.7307692307692307 0.5199386503067485 0.13122171945701358 0.13190184049079753
22 0.7364253393665159 0.6418711656441718 0.1334841628959276 0.10276073619631902
7 0.3065610859728507 0.6909509202453987 0.04751131221719457 0.04754601226993865
17 0.5113122171945701 0.39493865030674846 0.10407239819004525 0.09049079754601227
8 0.20588235294117646 0.6081288343558282 0.167420814479638 0.11809815950920245
4 0.583710407239819 0.7400306748466258 0.12217194570135746 0.09969325153374232
