35 0.19683257918552036 0.7714723926380368 0.167420814479638 0.13190184049079753
35 0.7963800904977375 0.7714723926380368 0.167420814479638 0.13190184049079753
35 0.18665158371040724 0.21088957055214724 0.1244343891402715 0.11503067484662577
35 0.7861990950226244 0.21088957055214724 0.1244343891402715 0.11503067484662577
35 0.501131221719457 0.11809815950920245 0.18778280542986425 0.1687116564417178
35 0.48868778280542985 0.8788343558282209 0.16289592760180996 0.147239263803681
2 0.5531674208144797 0.27300613496932513 0.0746606334841629 0.08895705521472393
24 0.049773755656108594 0.5452453987730062 0.09502262443438914 0.0598159509202454
12 0.4671945701357466 0.2561349693251534 0.083710407239819 0.06748466257668712
20 0.47737556561085975 0.49846625766871167 0.13122171945701358 0.13190184049079753
10 0.7330316742081447 0.6280674846625767 0.12669683257918551 0.14570552147239263
8 0.6368778280542986 0.6840490797546013 0.16968325791855204 0.1196319018404908
32 0.43778280542986425 0.9256134969325154 0.1244343891402715 0.023006134969325152
30 0.9264705882352942 0.9815950920245399 0.1244343891402715 0.024539877300613498
