35 0.19683257918552036 0.7714723926380368 0.167420814479638 0.13190184049079753
35 0.7963800904977375 0.7714723926380368 0.167420814479638 0.13190184049079753
35 0.18665158371040724 0.21088957055214724 0.1244343891402715 0.11503067484662577
35 0.7861990950226244 0.21088957055214724 0.1244343891402715 0.11503067484662577
35 0.501131221719457 0.11809815950920245 0.18778280542986425 0.1687116564417178
35 0.48868778280542985 0.8788343558282209 0.16289592760180996 0.147239263803681
21 0.09049773755656108 0.88420245398773 0.04524886877828054 0.03834355828220859
5 0.3246606334841629 0.5214723926380368 0.0746606334841629 0.03680981595092025
6 0.6515837104072398 0.6533742331288344 0.13574660633484162 0.10429447852760736
4 0.8404977375565611 0.4838957055214724 0.11990950226244344 0.09355828220858896
28 0.5644796380090498 0.37423312883435583 0.07013574660633484 0.05521472392638037
