35 0.19683257918552036 0.7714723926380368 0.167420814479638 0.13190184049079753
35 0.7963800904977375 0.7714723926380368 0.167420814479638 0.13190184049079753
35 0.18665158371040724 0.21088957055214724 0.1244343891402715 0.11503067484662577
35 0.7861990950226244 0.21088957055214724 0.1244343891402715 0.11503067484662577
35 0.501131221719457 0.11809815950920245 0.18778280542986425 0.1687116564417178
35 0.48868778280542985 0.8788343558282209 0.16289592760180996 0.147239263803681
8 0.3552036199095023 0.6449386503067485 0.167420814479638 0.11809815950920245
20 0.21945701357466063 0.5613496932515337 0.13122171945701358 0.13190184049079753
3 0.05203619909502263 0.6487730061349694 0.058823529411764705 0.06134969325153374
16 0.9106334841628959 0.6234662576687117 0.10180995475113122 0.0598159509202454
1 0.0746606334841629 0.9486196319018405 0.09049773755656108 0.06595092024539877
4 0.15497737556561086 0.10352760736196319 0.11990950226244344 0.09662576687116564
7 0.19796380090497737 0.6909509202453987 0.05203619909502263 0.04141104294478527
13 0.3235294117647059 0.036042944785276074 0.09502262443438914 0.06901840490797546
