35 0.19683257918552036 0.7714723926380368 0.167420814479638 0.13190184049079753
35 0.7963800904977375 0.7714723926380368 0.167420814479638 0.13190184049079753
35 0.18665158371040724 0.21088957055214724 0.1244343891402715 0.11503067484662577
35 0.7861990950226244 0.21088957055214724 0.1244343891402715 0.11503067484662577
35 0.501131221719457 0.11809815950920245 0.18778280542986425 0.1687116564417178
35 0.48868778280542985 0.8788343558282209 0.16289592760180996 0.147239263803681
0 0.1493212669683258 0.05138036809815951 0.05429864253393665 0.05368098159509203
20 0.579185520361991 0.2668711656441718 0.13122171945701358 0.13190184049079753
3 0.6199095022624435 0.254601226993865 0.049773755656108594 0.05521472392638037
27 0.5701357466063348 0.27223926380368096 0.09954751131221719 0.06595092024539877
