35 0.19683257918552036 0.7714723926380368 0.167420814479638 0.13190184049079753
35 0.7963800904977375 0.7714723926380368 0.167420814479638 0.13190184049079753
35 0.18665158371040724 0.21088957055214724 0.1244343891402715 0.11503067484662577
35 0.7861990950226244 0.21088957055214724 0.1244343891402715 0.11503067484662577
35 0.501131221719457 0.11809815950920245 0.18778280542986425 0.1687116564417178
35 0.48868778280542985 0.8788343558282209 0.16289592760180996 0.147239263803681
2 0.3201357466063348 0.5306748466257669 0.0746606334841629 0.08895705521472393
11 0.1334841628959276 0.5375766871165644 0.08144796380090498 0.1058282208588957
16 0.19117647058823528 0.6756134969325154 0.083710407239819 0.05674846625766871
0 0.07805429864253394 0.029141104294478526 0.07013574660633484 0.049079754601226995
1 0.6470588235294118 0.2553680981595092 0.09049773755656108 0.06595092024539877
16 0.6006787330316742 0.7476993865030674 0.083710407239819 0.05674846625766871
17 0.36425339366515835 0.4976993865030675 0.10407239819004525 0.08742331288343558
8 0.5576923076923077 0.5199386503067485 0.16968325791855204 0.1196319018404908
27 0.5927601809954751 0.7216257668711656 0.09954751131221719 0.06595092024539877
31 0.6097285067873304 0.5636503067484663 0.06561085972850679 0.02607361963190184
25 0.29298642533936653 0.47776073619631904 0.0746606334841629 0.029141104294478526
