35 0.19683257918552036 0.7714723926380368 0.167420814479638 0.13190184049079753
35 0.7963800904977375 0.7714723926380368 0.167420814479638 0.13190184049079753
35 0.18665158371040724 0.21088957055214724 0.1244343891402715 0.11503067484662577
35 0.7861990950226244 0.21088957055214724 0.1244343891402715 0.11503067484662577
35 0.501131221719457 0.11809815950920245 0.18778280542986425 0.1687116564417178
35 0.48868778280542985 0.8788343558282209 0.16289592760180996 0.147239263803681
4 0.48981900452488686 0.25690184049079756 0.11990950226244344 0.09662576687116564
17 0.4683257918552036 0.7062883435582822 0.10407239819004525 0.08742331288343558
19 0.9072398190045249 0.6058282208588958 0.058823529411764705 0.05521472392638037
13 0.5282805429864253 0.2799079754601227 0.09728506787330317 0.07208588957055215
21 0.3235294117647059 0.6372699386503068 0.04524886877828054 0.03834355828220859
23 0.06334841628959276 0.8588957055214724 0.12217194570135746 0.0950920245398773
10 0.5180995475113123 0.6817484662576687 0.12669683257918551 0.14570552147239263
7 0.35180995475113125 0.45015337423312884 0.05203619909502263 0.04141104294478527
18 0.8257918552036199 0.5805214723926381 0.07692307692307693 0.05368098159509203
0 0.9242081447963801 0.5628834355828221 0.05656108597285068 0.05828220858895705
27 0.7013574660633484 0.41180981595092025 0.09954751131221719 0.06595092024539877
