35 0.19683257918552036 0.7714723926380368 0.167420814479638 0.13190184049079753
35 0.7963800904977375 0.7714723926380368 0.167420814479638 0.13190184049079753
35 0.18665158371040724 0.21088957055214724 0.1244343891402715 0.11503067484662577
35 0.7861990950226244 0.21088957055214724 0.1244343891402715 0.11503067484662577
35 0.501131221719457 0.11809815950920245 0.18778280542986425 0.1687116564417178
35 0.48868778280542985 0.8788343558282209 0.16289592760180996 0.147239263803681
4 0.07805429864253394 0.07745398773006135 0.11990950226244344 0.09355828220858896
20 0.2330316742081448 0.5720858895705522 0.13122171945701358 0.13190184049079753
10 0.06561085972850679 0.32131901840490795 0.12669683257918551 0.14570552147239263
13 0.10067873303167421 0.06671779141104295 0.09728506787330317 0.07208588957055215
5 0.6742081447963801 0.28067484662576686 0.06787330316742081 0.049079754601226995
23 0.40497737556561086 0.6042944785276073 0.12217194570135746 0.0950920245398773
