35 0.19683257918552036 0.7714723926380368 0.167420814479638 0.13190184049079753
35 0.7963800904977375 0.7714723926380368 0.167420814479638 0.13190184049079753
35 0.18665158371040724 0.21088957055214724 0.1244343891402715 0.11503067484662577
35 0.7861990950226244 0.21088957055214724 0.1244343891402715 0.11503067484662577
35 0.501131221719457 0.11809815950920245 0.18778280542986425 0.1687116564417178
35 0.48868778280542985 0.8788343558282209 0.16289592760180996 0.147239263803681
2 0.5 0.5766871165644172 0.07692307692307693 0.0950920245398773
12 0.6719457013574661 0.30368098159509205 0.06787330316742081 0.049079754601226995
33 0.6877828054298643 0.05598159509202454 0.03167420814479638 0.023006134969325152
34 0.20701357466063347 0.2085889570552147 0.06561085972850679 0.024539877300613498
30 0.8902714932126696 0.2331288343558282 0.1244343891402715 0.024539877300613498
26 0.45361990950226244 0.1955521472392638 0.1425339366515837 0.07208588957055215
