35 0.19683257918552036 0.7714723926380368 0.167420814479638 0.13190184049079753
35 0.7963800904977375 0.7714723926380368 0.167420814479638 0.13190184049079753
35 0.18665158371040724 0.21088957055214724 0.1244343891402715 0.11503067484662577
35 0.7861990950226244 0.21088957055214724 0.1244343891402715 0.11503067484662577
35 0.501131221719457 0.11809815950920245 0.18778280542986425 0.1687116564417178
35 0.48868778280542985 0.8788343558282209 0.16289592760180996 0.147239263803681
19 0.3597285067873303 0.6595092024539877 0.058823529411764705 0.05521472392638037
14 0.1583710407239819 0.5168711656441718 0.03167420814479638 0.03067484662576687
6 0.5950226244343891 0.3067484662576687 0.17647058823529413 0.11042944785276074
7 0.49321266968325794 0.4700920245398773 0.06334841628959276 0.05368098159509203
15 0.2239819004524887 0.5115030674846626 0.08144796380090498 0.05674846625766871
22 0.3269230769230769 0.5398773006134969 0.1425339366515837 0.07975460122699386
2 0.048642533936651584 0.5644171779141104 0.0746606334841629 0.08895705521472393
24 0.5429864253393665 0.5782208588957055 0.06334841628959276 0.08588957055214724
29 0.3834841628959276 0.6303680981595092 0.083710407239819 0.08895705521472393
34 0.20927601809954752 0.05828220858895705 0.06561085972850679 0.024539877300613498
