35 0.19683257918552036 0.7714723926380368 0.167420814479638 0.13190184049079753
35 0.7963800904977375 0.7714723926380368 0.167420814479638 0.13190184049079753
35 0.18665158371040724 0.21088957055214724 0.1244343891402715 0.11503067484662577
35 0.7861990950226244 0.21088957055214724 0.1244343891402715 0.11503067484662577
35 0.501131221719457 0.11809815950920245 0.18778280542986425 0.1687116564417178
35 0.48868778280542985 0.8788343558282209 0.16289592760180996 0.147239263803681
14 0.6040723981900452 0.36503067484662577 0.04072398190045249 0.03067484662576687
2 0.7205882352941176 0.5398773006134969 0.0746606334841629 0.08895705521472393
3 0.6798642533936652 0.6065950920245399 0.05203619909502263 0.05368098159509203
18 0.7115384615384616 0.504601226993865 0.0746606334841629 0.06134969325153374
22 0.4751131221719457 0.5 0.1493212669683258 0.08895705521472393
16 0.15271493212669685 0.5805214723926381 0.10180995475113122 0.0598159509202454
18 0.6380090497737556 0.7078220858895705 0.07692307692307693 0.05368098159509203
29 0.8280542986425339 0.12039877300613497 0.1085972850678733 0.08128834355828221
31 0.3495475113122172 0.9256134969325154 0.06561085972850679 0.02607361963190184
