35 0.19683257918552036 0.7714723926380368 0.167420814479638 0.13190184049079753
35 0.7963800904977375 0.7714723926380368 0.167420814479638 0.13190184049079753
35 0.18665158371040724 0.21088957055214724 0.1244343891402715 0.11503067484662577
35 0.7861990950226244 0.21088957055214724 0.1244343891402715 0.11503067484662577
35 0.501131221719457 0.11809815950920245 0.18778280542986425 0.1687116564417178
35 0.48868778280542985 0.8788343558282209 0.16289592760180996 0.147239263803681
4 0.7070135746606335 0.6019938650306749 0.11990950226244344 0.09355828220858896
12 0.5723981900452488 0.2331288343558282 0.06787330316742081 0.049079754601226995
2 0.5203619909502263 0.3496932515337423 0.07692307692307693 0.0950920245398773
22 0.333710407239819 0.6334355828220859 0.1425339366515837 0.07975460122699386
24 0.6380090497737556 0.6280674846625767 0.09502262443438914 0.0598159509202454
5 0.2579185520361991 0.5306748466257669 0.06787330316742081 0.049079754601226995
7 0.2748868778280543 0.6633435582822086 0.05203619909502263 0.04141104294478527
14 0.8597285067873304 0.4562883435582822 0.05429864253393665 0.0352760736196319
25 0.3042986425339366 0.4409509202453988 0.0746606334841629 0.029141104294478526
