35 0.19683257918552036 0.7714723926380368 0.167420814479638 0.13190184049079753
35 0.7963800904977375 0.7714723926380368 0.167420814479638 0.13190184049079753
35 0.18665158371040724 0.21088957055214724 0.1244343891402715 0.11503067484662577
35 0.7861990950226244 0.21088957055214724 0.1244343891402715 0.11503067484662577
35 0.501131221719457 0.11809815950920245 0.18778280542986425 0.1687116564417178
35 0.48868778280542985 0.8788343558282209 0.16289592760180996 0.147239263803681
19 0.1753393665158371 0.09585889570552147 0.04751131221719457 0.05368098159509203
16 0.7771493212669683 0.6357361963190185 0.10180995475113122 0.0598159509202454
12 0.6142533936651584 0.4677914110429448 0.083710407239819 0.06748466257668712
17 0.5950226244343891 0.6664110429447853 0.10407239819004525 0.09049079754601227
0 0.6357466063348416 0.5253067484662577 0.049773755656108594 0.04754601226993865
20 0.6606334841628959 0.5751533742331288 0.13122171945701358 0.13190184049079753
14 0.3235294117647059 0.0897239263803681 0.05429864253393665 0.0352760736196319
1 0.5746606334841629 0.25996932515337423 0.09049773755656108 0.06595092024539877
4 0.24773755656108598 0.5099693251533742 0.11990950226244344 0.09355828220858896
0 0.049773755656108594 0.9095092024539877 0.07692307692307693 0.046012269938650305
31 0.45588235294117646 0.8305214723926381 0.06561085972850679 0.02607361963190184
32 0.3201357466063348 0.9670245398773006 0.1244343891402715 0.023006134969325152
29 0.7737556561085973 0.41641104294478526 0.1085972850678733 0.08128834355828221
31 0.47171945701357465 0.04524539877300614 0.06561085972850679 0.02607361963190184
