35 0.19683257918552036 0.7714723926380368 0.167420814479638 0.13190184049079753
35 0.7963800904977375 0.7714723926380368 0.167420814479638 0.13190184049079753
35 0.18665158371040724 0.21088957055214724 0.1244343891402715 0.11503067484662577
35 0.7861990950226244 0.21088957055214724 0.1244343891402715 0.11503067484662577
35 0.501131221719457 0.11809815950920245 0.18778280542986425 0.1687116564417178
35 0.48868778280542985 0.8788343558282209 0.16289592760180996 0.147239263803681
6 0.18778280542986425 0.06288343558282208 0.13574660633484162 0.10429447852760736
8 0.5531674208144797 0.4601226993865031 0.16968325791855204 0.1196319018404908
21 0.8710407239819005 0.6065950920245399 0.04524886877828054 0.03834355828220859
18 0.6300904977375565 0.4409509202453988 0.042986425339366516 0.05674846625766871
15 0.333710407239819 0.05674846625766871 0.07918552036199095 0.05214723926380368
0 0.14479638009049775 0.5467791411042945 0.049773755656108594 0.04754601226993865
11 0.583710407239819 0.5145705521472392 0.08144796380090498 0.1058282208588957
33 0.6199095022624435 0.3136503067484663 0.03167420814479638 0.023006134969325152
25 0.11877828054298642 0.08665644171779141 0.0746606334841629 0.029141104294478526
28 0.7262443438914027 0.2983128834355828 0.058823529411764705 0.05061349693251534
32 0.501131221719457 0.10966257668711657 0.1244343891402715 0.023006134969325152
