35 0.19683257918552036 0.7714723926380368 0.167420814479638 0.13190184049079753
35 0.7963800904977375 0.7714723926380368 0.167420814479638 0.13190184049079753
35 0.18665158371040724 0.21088957055214724 0.1244343891402715 0.11503067484662577
35 0.7861990950226244 0.21088957055214724 0.1244343891402715 0.11503067484662577
35 0.501131221719457 0.11809815950920245 0.18778280542986425 0.1687116564417178
35 0.48868778280542985 0.8788343558282209 0.16289592760180996 0.147239263803681
23 0.22171945701357465 0.9340490797546013 0.12217194570135746 0.0950920245398773
8 0.9117647058823529 0.6219325153374233 0.167420814479638 0.11809815950920245
20 0.45248868778280543 0.5260736196319018 0.13122171945701358 0.13190184049079753
15 0.579185520361991 0.5613496932515337 0.08597285067873303 0.049079754601226995
5 0.8167420814479638 0.495398773006135 0.06787330316742081 0.049079754601226995
17 0.19457013574660634 0.5835889570552147 0.10407239819004525 0.09049079754601227
33 0.916289592760181 0.47776073619631904 0.03167420814479638 0.023006134969325152
34 0.7861990950226244 0.6441717791411042 0.06561085972850679 0.024539877300613498
31 0.8789592760180995 0.5912576687116564 0.06561085972850679 0.02607361963190184
28 0.21153846153846154 0.6288343558282209 0.07013574660633484 0.05521472392638037
