35 0.19683257918552036 0.7714723926380368 0.167420814479638 0.13190184049079753
35 0.7963800904977375 0.7714723926380368 0.167420814479638 0.13190184049079753
35 0.18665158371040724 0.21088957055214724 0.1244343891402715 0.11503067484662577
35 0.7861990950226244 0.21088957055214724 0.1244343891402715 0.11503067484662577
35 0.501131221719457 0.11809815950920245 0.18778280542986425 0.1687116564417178
35 0.48868778280542985 0.8788343558282209 0.16289592760180996 0.147239263803681
20 0.10180995475113122 0.6549079754601227 0.13122171945701358 0.13190184049079753
24 0.7420814479638009 0.5437116564417178 0.09502262443438914 0.0598159509202454
22 0.26244343891402716 0.5705521472392638 0.1493212669683258 0.08895705521472393
7 0.5090497737556561 0.7400306748466258 0.06334841628959276 0.05368098159509203
6 0.41289592760180993 0.5429447852760736 0.11085972850678733 0.11042944785276074
18 0.5486425339366516 0.4401840490797546 0.0746606334841629 0.06134969325153374
8 0.5361990950226244 0.3964723926380368 0.167420814479638 0.11809815950920245
0 0.498868778280543 0.7285276073619632 0.06108597285067873 0.05214723926380368
9 0.7273755656108597 0.49923312883435583 0.11085972850678733 0.07515337423312883
32 0.27941176470588236 0.3504601226993865 0.1244343891402715 0.023006134969325152
