35 0.19683257918552036 0.7714723926380368 0.167420814479638 0.13190184049079753
35 0.7963800904977375 0.7714723926380368 0.167420814479638 0.13190184049079753
35 0.18665158371040724 0.21088957055214724 0.1244343891402715 0.11503067484662577
35 0.7861990950226244 0.21088957055214724 0.1244343891402715 0.11503067484662577
35 0.501131221719457 0.11809815950920245 0.18778280542986425 0.1687116564417178
35 0.48868778280542985 0.8788343558282209 0.16289592760180996 0.147239263803681
0 0.13122171945701358 0.571319018404908 0.049773755656108594 0.04754601226993865
19 0.334841628959276 0.45858895705521474 0.058823529411764705 0.05521472392638037
6 0.6153846153846154 0.4233128834355828 0.13574660633484162 0.10429447852760736
10 0.8981900452488688 0.5943251533742331 0.12669683257918551 0.14570552147239263
18 0.7861990950226244 0.5690184049079755 0.05203619909502263 0.06134969325153374
15 0.8212669683257918 0.5682515337423313 0.08144796380090498 0.0598159509202454
24 0.4819004524886878 0.45245398773006135 0.05429864253393665 0.09202453987730061
30 0.5712669683257918 0.7868098159509203 0.1244343891402715 0.024539877300613498
