35 0.19683257918552036 0.7714723926380368 0.167420814479638 0.13190184049079753
35 0.7963800904977375 0.7714723926380368 0.167420814479638 0.13190184049079753
35 0.18665158371040724 0.21088957055214724 0.1244343891402715 0.11503067484662577
35 0.7861990950226244 0.21088957055214724 0.1244343891402715 0.11503067484662577
35 0.501131221719457 0.11809815950920245 0.18778280542986425 0.1687116564417178
35 0.48868778280542985 0.8788343558282209 0.16289592760180996 0.147239263803681
21 0.1583710407239819 0.6111963190184049 0.04524886877828054 0.03834355828220859
14 0.12895927601809956 0.0598159509202454 0.03167420814479638 0.03067484662576687
24 0.07692307692307693 0.08588957055214724 0.05429864253393665 0.09202453987730061
25 0.9536199095022625 0.10506134969325154 0.0746606334841629 0.029141104294478526
31 0.06900452488687783 0.32745398773006135 0.06561085972850679 0.02607361963190184
