35 0.19683257918552036 0.7714723926380368 0.167420814479638 0.13190184049079753
35 0.7963800904977375 0.7714723926380368 0.167420814479638 0.13190184049079753
35 0.18665158371040724 0.21088957055214724 0.1244343891402715 0.11503067484662577
35 0.7861990950226244 0.21088957055214724 0.1244343891402715 0.11503067484662577
35 0.501131221719457 0.11809815950920245 0.18778280542986425 0.1687116564417178
35 0.48868778280542985 0.8788343558282209 0.16289592760180996 0.147239263803681
6 0.32918552036199095 0.09049079754601227 0.11085972850678733 0.11042944785276074
5 0.5475113122171946 0.4647239263803681 0.06787330316742081 0.049079754601226995
21 0.41855203619909503 0.629601226993865 0.04524886877828054 0.03834355828220859
12 0.22850678733031674 0.4386503067484663 0.06787330316742081 0.049079754601226995
17 0.05429864253393665 0.34432515337423314 0.10407239819004525 0.08742331288343558
16 0.498868778280543 0.41641104294478526 0.10180995475113122 0.0598159509202454
32 0.8699095022624435 0.6265337423312883 0.1244343891402715 0.023006134969325152
26 0.13800904977375567 0.33819018404907975 0.13122171945701358 0.09662576687116564
30 0.2816742081447964 0.31441717791411045 0.1244343891402715 0.024539877300613498
