35 0.19683257918552036 0.7714723926380368 0.167420814479638 0.13190184049079753
35 0.7963800904977375 0.7714723926380368 0.167420814479638 0.13190184049079753
35 0.18665158371040724 0.21088957055214724 0.1244343891402715 0.11503067484662577
35 0.7861990950226244 0.21088957055214724 0.1244343891402715 0.11503067484662577
35 0.501131221719457 0.11809815950920245 0.18778280542986425 0.1687116564417178
35 0.48868778280542985 0.8788343558282209 0.16289592760180996 0.147239263803681
6 0.167420814479638 0.5444785276073619 0.17647058823529413 0.11042944785276074
18 0.584841628959276 0.419478527607362 0.042986425339366516 0.05674846625766871
14 0.37104072398190047 0.6909509202453987 0.05429864253393665 0.0352760736196319
15 0.2850678733031674 0.47776073619631904 0.08144796380090498 0.0598159509202454
10 0.6538461538461539 0.3581288343558282 0.12669683257918551 0.14570552147239263
11 0.6085972850678733 0.419478527607362 0.13574660633484162 0.07515337423312883
24 0.7895927601809954 0.5115030674846626 0.09502262443438914 0.0598159509202454
27 0.7217194570135747 0.5950920245398773 0.10407239819004525 0.0705521472392638
25 0.11199095022624435 0.5230061349693251 0.07918552036199095 0.03374233128834356
