35 0.19683257918552036 0.7714723926380368 0.167420814479638 0.13190184049079753
35 0.7963800904977375 0.7714723926380368 0.167420814479638 0.13190184049079753
35 0.18665158371040724 0.21088957055214724 0.1244343891402715 0.11503067484662577
35 0.7861990950226244 0.21088957055214724 0.1244343891402715 0.11503067484662577
35 0.501131221719457 0.11809815950920245 0.18778280542986425 0.1687116564417178
35 0.48868778280542985 0.8788343558282209 0.16289592760180996 0.147239263803681
1 0.8144796380090498 0.6480061349693251 0.07692307692307693 0.0598159509202454
19 0.9027149321266968 0.6641104294478528 0.058823529411764705 0.05521472392638037
16 0.19343891402714933 0.5682515337423313 0.10180995475113122 0.0598159509202454
14 0.8484162895927602 0.6265337423312883 0.05429864253393665 0.0352760736196319
5 0.06561085972850679 0.6625766871165644 0.06787330316742081 0.049079754601226995
