35 0.19683257918552036 0.7714723926380368 0.167420814479638 0.13190184049079753
35 0.7963800904977375 0.7714723926380368 0.167420814479638 0.13190184049079753
35 0.18665158371040724 0.21088957055214724 0.1244343891402715 0.11503067484662577
35 0.7861990950226244 0.21088957055214724 0.1244343891402715 0.11503067484662577
35 0.501131221719457 0.11809815950920245 0.18778280542986425 0.1687116564417178
35 0.48868778280542985 0.8788343558282209 0.16289592760180996 0.147239263803681
11 0.9411764705882353 0.6211656441717791 0.09502262443438914 0.07668711656441718
21 0.48868778280542985 0.3289877300613497 0.04524886877828054 0.03834355828220859
19 0.9276018099547512 0.661042944785276 0.058823529411764705 0.05521472392638037
17 0.06108597285067873 0.7124233128834356 0.10407239819004525 0.08742331288343558
4 0.07126696832579185 0.3558282208588957 0.11085972850678733 0.08895705521472393
9 0.48755656108597284 0.6311349693251533 0.07918552036199095 0.07208588957055215
2 0.5497737556561086 0.45858895705521474 0.07692307692307693 0.0950920245398773
