35 0.19683257918552036 0.7714723926380368 0.167420814479638 0.13190184049079753
35 0.7963800904977375 0.7714723926380368 0.167420814479638 0.13190184049079753
35 0.18665158371040724 0.21088957055214724 0.1244343891402715 0.11503067484662577
35 0.7861990950226244 0.21088957055214724 0.1244343891402715 0.11503067484662577
35 0.501131221719457 0.11809815950920245 0.18778280542986425 0.1687116564417178
35 0.48868778280542985 0.8788343558282209 0.16289592760180996 0.147239263803681
22 0.831447963800905 0.36273006134969327 0.1334841628959276 0.10276073619631902
20 0.5610859728506787 0.3880368098159509 0.13122171945701358 0.13190184049079753
14 0.4095022624434389 0.504601226993865 0.04072398190045249 0.03067484662576687
15 0.5271493212669683 0.40567484662576686 0.06787330316742081 0.05061349693251534
21 0.4343891402714932 0.27837423312883436 0.04524886877828054 0.03834355828220859
10 0.579185520361991 0.3320552147239264 0.12669683257918551 0.14570552147239263
19 0.09954751131221719 0.10736196319018405 0.058823529411764705 0.05521472392638037
12 0.8223981900452488 0.6411042944785276 0.083710407239819 0.06748466257668712
13 0.5079185520361991 0.5912576687116564 0.09728506787330317 0.07208588957055215
29 0.7092760180995475 0.37193251533742333 0.10180995475113122 0.05368098159509203
30 0.29298642533936653 0.21625766871165644 0.1244343891402715 0.024539877300613498
