35 0.19683257918552036 0.7714723926380368 0.167420814479638 0.13190184049079753
35 0.7963800904977375 0.7714723926380368 0.167420814479638 0.13190184049079753
35 0.18665158371040724 0.21088957055214724 0.1244343891402715 0.11503067484662577
35 0.7861990950226244 0.21088957055214724 0.1244343891402715 0.11503067484662577
35 0.501131221719457 0.11809815950920245 0.18778280542986425 0.1687116564417178
35 0.48868778280542985 0.8788343558282209 0.16289592760180996 0.147239263803681
23 0.17194570135746606 0.09969325153374232 0.12217194570135746 0.0950920245398773
22 0.9287330316742082 0.6441717791411042 0.1425339366515837 0.07975460122699386
10 0.8914027149321267 0.5590490797546013 0.12669683257918551 0.14570552147239263
15 0.6470588235294118 0.7124233128834356 0.06787330316742081 0.05061349693251534
4 0.8427601809954751 0.6111963190184049 0.11990950226244344 0.09662576687116564
21 0.10633484162895927 0.723159509202454 0.04524886877828054 0.03834355828220859
2 0.8665158371040724 0.6104294478527608 0.07692307692307693 0.0950920245398773
32 0.15497737556561086 0.5084355828220859 0.1244343891402715 0.023006134969325152
