35 0.19683257918552036 0.7714723926380368 0.167420814479638 0.13190184049079753
35 0.7963800904977375 0.7714723926380368 0.167420814479638 0.13190184049079753
35 0.18665158371040724 0.21088957055214724 0.1244343891402715 0.11503067484662577
35 0.7861990950226244 0.21088957055214724 0.1244343891402715 0.11503067484662577
35 0.501131221719457 0.11809815950920245 0.18778280542986425 0.1687116564417178
35 0.48868778280542985 0.8788343558282209 0.16289592760180996 0.147239263803681
17 0.7262443438914027 0.6633435582822086 0.10407239819004525 0.08742331288343558
16 0.5260180995475113 0.5299079754601227 0.10180995475113122 0.0598159509202454
1 0.6266968325791855 0.3044478527607362 0.09049773755656108 0.06595092024539877
7 0.7013574660633484 0.6096625766871165 0.06334841628959276 0.05368098159509203
22 0.4242081447963801 0.5429447852760736 0.1425339366515837 0.07975460122699386
23 0.45475113122171945 0.6503067484662577 0.12217194570135746 0.0950920245398773
14 0.37104072398190047 0.6242331288343558 0.04072398190045249 0.03067484662576687
24 0.18778280542986425 0.5475460122699386 0.06334841628959276 0.08588957055214724
0 0.6583710407239819 0.2446319018404908 0.058823529411764705 0.05674846625766871
20 0.9298642533936652 0.48619631901840493 0.13122171945701358 0.13190184049079753
25 0.9513574660633484 0.13113496932515337 0.0746606334841629 0.029141104294478526
