35 0.19683257918552036 0.7714723926380368 0.167420814479638 0.13190184049079753
35 0.7963800904977375 0.7714723926380368 0.167420814479638 0.13190184049079753
35 0.18665158371040724 0.21088957055214724 0.1244343891402715 0.11503067484662577
35 0.7861990950226244 0.21088957055214724 0.1244343891402715 0.11503067484662577
35 0.501131221719457 0.11809815950920245 0.18778280542986425 0.1687116564417178
35 0.48868778280542985 0.8788343558282209 0.16289592760180996 0.147239263803681
21 0.14027149321266968 0.1280674846625767 0.04524886877828054 0.03834355828220859
8 0.38009049773755654 0.6142638036809815 0.167420814479638 0.11809815950920245
6 0.5520361990950227 0.33588957055214724 0.16289592760180996 0.10122699386503067
16 0.13914027149321267 0.5130368098159509 0.10180995475113122 0.0598159509202454
20 0.5090497737556561 0.6242331288343558 0.13122171945701358 0.13190184049079753
0 0.15271493212669685 0.17177914110429449 0.06108597285067873 0.05214723926380368
7 0.33144796380090497 0.5099693251533742 0.05203619909502263 0.04141104294478527
31 0.7319004524886877 0.4516871165644172 0.06561085972850679 0.02607361963190184
28 0.7567873303167421 0.28067484662576686 0.07013574660633484 0.05521472392638037
