35 0.19683257918552036 0.7714723926380368 0.167420814479638 0.13190184049079753
35 0.7963800904977375 0.7714723926380368 0.167420814479638 0.13190184049079753
35 0.18665158371040724 0.21088957055214724 0.1244343891402715 0.11503067484662577
35 0.7861990950226244 0.21088957055214724 0.1244343891402715 0.11503067484662577
35 0.501131221719457 0.11809815950920245 0.18778280542986425 0.1687116564417178
35 0.48868778280542985 0.8788343558282209 0.16289592760180996 0.147239263803681
3 0.5294117647058824 0.4831288343558282 0.049773755656108594 0.05521472392638037
2 0.4479638009049774 0.48619631901840493 0.07692307692307693 0.0950920245398773
5 0.3088235294117647 0.6211656441717791 0.0746606334841629 0.03680981595092025
6 0.26018099547511314 0.5567484662576687 0.16289592760180996 0.10122699386503067
20 0.5339366515837104 0.455521472392638 0.13122171945701358 0.13190184049079753
18 0.13687782805429866 0.5184049079754601 0.05203619909502263 0.06134969325153374
8 0.3506787330316742 0.6111963190184049 0.167420814479638 0.11809815950920245
13 0.45361990950226244 0.6403374233128835 0.09728506787330317 0.07208588957055215
23 0.832579185520362 0.6319018404907976 0.12217194570135746 0.0950920245398773
12 0.057692307692307696 0.3665644171779141 0.083710407239819 0.06748466257668712
27 0.14705882352941177 0.25690184049079756 0.09954751131221719 0.06595092024539877
33 0.8868778280542986 0.4562883435582822 0.03167420814479638 0.023006134969325152
32 0.3382352941176471 0.5529141104294478 0.1244343891402715 0.023006134969325152
30 0.5350678733031674 0.17791411042944785 0.1244343891402715 0.024539877300613498
