35 0.19683257918552036 0.7714723926380368 0.167420814479638 0.13190184049079753
35 0.7963800904977375 0.7714723926380368 0.167420814479638 0.13190184049079753
35 0.18665158371040724 0.21088957055214724 0.1244343891402715 0.11503067484662577
35 0.7861990950226244 0.21088957055214724 0.1244343891402715 0.11503067484662577
35 0.501131221719457 0.11809815950920245 0.18778280542986425 0.1687116564417178
35 0.48868778280542985 0.8788343558282209 0.16289592760180996 0.147239263803681
19 0.5542986425339367 0.5674846625766872 0.058823529411764705 0.05521472392638037
17 0.16968325791855204 0.09739263803680982 0.10407239819004525 0.09049079754601227
10 0.6447963800904978 0.325920245398773 0.12669683257918551 0.14570552147239263
26 0.49660633484162897 0.036042944785276074 0.1425339366515837 0.07208588957055215
