35 0.19683257918552036 0.7714723926380368 0.167420814479638 0.13190184049079753
35 0.7963800904977375 0.7714723926380368 0.167420814479638 0.13190184049079753
35 0.18665158371040724 0.21088957055214724 0.1244343891402715 0.11503067484662577
35 0.7861990950226244 0.21088957055214724 0.1244343891402715 0.11503067484662577
35 0.501131221719457 0.11809815950920245 0.18778280542986425 0.1687116564417178
35 0.48868778280542985 0.8788343558282209 0.16289592760180996 0.147239263803681
15 0.667420814479638 0.691717791411043 0.08597285067873303 0.049079754601226995
12 0.20588235294117646 0.11809815950920245 0.06787330316742081 0.049079754601226995
27 0.38235294117647056 0.1602760736196319 0.09954751131221719 0.06595092024539877
32 0.3834841628959276 0.88420245398773 0.1244343891402715 0.023006134969325152
