35 0.19683257918552036 0.7714723926380368 0.167420814479638 0.13190184049079753
35 0.7963800904977375 0.7714723926380368 0.167420814479638 0.13190184049079753
35 0.18665158371040724 0.21088957055214724 0.1244343891402715 0.11503067484662577
35 0.7861990950226244 0.21088957055214724 0.1244343891402715 0.11503067484662577
35 0.501131221719457 0.11809815950920245 0.18778280542986425 0.1687116564417178
35 0.48868778280542985 0.8788343558282209 0.16289592760180996 0.147239263803681
5 0.07352941176470588 0.05368098159509203 0.0746606334841629 0.03680981595092025
2 0.20361990950226244 0.5552147239263804 0.07692307692307693 0.0950920245398773
3 0.5780542986425339 0.4754601226993865 0.05203619909502263 0.06134969325153374
14 0.7692307692307693 0.656441717791411 0.03167420814479638 0.03067484662576687
4 0.581447963800905 0.3013803680981595 0.12217194570135746 0.09969325153374232
9 0.6877828054298643 0.6809815950920245 0.11312217194570136 0.0736196319018405
34 0.666289592760181 0.21319018404907975 0.06561085972850679 0.024539877300613498
34 0.8359728506787331 0.7837423312883436 0.06561085972850679 0.024539877300613498
