35 0.19683257918552036 0.7714723926380368 0.167420814479638 0.13190184049079753
35 0.7963800904977375 0.7714723926380368 0.167420814479638 0.13190184049079753
35 0.18665158371040724 0.21088957055214724 0.1244343891402715 0.11503067484662577
35 0.7861990950226244 0.21088957055214724 0.1244343891402715 0.11503067484662577
35 0.501131221719457 0.11809815950920245 0.18778280542986425 0.1687116564417178
35 0.48868778280542985 0.8788343558282209 0.16289592760180996 0.147239263803681
4 0.5509049773755657 0.4294478527607362 0.11085972850678733 0.08895705521472393
12 0.6470588235294118 0.6349693251533742 0.06787330316742081 0.049079754601226995
1 0.6628959276018099 0.5329754601226994 0.07692307692307693 0.0598159509202454
23 0.7963800904977375 0.4723926380368098 0.12217194570135746 0.0950920245398773
22 0.16063348416289594 0.4938650306748466 0.1493212669683258 0.08895705521472393
17 0.8800904977375565 0.575920245398773 0.10407239819004525 0.09049079754601227
33 0.6334841628959276 0.8274539877300614 0.03167420814479638 0.023006134969325152
29 0.47850678733031676 0.772239263803681 0.10180995475113122 0.05368098159509203
