35 0.19683257918552036 0.7714723926380368 0.167420814479638 0.13190184049079753
35 0.7963800904977375 0.7714723926380368 0.167420814479638 0.13190184049079753
35 0.18665158371040724 0.21088957055214724 0.1244343891402715 0.11503067484662577
35 0.7861990950226244 0.21088957055214724 0.1244343891402715 0.11503067484662577
35 0.501131221719457 0.11809815950920245 0.18778280542986425 0.1687116564417178
35 0.48868778280542985 0.8788343558282209 0.16289592760180996 0.147239263803681
14 0.07918552036199095 0.7400306748466258 0.05429864253393665 0.0352760736196319
3 0.6052036199095022 0.5383435582822086 0.05203619909502263 0.06134969325153374
34 0.7432126696832579 0.5030674846625767 0.06561085972850679 0.024539877300613498
25 0.9457013574660633 0.032975460122699383 0.08597285067873303 0.04447852760736196
30 0.49660633484162897 0.17177914110429449 0.1244343891402715 0.024539877300613498
