35 0.19683257918552036 0.7714723926380368 0.167420814479638 0.13190184049079753
35 0.7963800904977375 0.7714723926380368 0.167420814479638 0.13190184049079753
35 0.18665158371040724 0.21088957055214724 0.1244343891402715 0.11503067484662577
35 0.7861990950226244 0.21088957055214724 0.1244343891402715 0.11503067484662577
35 0.501131221719457 0.11809815950920245 0.18778280542986425 0.1687116564417178
35 0.48868778280542985 0.8788343558282209 0.16289592760180996 0.147239263803681
8 0.12669683257918551 0.06058282208588957 0.167420814479638 0.11809815950920245
2 0.6730769230769231 0.35276073619631904 0.0746606334841629 0.08895705521472393
15 0.5407239819004525 0.5176380368098159 0.08144796380090498 0.05674846625766871
16 0.2409502262443439 0.06671779141104295 0.09728506787330317 0.06901840490797546
13 0.07239819004524888 0.7921779141104295 0.09502262443438914 0.06901840490797546
4 0.5599547511312217 0.3067484662576687 0.11085972850678733 0.08895705521472393
34 0.5101809954751131 0.09355828220858896 0.06561085972850679 0.024539877300613498
26 0.8585972850678733 0.1602760736196319 0.1425339366515837 0.07208588957055215
25 0.6572398190045249 0.062116564417177916 0.0746606334841629 0.029141104294478526
