35 0.19683257918552036 0.7714723926380368 0.167420814479638 0.13190184049079753
35 0.7963800904977375 0.7714723926380368 0.167420814479638 0.13190184049079753
35 0.18665158371040724 0.21088957055214724 0.1244343891402715 0.11503067484662577
35 0.7861990950226244 0.21088957055214724 0.1244343891402715 0.11503067484662577
35 0.501131221719457 0.11809815950920245 0.18778280542986425 0.1687116564417178
35 0.48868778280542985 0.8788343558282209 0.16289592760180996 0.147239263803681
6 0.23755656108597284 0.553680981595092 0.16289592760180996 0.10122699386503067
26 0.7285067873303167 0.6924846625766872 0.13122171945701358 0.09662576687116564
25 0.918552036199095 0.6664110429447853 0.08597285067873303 0.04447852760736196
25 0.28054298642533937 0.897239263803681 0.03167420814479638 0.03067484662576687
27 0.8619909502262444 0.14493865030674846 0.10407239819004525 0.07208588957055215
