35 0.19683257918552036 0.7714723926380368 0.167420814479638 0.13190184049079753
35 0.7963800904977375 0.7714723926380368 0.167420814479638 0.13190184049079753
35 0.18665158371040724 0.21088957055214724 0.1244343891402715 0.11503067484662577
35 0.7861990950226244 0.21088957055214724 0.1244343891402715 0.11503067484662577
35 0.501131221719457 0.11809815950920245 0.18778280542986425 0.1687116564417178
35 0.48868778280542985 0.8788343558282209 0.16289592760180996 0.147239263803681
6 0.25565610859728505 0.09355828220858896 0.13574660633484162 0.10429447852760736
12 0.45701357466063347 0.6993865030674846 0.06787330316742081 0.049079754601226995
2 0.5588235294117647 0.4049079754601227 0.07692307692307693 0.0950920245398773
15 0.6063348416289592 0.39570552147239263 0.08144796380090498 0.046012269938650305
11 0.15610859728506787 0.5943251533742331 0.06787330316742081 0.07822085889570553
17 0.11085972850678733 0.08819018404907976 0.10407239819004525 0.09049079754601227
10 0.6312217194570136 0.2737730061349693 0.12669683257918551 0.14570552147239263
0 0.26131221719457015 0.6825153374233128 0.05656108597285068 0.05828220858895705
3 0.048642533936651584 0.7338957055214724 0.05203619909502263 0.05368098159509203
13 0.6742081447963801 0.7338957055214724 0.09502262443438914 0.06901840490797546
27 0.9276018099547512 0.9340490797546013 0.10407239819004525 0.0705521472392638
