35 0.19683257918552036 0.7714723926380368 0.167420814479638 0.13190184049079753
35 0.7963800904977375 0.7714723926380368 0.167420814479638 0.13190184049079753
35 0.18665158371040724 0.21088957055214724 0.1244343891402715 0.11503067484662577
35 0.7861990950226244 0.21088957055214724 0.1244343891402715 0.11503067484662577
35 0.501131221719457 0.11809815950920245 0.18778280542986425 0.1687116564417178
35 0.48868778280542985 0.8788343558282209 0.16289592760180996 0.147239263803681
2 0.21153846153846154 0.4616564417177914 0.0746606334841629 0.08895705521472393
10 0.4298642533936652 0.5299079754601227 0.12669683257918551 0.14570552147239263
23 0.08823529411764706 0.6288343558282209 0.12217194570135746 0.0950920245398773
4 0.06334841628959276 0.6495398773006135 0.12217194570135746 0.09969325153374232
9 0.15384615384615385 0.8995398773006135 0.10407239819004525 0.07515337423312883
20 0.37104072398190047 0.5460122699386503 0.13122171945701358 0.13190184049079753
16 0.915158371040724 0.6817484662576687 0.09728506787330317 0.06901840490797546
13 0.6640271493212669 0.6602760736196319 0.09728506787330317 0.07208588957055215
6 0.05542986425339366 0.7622699386503068 0.11085972850678733 0.11042944785276074
