35 0.19683257918552036 0.7714723926380368 0.167420814479638 0.13190184049079753
35 0.7963800904977375 0.7714723926380368 0.167420814479638 0.13190184049079753
35 0.18665158371040724 0.21088957055214724 0.1244343891402715 0.11503067484662577
35 0.7861990950226244 0.21088957055214724 0.1244343891402715 0.11503067484662577
35 0.501131221719457 0.11809815950920245 0.18778280542986425 0.1687116564417178
35 0.48868778280542985 0.8788343558282209 0.16289592760180996 0.147239263803681
10 0.5588235294117647 0.3075153374233129 0.12669683257918551 0.14570552147239263
17 0.7624434389140271 0.8611963190184049 0.10407239819004525 0.09049079754601227
2 0.5316742081447964 0.598159509202454 0.07692307692307693 0.0950920245398773
27 0.5113122171945701 0.63420245398773 0.09954751131221719 0.06595092024539877
30 0.3495475113122172 0.5766871165644172 0.1244343891402715 0.024539877300613498
31 0.23642533936651583 0.09739263803680982 0.06561085972850679 0.02607361963190184
29 0.1414027149321267 0.4401840490797546 0.083710407239819 0.08895705521472393
