35 0.19683257918552036 0.7714723926380368 0.167420814479638 0.13190184049079753
35 0.7963800904977375 0.7714723926380368 0.167420814479638 0.13190184049079753
35 0.18665158371040724 0.21088957055214724 0.1244343891402715 0.11503067484662577
35 0.7861990950226244 0.21088957055214724 0.1244343891402715 0.11503067484662577
35 0.501131221719457 0.11809815950920245 0.18778280542986425 0.1687116564417178
35 0.48868778280542985 0.8788343558282209 0.16289592760180996 0.147239263803681
12 0.9219457013574661 0.5076687116564417 0.083710407239819 0.06748466257668712
19 0.5180995475113123 0.5352760736196319 0.058823529411764705 0.05521472392638037
11 0.6380090497737556 0.4624233128834356 0.13574660633484162 0.07515337423312883
18 0.024886877828054297 0.3075153374233129 0.04524886877828054 0.05368098159509203
30 0.5984162895927602 0.7039877300613497 0.1244343891402715 0.024539877300613498
