35 0.19683257918552036 0.7714723926380368 0.167420814479638 0.13190184049079753
35 0.7963800904977375 0.7714723926380368 0.167420814479638 0.13190184049079753
35 0.18665158371040724 0.21088957055214724 0.1244343891402715 0.11503067484662577
35 0.7861990950226244 0.21088957055214724 0.1244343891402715 0.11503067484662577
35 0.501131221719457 0.11809815950920245 0.18778280542986425 0.1687116564417178
35 0.48868778280542985 0.8788343558282209 0.16289592760180996 0.147239263803681
3 0.042986425339366516 0.4785276073619632 0.049773755656108594 0.05521472392638037
13 0.8371040723981901 0.5897239263803681 0.09502262443438914 0.06901840490797546
11 0.6199095022624435 0.6480061349693251 0.13574660633484162 0.07515337423312883
24 0.26018099547511314 0.47162576687116564 0.09502262443438914 0.0598159509202454
1 0.5113122171945701 0.23849693251533743 0.09049773755656108 0.06595092024539877
0 0.5565610859728507 0.22622699386503067 0.049773755656108594 0.04754601226993865
22 0.8235294117647058 0.5429447852760736 0.1493212669683258 0.08895705521472393
21 0.5203619909502263 0.3075153374233129 0.04524886877828054 0.03834355828220859
19 0.47058823529411764 0.5598159509202454 0.058823529411764705 0.05521472392638037
31 0.4671945701357466 0.88420245398773 0.06561085972850679 0.02607361963190184
29 0.36990950226244346 0.5383435582822086 0.08823529411764706 0.06441717791411043
33 0.2850678733031674 0.7599693251533742 0.03167420814479638 0.023006134969325152
