35 0.19683257918552036 0.7714723926380368 0.167420814479638 0.13190184049079753
35 0.7963800904977375 0.7714723926380368 0.167420814479638 0.13190184049079753
35 0.18665158371040724 0.21088957055214724 0.1244343891402715 0.11503067484662577
35 0.7861990950226244 0.21088957055214724 0.1244343891402715 0.11503067484662577
35 0.501131221719457 0.11809815950920245 0.18778280542986425 0.1687116564417178
35 0.48868778280542985 0.8788343558282209 0.16289592760180996 0.147239263803681
4 0.6040723981900452 0.4578220858895706 0.12217194570135746 0.09969325153374232
6 0.1583710407239819 0.6165644171779141 0.17647058823529413 0.11042944785276074
16 0.8925339366515838 0.536042944785276 0.10180995475113122 0.0598159509202454
7 0.5904977375565611 0.7661042944785276 0.06334841628959276 0.05368098159509203
9 0.5169683257918553 0.6173312883435583 0.11085972850678733 0.07515337423312883
33 0.9479638009049773 0.7062883435582822 0.03167420814479638 0.023006134969325152
