35 0.19683257918552036 0.7714723926380368 0.167420814479638 0.13190184049079753
35 0.7963800904977375 0.7714723926380368 0.167420814479638 0.13190184049079753
35 0.18665158371040724 0.21088957055214724 0.1244343891402715 0.11503067484662577
35 0.7861990950226244 0.21088957055214724 0.1244343891402715 0.11503067484662577
35 0.501131221719457 0.11809815950920245 0.18778280542986425 0.1687116564417178
35 0.48868778280542985 0.8788343558282209 0.16289592760180996 0.147239263803681
18 0.37104072398190047 0.46549079754601225 0.04524886877828054 0.05368098159509203
5 0.5938914027149321 0.5506134969325154 0.0746606334841629 0.03680981595092025
16 0.2002262443438914 0.5391104294478528 0.083710407239819 0.05674846625766871
30 0.919683257918552 0.39263803680981596 0.1244343891402715 0.024539877300613498
33 0.7126696832579186 0.41180981595092025 0.03167420814479638 0.023006134969325152
32 0.08936651583710407 0.4378834355828221 0.1244343891402715 0.023006134969325152
29 0.45588235294117646 0.9125766871165644 0.08823529411764706 0.06441717791411043
