35 0.19683257918552036 0.7714723926380368 0.167420814479638 0.13190184049079753
35 0.7963800904977375 0.7714723926380368 0.167420814479638 0.13190184049079753
35 0.18665158371040724 0.21088957055214724 0.1244343891402715 0.11503067484662577
35 0.7861990950226244 0.21088957055214724 0.1244343891402715 0.11503067484662577
35 0.501131221719457 0.11809815950920245 0.18778280542986425 0.1687116564417178
35 0.48868778280542985 0.8788343558282209 0.16289592760180996 0.147239263803681
24 0.8144796380090498 0.5030674846625767 0.06334841628959276 0.08588957055214724
22 0.5542986425339367 0.455521472392638 0.1493212669683258 0.08895705521472393
16 0.19570135746606335 0.4854294478527607 0.10180995475113122 0.0598159509202454
25 0.8619909502262444 0.9608895705521472 0.08597285067873303 0.04447852760736196
28 0.26357466063348417 0.5636503067484663 0.06108597285067873 0.05368098159509203
26 0.8190045248868778 0.6464723926380368 0.13122171945701358 0.09662576687116564
34 0.3721719457013575 0.6579754601226994 0.06561085972850679 0.024539877300613498
