35 0.19683257918552036 0.7714723926380368 0.167420814479638 0.13190184049079753
35 0.7963800904977375 0.7714723926380368 0.167420814479638 0.13190184049079753
35 0.18665158371040724 0.21088957055214724 0.1244343891402715 0.11503067484662577
35 0.7861990950226244 0.21088957055214724 0.1244343891402715 0.11503067484662577
35 0.501131221719457 0.11809815950920245 0.18778280542986425 0.1687116564417178
35 0.48868778280542985 0.8788343558282209 0.16289592760180996 0.147239263803681
18 0.45248868778280543 0.7239263803680982 0.04072398190045249 0.05828220858895705
0 0.2341628959276018 0.4539877300613497 0.06108597285067873 0.05214723926380368
17 0.7194570135746606 0.6280674846625767 0.10407239819004525 0.08742331288343558
33 0.497737556561086 0.8412576687116564 0.03167420814479638 0.023006134969325152
31 0.2816742081447964 0.5406441717791411 0.06561085972850679 0.02607361963190184
27 0.4072398190045249 0.46932515337423314 0.10407239819004525 0.0705521472392638
