35 0.19683257918552036 0.7714723926380368 0.167420814479638 0.13190184049079753
35 0.7963800904977375 0.7714723926380368 0.167420814479638 0.13190184049079753
35 0.18665158371040724 0.21088957055214724 0.1244343891402715 0.11503067484662577
35 0.7861990950226244 0.21088957055214724 0.1244343891402715 0.11503067484662577
35 0.501131221719457 0.11809815950920245 0.18778280542986425 0.1687116564417178
35 0.48868778280542985 0.8788343558282209 0.16289592760180996 0.147239263803681
6 0.18552036199095023 0.4754601226993865 0.13574660633484162 0.10429447852760736
13 0.25904977375565613 0.5345092024539877 0.09728506787330317 0.07208588957055215
16 0.08710407239819004 0.5774539877300614 0.10180995475113122 0.0598159509202454
34 0.5192307692307693 0.2791411042944785 0.06561085972850679 0.024539877300613498
25 0.5486425339366516 0.38190184049079756 0.07918552036199095 0.03374233128834356
31 0.032805429864253395 0.5437116564417178 0.06561085972850679 0.02607361963190184
26 0.41402714932126694 0.4746932515337423 0.13122171945701358 0.09662576687116564
