35 0.19683257918552036 0.7714723926380368 0.167420814479638 0.13190184049079753
35 0.7963800904977375 0.7714723926380368 0.167420814479638 0.13190184049079753
35 0.18665158371040724 0.21088957055214724 0.1244343891402715 0.11503067484662577
35 0.7861990950226244 0.21088957055214724 0.1244343891402715 0.11503067484662577
35 0.501131221719457 0.11809815950920245 0.18778280542986425 0.1687116564417178
35 0.48868778280542985 0.8788343558282209 0.16289592760180996 0.147239263803681
1 0.05429864253393665 0.3151840490797546 0.09049773755656108 0.06595092024539877
21 0.7850678733031674 0.5191717791411042 0.04524886877828054 0.03834355828220859
0 0.9660633484162896 0.5989263803680982 0.049773755656108594 0.04754601226993865
17 0.34841628959276016 0.48236196319018404 0.10407239819004525 0.09049079754601227
12 0.5429864253393665 0.5291411042944786 0.06787330316742081 0.049079754601226995
26 0.7861990950226244 0.9026073619631901 0.1425339366515837 0.07208588957055215
30 0.45588235294117646 0.593558282208589 0.1244343891402715 0.024539877300613498
27 0.497737556561086 0.07208588957055215 0.10407239819004525 0.0705521472392638
25 0.6832579185520362 0.1549079754601227 0.03167420814479638 0.03067484662576687
