35 0.19683257918552036 0.7714723926380368 0.167420814479638 0.13190184049079753
35 0.7963800904977375 0.7714723926380368 0.167420814479638 0.13190184049079753
35 0.18665158371040724 0.21088957055214724 0.1244343891402715 0.11503067484662577
35 0.7861990950226244 0.21088957055214724 0.1244343891402715 0.11503067484662577
35 0.501131221719457 0.11809815950920245 0.18778280542986425 0.1687116564417178
35 0.48868778280542985 0.8788343558282209 0.16289592760180996 0.147239263803681
24 0.23755656108597284 0.06288343558282208 0.05429864253393665 0.09202453987730061
0 0.9219457013574661 0.5414110429447853 0.07013574660633484 0.049079754601226995
23 0.48868778280542985 0.700920245398773 0.12217194570135746 0.0950920245398773
10 0.6244343891402715 0.2753067484662577 0.12669683257918551 0.14570552147239263
6 0.8823529411764706 0.6088957055214724 0.17647058823529413 0.11042944785276074
17 0.6561085972850679 0.6142638036809815 0.10407239819004525 0.08742331288343558
1 0.32805429864253394 0.11273006134969325 0.07692307692307693 0.0598159509202454
8 0.35180995475113125 0.6441717791411042 0.16968325791855204 0.1196319018404908
30 0.7952488687782805 0.23466257668711657 0.1244343891402715 0.024539877300613498
