35 0.19683257918552036 0.7714723926380368 0.167420814479638 0.13190184049079753
35 0.7963800904977375 0.7714723926380368 0.167420814479638 0.13190184049079753
35 0.18665158371040724 0.21088957055214724 0.1244343891402715 0.11503067484662577
35 0.7861990950226244 0.21088957055214724 0.1244343891402715 0.11503067484662577
35 0.501131221719457 0.11809815950920245 0.18778280542986425 0.1687116564417178
35 0.48868778280542985 0.8788343558282209 0.16289592760180996 0.147239263803681
17 0.581447963800905 0.325920245398773 0.10407239819004525 0.08742331288343558
5 0.834841628959276 0.593558282208589 0.06787330316742081 0.049079754601226995
25 0.9502262443438914 0.9670245398773006 0.08597285067873303 0.04447852760736196
31 0.3744343891402715 0.17714723926380369 0.06561085972850679 0.02607361963190184
32 0.4468325791855204 0.6664110429447853 0.1244343891402715 0.023006134969325152
