35 0.19683257918552036 0.7714723926380368 0.167420814479638 0.13190184049079753
35 0.7963800904977375 0.7714723926380368 0.167420814479638 0.13190184049079753
35 0.18665158371040724 0.21088957055214724 0.1244343891402715 0.11503067484662577
35 0.7861990950226244 0.21088957055214724 0.1244343891402715 0.11503067484662577
35 0.501131221719457 0.11809815950920245 0.18778280542986425 0.1687116564417178
35 0.48868778280542985 0.8788343558282209 0.16289592760180996 0.147239263803681
27 0.6425339366515838 0.7806748466257669 0.10407239819004525 0.0705521472392638
33 0.6787330316742082 0.8611963190184049 0.03167420814479638 0.023006134969325152
31 0.9219457013574661 0.23696319018404907 0.06561085972850679 0.02607361963190184
34 0.09615384615384616 0.36503067484662577 0.06561085972850679 0.024539877300613498
