35 0.19683257918552036 0.7714723926380368 0.167420814479638 0.13190184049079753
35 0.7963800904977375 0.7714723926380368 0.167420814479638 0.13190184049079753
35 0.18665158371040724 0.21088957055214724 0.1244343891402715 0.11503067484662577
35 0.7861990950226244 0.21088957055214724 0.1244343891402715 0.11503067484662577
35 0.501131221719457 0.11809815950920245 0.18778280542986425 0.1687116564417178
35 0.48868778280542985 0.8788343558282209 0.16289592760180996 0.147239263803681
16 0.4830316742081448 0.2338957055214724 0.10180995475113122 0.0598159509202454
10 0.23529411764705882 0.5559815950920245 0.12669683257918551 0.14570552147239263
7 0.1595022624434389 0.48236196319018404 0.05203619909502263 0.04141104294478527
2 0.8902714932126696 0.651840490797546 0.0746606334841629 0.08895705521472393
6 0.4819004524886878 0.5950920245398773 0.167420814479638 0.09815950920245399
3 0.7296380090497737 0.6457055214723927 0.05203619909502263 0.06441717791411043
12 0.46153846153846156 0.30214723926380366 0.06787330316742081 0.049079754601226995
13 0.24773755656108598 0.5345092024539877 0.09728506787330317 0.07208588957055215
22 0.8461538461538461 0.6717791411042945 0.1493212669683258 0.08895705521472393
18 0.7386877828054299 0.6855828220858896 0.0746606334841629 0.06134969325153374
33 0.39819004524886875 0.4455521472392638 0.03167420814479638 0.023006134969325152
32 0.31108597285067874 0.1664110429447853 0.1244343891402715 0.023006134969325152
