35 0.19683257918552036 0.7714723926380368 0.167420814479638 0.13190184049079753
35 0.7963800904977375 0.7714723926380368 0.167420814479638 0.13190184049079753
35 0.18665158371040724 0.21088957055214724 0.1244343891402715 0.11503067484662577
35 0.7861990950226244 0.21088957055214724 0.1244343891402715 0.11503067484662577
35 0.501131221719457 0.11809815950920245 0.18778280542986425 0.1687116564417178
35 0.48868778280542985 0.8788343558282209 0.16289592760180996 0.147239263803681
13 0.166289592760181 0.6035276073619632 0.09728506787330317 0.07208588957055215
19 0.43778280542986425 0.44401840490797545 0.04751131221719457 0.05368098159509203
23 0.34615384615384615 0.5720858895705522 0.12217194570135746 0.0950920245398773
33 0.8484162895927602 0.36579754601226994 0.03167420814479638 0.023006134969325152
25 0.917420814479638 0.9233128834355828 0.07918552036199095 0.03374233128834356
34 0.8563348416289592 0.48466257668711654 0.06561085972850679 0.024539877300613498
26 0.6323529411764706 0.8780674846625767 0.1425339366515837 0.07208588957055215
