35 0.19683257918552036 0.7714723926380368 0.167420814479638 0.13190184049079753
35 0.7963800904977375 0.7714723926380368 0.167420814479638 0.13190184049079753
35 0.18665158371040724 0.21088957055214724 0.1244343891402715 0.11503067484662577
35 0.7861990950226244 0.21088957055214724 0.1244343891402715 0.11503067484662577
35 0.501131221719457 0.11809815950920245 0.18778280542986425 0.1687116564417178
35 0.48868778280542985 0.8788343558282209 0.16289592760180996 0.147239263803681
30 0.16402714932126697 0.3282208588957055 0.1244343891402715 0.024539877300613498
29 0.14819004524886878 0.05061349693251534 0.08823529411764706 0.06441717791411043
34 0.21832579185520362 0.8834355828220859 0.06561085972850679 0.024539877300613498
28 0.6187782805429864 0.19478527607361965 0.07013574660633484 0.05521472392638037
