35 0.19683257918552036 0.7714723926380368 0.167420814479638 0.13190184049079753
35 0.7963800904977375 0.7714723926380368 0.167420814479638 0.13190184049079753
35 0.18665158371040724 0.21088957055214724 0.1244343891402715 0.11503067484662577
35 0.7861990950226244 0.21088957055214724 0.1244343891402715 0.11503067484662577
35 0.501131221719457 0.11809815950920245 0.18778280542986425 0.1687116564417178
35 0.48868778280542985 0.8788343558282209 0.16289592760180996 0.147239263803681
18 0.5554298642533937 0.6579754601226994 0.0746606334841629 0.06134969325153374
5 0.5723981900452488 0.45245398773006135 0.06787330316742081 0.049079754601226995
22 0.4920814479638009 0.5498466257668712 0.1334841628959276 0.10276073619631902
8 0.4434389140271493 0.4976993865030675 0.167420814479638 0.11809815950920245
19 0.3020361990950226 0.6694785276073619 0.04751131221719457 0.05368098159509203
4 0.49434389140271495 0.5391104294478528 0.11990950226244344 0.09662576687116564
21 0.4751131221719457 0.723159509202454 0.04524886877828054 0.03834355828220859
3 0.17081447963800905 0.1004601226993865 0.05203619909502263 0.05368098159509203
14 0.49547511312217196 0.4294478527607362 0.03167420814479638 0.03067484662576687
30 0.5667420814479638 0.8542944785276073 0.1244343891402715 0.024539877300613498
31 0.8382352941176471 0.9762269938650306 0.06561085972850679 0.02607361963190184
27 0.17647058823529413 0.9003067484662577 0.10407239819004525 0.0705521472392638
