35 0.19683257918552036 0.7714723926380368 0.167420814479638 0.13190184049079753
35 0.7963800904977375 0.7714723926380368 0.167420814479638 0.13190184049079753
35 0.18665158371040724 0.21088957055214724 0.1244343891402715 0.11503067484662577
35 0.7861990950226244 0.21088957055214724 0.1244343891402715 0.11503067484662577
35 0.501131221719457 0.11809815950920245 0.18778280542986425 0.1687116564417178
35 0.48868778280542985 0.8788343558282209 0.16289592760180996 0.147239263803681
23 0.5882352941176471 0.4570552147239264 0.12217194570135746 0.0950920245398773
0 0.05542986425339366 0.12423312883435583 0.06108597285067873 0.05214723926380368
12 0.755656108597285 0.6641104294478528 0.06787330316742081 0.049079754601226995
7 0.3495475113122172 0.46702453987730064 0.04751131221719457 0.04754601226993865
3 0.42194570135746606 0.5644171779141104 0.05203619909502263 0.06441717791411043
19 0.3212669683257919 0.647239263803681 0.058823529411764705 0.05521472392638037
24 0.21945701357466063 0.5414110429447853 0.05429864253393665 0.09202453987730061
14 0.6843891402714932 0.6702453987730062 0.05656108597285068 0.049079754601226995
