35 0.19683257918552036 0.7714723926380368 0.167420814479638 0.13190184049079753
35 0.7963800904977375 0.7714723926380368 0.167420814479638 0.13190184049079753
35 0.18665158371040724 0.21088957055214724 0.1244343891402715 0.11503067484662577
35 0.7861990950226244 0.21088957055214724 0.1244343891402715 0.11503067484662577
35 0.501131221719457 0.11809815950920245 0.18778280542986425 0.1687116564417178
35 0.48868778280542985 0.8788343558282209 0.16289592760180996 0.147239263803681
9 0.6097285067873304 0.4976993865030675 0.07918552036199095 0.07208588957055215
4 0.10520361990950226 0.09969325153374232 0.11085972850678733 0.08895705521472393
23 0.11538461538461539 0.6134969325153374 0.12217194570135746 0.0950920245398773
2 0.6176470588235294 0.6426380368098159 0.07692307692307693 0.0950920245398773
20 0.6787330316742082 0.6334355828220859 0.13122171945701358 0.13190184049079753
3 0.332579185520362 0.06901840490797546 0.049773755656108594 0.05521472392638037
18 0.03733031674208145 0.38420245398773006 0.042986425339366516 0.05674846625766871
29 0.19683257918552036 0.7262269938650306 0.1085972850678733 0.08128834355828221
33 0.6018099547511312 0.5621165644171779 0.03167420814479638 0.023006134969325152
28 0.38800904977375567 0.906441717791411 0.07013574660633484 0.05521472392638037
26 0.3574660633484163 0.7415644171779141 0.13122171945701358 0.09662576687116564
