35 0.19683257918552036 0.7714723926380368 0.167420814479638 0.13190184049079753
35 0.7963800904977375 0.7714723926380368 0.167420814479638 0.13190184049079753
35 0.18665158371040724 0.21088957055214724 0.1244343891402715 0.11503067484662577
35 0.7861990950226244 0.21088957055214724 0.1244343891402715 0.11503067484662577
35 0.501131221719457 0.11809815950920245 0.18778280542986425 0.1687116564417178
35 0.48868778280542985 0.8788343558282209 0.16289592760180996 0.147239263803681
6 0.8687782805429864 0.48466257668711654 0.13574660633484162 0.10429447852760736
12 0.7081447963800905 0.6288343558282209 0.06787330316742081 0.049079754601226995
18 0.042986425339366516 0.11042944785276074 0.04072398190045249 0.05828220858895705
4 0.6221719457013575 0.7430981595092024 0.12217194570135746 0.09969325153374232
16 0.6210407239819005 0.48849693251533743 0.083710407239819 0.05674846625766871
5 0.6911764705882353 0.6733128834355828 0.0746606334841629 0.03680981595092025
11 0.5294117647058824 0.4424846625766871 0.08144796380090498 0.1058282208588957
8 0.2997737556561086 0.602760736196319 0.16968325791855204 0.1196319018404908
17 0.6923076923076923 0.575920245398773 0.10407239819004525 0.08742331288343558
