35 0.19683257918552036 0.7714723926380368 0.167420814479638 0.13190184049079753
35 0.7963800904977375 0.7714723926380368 0.167420814479638 0.13190184049079753
35 0.18665158371040724 0.21088957055214724 0.1244343891402715 0.11503067484662577
35 0.7861990950226244 0.21088957055214724 0.1244343891402715 0.11503067484662577
35 0.501131221719457 0.11809815950920245 0.18778280542986425 0.1687116564417178
35 0.48868778280542985 0.8788343558282209 0.16289592760180996 0.147239263803681
17 0.6221719457013575 0.5958588957055214 0.10407239819004525 0.09049079754601227
24 0.4660633484162896 0.4946319018404908 0.09502262443438914 0.0598159509202454
15 0.049773755656108594 0.37193251533742333 0.07239819004524888 0.04754601226993865
15 0.6425339366515838 0.49616564417177916 0.07239819004524888 0.04754601226993865
16 0.0667420814479638 0.5529141104294478 0.09728506787330317 0.06901840490797546
9 0.7816742081447964 0.6334355828220859 0.10180995475113122 0.11042944785276074
5 0.05542986425339366 0.3174846625766871 0.0746606334841629 0.03680981595092025
2 0.29524886877828055 0.5828220858895705 0.0746606334841629 0.08895705521472393
31 0.3744343891402715 0.6526073619631901 0.06561085972850679 0.02607361963190184
32 0.8404977375565611 0.7078220858895705 0.1244343891402715 0.023006134969325152
30 0.40384615384615385 0.9570552147239264 0.1244343891402715 0.024539877300613498
