35 0.19683257918552036 0.7714723926380368 0.167420814479638 0.13190184049079753
35 0.7963800904977375 0.7714723926380368 0.167420814479638 0.13190184049079753
35 0.18665158371040724 0.21088957055214724 0.1244343891402715 0.11503067484662577
35 0.7861990950226244 0.21088957055214724 0.1244343891402715 0.11503067484662577
35 0.501131221719457 0.11809815950920245 0.18778280542986425 0.1687116564417178
35 0.48868778280542985 0.8788343558282209 0.16289592760180996 0.147239263803681
16 0.7024886877828054 0.44401840490797545 0.10180995475113122 0.0598159509202454
24 0.7737556561085973 0.5069018404907976 0.09502262443438914 0.0598159509202454
0 0.14479638009049775 0.12346625766871165 0.058823529411764705 0.05674846625766871
3 0.6052036199095022 0.531441717791411 0.05203619909502263 0.0843558282208589
4 0.6255656108597285 0.7078220858895705 0.11990950226244344 0.09355828220858896
6 0.8438914027149321 0.593558282208589 0.167420814479638 0.09815950920245399
23 0.06334841628959276 0.6395705521472392 0.12217194570135746 0.0950920245398773
10 0.36877828054298645 0.5084355828220859 0.12669683257918551 0.14570552147239263
32 0.503393665158371 0.5038343558282209 0.1244343891402715 0.023006134969325152
29 0.12330316742081449 0.276840490797546 0.10180995475113122 0.05368098159509203
30 0.7613122171945701 0.5352760736196319 0.1244343891402715 0.024539877300613498
27 0.4457013574660634 0.21395705521472394 0.09954751131221719 0.06595092024539877
