35 0.19683257918552036 0.7714723926380368 0.167420814479638 0.13190184049079753
35 0.7963800904977375 0.7714723926380368 0.167420814479638 0.13190184049079753
35 0.18665158371040724 0.21088957055214724 0.1244343891402715 0.11503067484662577
35 0.7861990950226244 0.21088957055214724 0.1244343891402715 0.11503067484662577
35 0.501131221719457 0.11809815950920245 0.18778280542986425 0.1687116564417178
35 0.48868778280542985 0.8788343558282209 0.16289592760180996 0.147239263803681
12 0.08710407239819004 0.6533742331288344 0.083710407239819 0.06748466257668712
2 0.5757918552036199 0.3803680981595092 0.0746606334841629 0.08895705521472393
16 0.43552036199095023 0.5069018404907976 0.10180995475113122 0.0598159509202454
23 0.3393665158371041 0.5613496932515337 0.12217194570135746 0.0950920245398773
1 0.25565610859728505 0.683282208588957 0.07692307692307693 0.0598159509202454
