35 0.19683257918552036 0.7714723926380368 0.167420814479638 0.13190184049079753
35 0.7963800904977375 0.7714723926380368 0.167420814479638 0.13190184049079753
35 0.18665158371040724 0.21088957055214724 0.1244343891402715 0.11503067484662577
35 0.7861990950226244 0.21088957055214724 0.1244343891402715 0.11503067484662577
35 0.501131221719457 0.11809815950920245 0.18778280542986425 0.1687116564417178
35 0.48868778280542985 0.8788343558282209 0.16289592760180996 0.147239263803681
13 0.6628959276018099 0.36579754601226994 0.09502262443438914 0.06901840490797546
10 0.5180995475113123 0.718558282208589 0.12669683257918551 0.14570552147239263
18 0.4920814479638009 0.35429447852760737 0.0746606334841629 0.06134969325153374
20 0.6877828054298643 0.6211656441717791 0.13122171945701358 0.13190184049079753
7 0.8404977375565611 0.5774539877300614 0.05203619909502263 0.04141104294478527
14 0.5644796380090498 0.4432515337423313 0.05656108597285068 0.049079754601226995
23 0.5927601809954751 0.7116564417177914 0.12217194570135746 0.0950920245398773
9 0.2703619909502262 0.4516871165644172 0.07918552036199095 0.07208588957055215
16 0.05995475113122172 0.39800613496932513 0.10180995475113122 0.0598159509202454
28 0.7126696832579186 0.6940184049079755 0.058823529411764705 0.05061349693251534
33 0.21266968325791855 0.31058282208588955 0.03167420814479638 0.023006134969325152
