35 0.19683257918552036 0.7714723926380368 0.167420814479638 0.13190184049079753
35 0.7963800904977375 0.7714723926380368 0.167420814479638 0.13190184049079753
35 0.18665158371040724 0.21088957055214724 0.1244343891402715 0.11503067484662577
35 0.7861990950226244 0.21088957055214724 0.1244343891402715 0.11503067484662577
35 0.501131221719457 0.11809815950920245 0.18778280542986425 0.1687116564417178
35 0.48868778280542985 0.8788343558282209 0.16289592760180996 0.147239263803681
10 0.6606334841628959 0.7062883435582822 0.12669683257918551 0.14570552147239263
14 0.4683257918552036 0.6802147239263804 0.049773755656108594 0.04447852760736196
3 0.6776018099547512 0.5567484662576687 0.05203619909502263 0.06441717791411043
24 0.9524886877828054 0.4815950920245399 0.05429864253393665 0.09202453987730061
7 0.5984162895927602 0.36733128834355827 0.04751131221719457 0.04754601226993865
1 0.8257918552036199 0.47162576687116564 0.09049773755656108 0.06595092024539877
8 0.5757918552036199 0.5199386503067485 0.16968325791855204 0.1196319018404908
25 0.057692307692307696 0.2983128834355828 0.0746606334841629 0.029141104294478526
