35 0.19683257918552036 0.7714723926380368 0.167420814479638 0.13190184049079753
35 0.7963800904977375 0.7714723926380368 0.167420814479638 0.13190184049079753
35 0.18665158371040724 0.21088957055214724 0.1244343891402715 0.11503067484662577
35 0.7861990950226244 0.21088957055214724 0.1244343891402715 0.11503067484662577
35 0.501131221719457 0.11809815950920245 0.18778280542986425 0.1687116564417178
35 0.48868778280542985 0.8788343558282209 0.16289592760180996 0.147239263803681
4 0.49547511312217196 0.5283742331288344 0.12217194570135746 0.09969325153374232
9 0.06787330316742081 0.9555214723926381 0.11312217194570136 0.0736196319018405
5 0.6877828054298643 0.745398773006135 0.06787330316742081 0.049079754601226995
23 0.6447963800904978 0.5598159509202454 0.12217194570135746 0.0950920245398773
3 0.1753393665158371 0.48236196319018404 0.05203619909502263 0.0843558282208589
16 0.08710407239819004 0.7998466257668712 0.09728506787330317 0.06901840490797546
2 0.4264705882352941 0.5460122699386503 0.0746606334841629 0.08895705521472393
31 0.18438914027149322 0.19248466257668712 0.06561085972850679 0.02607361963190184
25 0.8721719457013575 0.963957055214724 0.0746606334841629 0.029141104294478526
26 0.8167420814479638 0.7216257668711656 0.13122171945701358 0.09662576687116564
