35 0.19683257918552036 0.7714723926380368 0.167420814479638 0.13190184049079753
35 0.7963800904977375 0.7714723926380368 0.167420814479638 0.13190184049079753
35 0.18665158371040724 0.21088957055214724 0.1244343891402715 0.11503067484662577
35 0.7861990950226244 0.21088957055214724 0.1244343891402715 0.11503067484662577
35 0.501131221719457 0.11809815950920245 0.18778280542986425 0.1687116564417178
35 0.48868778280542985 0.8788343558282209 0.16289592760180996 0.147239263803681
2 0.7352941176470589 0.4647239263803681 0.07692307692307693 0.0950920245398773
22 0.3766968325791855 0.6211656441717791 0.1425339366515837 0.07975460122699386
8 0.09389140271493213 0.49693251533742333 0.16968325791855204 0.1196319018404908
4 0.07352941176470588 0.057515337423312884 0.11990950226244344 0.09662576687116564
15 0.8800904977375565 0.620398773006135 0.07239819004524888 0.04754601226993865
18 0.831447963800905 0.5230061349693251 0.0746606334841629 0.06134969325153374
1 0.8846153846153846 0.5943251533742331 0.07692307692307693 0.0598159509202454
6 0.4298642533936652 0.6380368098159509 0.17647058823529413 0.11042944785276074
10 0.5859728506787331 0.42254601226993865 0.12669683257918551 0.14570552147239263
21 0.918552036199095 0.5130368098159509 0.04524886877828054 0.03834355828220859
27 0.8800904977375565 0.5437116564417178 0.09954751131221719 0.06595092024539877
