35 0.19683257918552036 0.7714723926380368 0.167420814479638 0.13190184049079753
35 0.7963800904977375 0.7714723926380368 0.167420814479638 0.13190184049079753
35 0.18665158371040724 0.21088957055214724 0.1244343891402715 0.11503067484662577
35 0.7861990950226244 0.21088957055214724 0.1244343891402715 0.11503067484662577
35 0.501131221719457 0.11809815950920245 0.18778280542986425 0.1687116564417178
35 0.48868778280542985 0.8788343558282209 0.16289592760180996 0.147239263803681
6 0.5090497737556561 0.2607361963190184 0.16289592760180996 0.10122699386503067
0 0.7737556561085973 0.6434049079754601 0.058823529411764705 0.05674846625766871
9 0.06447963800904978 0.8473926380368099 0.11085972850678733 0.07515337423312883
19 0.7941176470588235 0.44631901840490795 0.058823529411764705 0.05521472392638037
15 0.4841628959276018 0.6932515337423313 0.08597285067873303 0.049079754601226995
22 0.14705882352941177 0.651840490797546 0.1493212669683258 0.08895705521472393
24 0.05429864253393665 0.6365030674846626 0.05429864253393665 0.09202453987730061
17 0.3891402714932127 0.5682515337423313 0.10407239819004525 0.09049079754601227
7 0.6097285067873304 0.325920245398773 0.05203619909502263 0.04141104294478527
13 0.7070135746606335 0.6817484662576687 0.09728506787330317 0.07208588957055215
33 0.38687782805429866 0.2062883435582822 0.03167420814479638 0.023006134969325152
25 0.6493212669683258 0.1441717791411043 0.03167420814479638 0.03067484662576687
26 0.6097285067873304 0.5774539877300614 0.1425339366515837 0.07208588957055215
