35 0.19683257918552036 0.7714723926380368 0.167420814479638 0.13190184049079753
35 0.7963800904977375 0.7714723926380368 0.167420814479638 0.13190184049079753
35 0.18665158371040724 0.21088957055214724 0.1244343891402715 0.11503067484662577
35 0.7861990950226244 0.21088957055214724 0.1244343891402715 0.11503067484662577
35 0.501131221719457 0.11809815950920245 0.18778280542986425 0.1687116564417178
35 0.48868778280542985 0.8788343558282209 0.16289592760180996 0.147239263803681
16 0.08257918552036199 0.727760736196319 0.09728506787330317 0.06901840490797546
5 0.6979638009049773 0.4432515337423313 0.0746606334841629 0.03680981595092025
1 0.6040723981900452 0.6618098159509203 0.09049773755656108 0.06595092024539877
14 0.8359728506787331 0.6679447852760736 0.038461538461538464 0.029141104294478526
0 0.08484162895927602 0.40950920245398775 0.06108597285067873 0.05214723926380368
3 0.03167420814479638 0.9217791411042945 0.058823529411764705 0.06134969325153374
18 0.6085972850678733 0.32515337423312884 0.04072398190045249 0.05828220858895705
6 0.5203619909502263 0.3604294478527607 0.17647058823529413 0.11042944785276074
2 0.497737556561086 0.5260736196319018 0.07692307692307693 0.0950920245398773
7 0.5622171945701357 0.6311349693251533 0.05203619909502263 0.04141104294478527
34 0.48981900452488686 0.6088957055214724 0.06561085972850679 0.024539877300613498
