35 0.19683257918552036 0.7714723926380368 0.167420814479638 0.13190184049079753
35 0.7963800904977375 0.7714723926380368 0.167420814479638 0.13190184049079753
35 0.18665158371040724 0.21088957055214724 0.1244343891402715 0.11503067484662577
35 0.7861990950226244 0.21088957055214724 0.1244343891402715 0.11503067484662577
35 0.501131221719457 0.11809815950920245 0.18778280542986425 0.1687116564417178
35 0.48868778280542985 0.8788343558282209 0.16289592760180996 0.147239263803681
16 0.9355203619909502 0.61579754601227 0.083710407239819 0.05674846625766871
22 0.830316742081448 0.5874233128834356 0.1493212669683258 0.08895705521472393
2 0.06561085972850679 0.8297546012269938 0.07692307692307693 0.0950920245398773
15 0.26018099547511314 0.06671779141104295 0.08144796380090498 0.0598159509202454
14 0.8608597285067874 0.6809815950920245 0.05656108597285068 0.049079754601226995
6 0.13687782805429866 0.5015337423312883 0.11085972850678733 0.11042944785276074
13 0.6063348416289592 0.5621165644171779 0.09502262443438914 0.06901840490797546
1 0.6402714932126696 0.5483128834355828 0.09049773755656108 0.06595092024539877
8 0.4332579185520362 0.5782208588957055 0.16968325791855204 0.1196319018404908
10 0.17873303167420815 0.5835889570552147 0.12669683257918551 0.14570552147239263
30 0.49434389140271495 0.2607361963190184 0.1244343891402715 0.024539877300613498
