35 0.19683257918552036 0.7714723926380368 0.167420814479638 0.13190184049079753
35 0.7963800904977375 0.7714723926380368 0.167420814479638 0.13190184049079753
35 0.18665158371040724 0.21088957055214724 0.1244343891402715 0.11503067484662577
35 0.7861990950226244 0.21088957055214724 0.1244343891402715 0.11503067484662577
35 0.501131221719457 0.11809815950920245 0.18778280542986425 0.1687116564417178
35 0.48868778280542985 0.8788343558282209 0.16289592760180996 0.147239263803681
6 0.25904977375565613 0.5812883435582822 0.11085972850678733 0.11042944785276074
21 0.2828054298642534 0.09125766871165644 0.04524886877828054 0.03834355828220859
7 0.12782805429864252 0.09125766871165644 0.04751131221719457 0.04754601226993865
5 0.2330316742081448 0.651840490797546 0.06787330316742081 0.049079754601226995
0 0.06108597285067873 0.906441717791411 0.07692307692307693 0.046012269938650305
30 0.6979638009049773 0.06748466257668712 0.1244343891402715 0.024539877300613498
