35 0.19683257918552036 0.7714723926380368 0.167420814479638 0.13190184049079753
35 0.7963800904977375 0.7714723926380368 0.167420814479638 0.13190184049079753
35 0.18665158371040724 0.21088957055214724 0.1244343891402715 0.11503067484662577
35 0.7861990950226244 0.21088957055214724 0.1244343891402715 0.11503067484662577
35 0.501131221719457 0.11809815950920245 0.18778280542986425 0.1687116564417178
35 0.48868778280542985 0.8788343558282209 0.16289592760180996 0.147239263803681
18 0.503393665158371 0.23236196319018404 0.042986425339366516 0.05674846625766871
17 0.497737556561086 0.6756134969325154 0.10407239819004525 0.09049079754601227
14 0.053167420814479636 0.9087423312883436 0.038461538461538464 0.029141104294478526
1 0.5429864253393665 0.3857361963190184 0.09049773755656108 0.06595092024539877
19 0.6414027149321267 0.6096625766871165 0.04751131221719457 0.05368098159509203
4 0.3235294117647059 0.566717791411043 0.12217194570135746 0.09969325153374232
21 0.5271493212669683 0.330521472392638 0.04524886877828054 0.03834355828220859
16 0.752262443438914 0.674079754601227 0.083710407239819 0.05674846625766871
15 0.15384615384615385 0.6042944785276073 0.08144796380090498 0.046012269938650305
