35 0.19683257918552036 0.7714723926380368 0.167420814479638 0.13190184049079753
35 0.7963800904977375 0.7714723926380368 0.167420814479638 0.13190184049079753
35 0.18665158371040724 0.21088957055214724 0.1244343891402715 0.11503067484662577
35 0.7861990950226244 0.21088957055214724 0.1244343891402715 0.11503067484662577
35 0.501131221719457 0.11809815950920245 0.18778280542986425 0.1687116564417178
35 0.48868778280542985 0.8788343558282209 0.16289592760180996 0.147239263803681
16 0.33144796380090497 0.07285276073619631 0.09728506787330317 0.06901840490797546
21 0.5995475113122172 0.23696319018404907 0.04524886877828054 0.03834355828220859
0 0.9660633484162896 0.4470858895705521 0.058823529411764705 0.05674846625766871
22 0.1414027149321267 0.16411042944785276 0.1425339366515837 0.07975460122699386
1 0.6244343891402715 0.4639570552147239 0.09049773755656108 0.06595092024539877
3 0.0746606334841629 0.5214723926380368 0.049773755656108594 0.05521472392638037
33 0.8733031674208145 0.3412576687116564 0.03167420814479638 0.023006134969325152
28 0.6776018099547512 0.5483128834355828 0.06108597285067873 0.05368098159509203
30 0.27941176470588236 0.6441717791411042 0.1244343891402715 0.024539877300613498
27 0.7669683257918553 0.1388036809815951 0.10407239819004525 0.07208588957055215
