35 0.19683257918552036 0.7714723926380368 0.167420814479638 0.13190184049079753
35 0.7963800904977375 0.7714723926380368 0.167420814479638 0.13190184049079753
35 0.18665158371040724 0.21088957055214724 0.1244343891402715 0.11503067484662577
35 0.7861990950226244 0.21088957055214724 0.1244343891402715 0.11503067484662577
35 0.501131221719457 0.11809815950920245 0.18778280542986425 0.1687116564417178
35 0.48868778280542985 0.8788343558282209 0.16289592760180996 0.147239263803681
13 0.9276018099547512 0.5805214723926381 0.09502262443438914 0.06901840490797546
24 0.43891402714932126 0.49923312883435583 0.09502262443438914 0.0598159509202454
0 0.6957013574660633 0.48006134969325154 0.05656108597285068 0.05828220858895705
15 0.9004524886877828 0.5099693251533742 0.07239819004524888 0.04754601226993865
22 0.6029411764705882 0.6273006134969326 0.1425339366515837 0.07975460122699386
2 0.49095022624434387 0.2607361963190184 0.07692307692307693 0.0950920245398773
9 0.4751131221719457 0.375 0.10407239819004525 0.07515337423312883
16 0.584841628959276 0.7124233128834356 0.10180995475113122 0.0598159509202454
29 0.7748868778280543 0.17254601226993865 0.10180995475113122 0.05368098159509203
28 0.3495475113122172 0.8773006134969326 0.07013574660633484 0.05521472392638037
27 0.2828054298642534 0.3113496932515337 0.10407239819004525 0.0705521472392638
31 0.6368778280542986 0.17101226993865032 0.06561085972850679 0.02607361963190184
