35 0.19683257918552036 0.7714723926380368 0.167420814479638 0.13190184049079753
35 0.7963800904977375 0.7714723926380368 0.167420814479638 0.13190184049079753
35 0.18665158371040724 0.21088957055214724 0.1244343891402715 0.11503067484662577
35 0.7861990950226244 0.21088957055214724 0.1244343891402715 0.11503067484662577
35 0.501131221719457 0.11809815950920245 0.18778280542986425 0.1687116564417178
35 0.48868778280542985 0.8788343558282209 0.16289592760180996 0.147239263803681
16 0.5079185520361991 0.42868098159509205 0.083710407239819 0.05674846625766871
23 0.5542986425339367 0.6380368098159509 0.12217194570135746 0.0950920245398773
33 0.7013574660633484 0.4946319018404908 0.03167420814479638 0.023006134969325152
30 0.4490950226244344 0.24386503067484663 0.1244343891402715 0.024539877300613498
