35 0.19683257918552036 0.7714723926380368 0.167420814479638 0.13190184049079753
35 0.7963800904977375 0.7714723926380368 0.167420814479638 0.13190184049079753
35 0.18665158371040724 0.21088957055214724 0.1244343891402715 0.11503067484662577
35 0.7861990950226244 0.21088957055214724 0.1244343891402715 0.11503067484662577
35 0.501131221719457 0.11809815950920245 0.18778280542986425 0.1687116564417178
35 0.48868778280542985 0.8788343558282209 0.16289592760180996 0.147239263803681
11 0.7624434389140271 0.5513803680981595 0.06787330316742081 0.07822085889570553
0 0.07239819004524888 0.7845092024539877 0.058823529411764705 0.05674846625766871
20 0.5180995475113123 0.49233128834355827 0.13122171945701358 0.13190184049079753
26 0.07239819004524888 0.7661042944785276 0.13122171945701358 0.09662576687116564
33 0.07918552036199095 0.023773006134969327 0.03167420814479638 0.023006134969325152
30 0.2228506787330317 0.200920245398773 0.1244343891402715 0.024539877300613498
28 0.3744343891402715 0.04141104294478527 0.07013574660633484 0.05521472392638037
