35 0.19683257918552036 0.7714723926380368 0.167420814479638 0.13190184049079753
35 0.7963800904977375 0.7714723926380368 0.167420814479638 0.13190184049079753
35 0.18665158371040724 0.21088957055214724 0.1244343891402715 0.11503067484662577
35 0.7861990950226244 0.21088957055214724 0.1244343891402715 0.11503067484662577
35 0.501131221719457 0.11809815950920245 0.18778280542986425 0.1687116564417178
35 0.48868778280542985 0.8788343558282209 0.16289592760180996 0.147239263803681
9 0.6866515837104072 0.5697852760736196 0.11085972850678733 0.07515337423312883
18 0.6425339366515838 0.5444785276073619 0.04072398190045249 0.05828220858895705
10 0.753393665158371 0.49309815950920244 0.12669683257918551 0.14570552147239263
22 0.13574660633484162 0.6733128834355828 0.1493212669683258 0.08895705521472393
3 0.8201357466063348 0.4700920245398773 0.06561085972850679 0.05674846625766871
24 0.4321266968325792 0.49309815950920244 0.09502262443438914 0.0598159509202454
32 0.5282805429864253 0.6280674846625767 0.1244343891402715 0.023006134969325152
27 0.5158371040723982 0.24386503067484663 0.10407239819004525 0.0705521472392638
26 0.42194570135746606 0.8397239263803681 0.1425339366515837 0.07208588957055215
33 0.11538461538461539 0.683282208588957 0.03167420814479638 0.023006134969325152
