35 0.19683257918552036 0.7714723926380368 0.167420814479638 0.13190184049079753
35 0.7963800904977375 0.7714723926380368 0.167420814479638 0.13190184049079753
35 0.18665158371040724 0.21088957055214724 0.1244343891402715 0.11503067484662577
35 0.7861990950226244 0.21088957055214724 0.1244343891402715 0.11503067484662577
35 0.501131221719457 0.11809815950920245 0.18778280542986425 0.1687116564417178
35 0.48868778280542985 0.8788343558282209 0.16289592760180996 0.147239263803681
22 0.21832579185520362 0.620398773006135 0.1334841628959276 0.10276073619631902
5 0.7986425339366516 0.6319018404907976 0.06787330316742081 0.049079754601226995
1 0.4796380090497738 0.7262269938650306 0.07692307692307693 0.0598159509202454
1 0.9298642533936652 0.6756134969325154 0.09049773755656108 0.06595092024539877
22 0.6368778280542986 0.2392638036809816 0.1425339366515837 0.07975460122699386
14 0.6628959276018099 0.6901840490797546 0.03167420814479638 0.03067484662576687
5 0.23868778280542988 0.6579754601226994 0.0746606334841629 0.03680981595092025
29 0.22058823529411764 0.3389570552147239 0.083710407239819 0.08895705521472393
31 0.4264705882352941 0.7906441717791411 0.06561085972850679 0.02607361963190184
30 0.7613122171945701 0.16717791411042945 0.1244343891402715 0.024539877300613498
34 0.3495475113122172 0.8450920245398773 0.06561085972850679 0.024539877300613498
