35 0.19683257918552036 0.7714723926380368 0.167420814479638 0.13190184049079753
35 0.7963800904977375 0.7714723926380368 0.167420814479638 0.13190184049079753
35 0.18665158371040724 0.21088957055214724 0.1244343891402715 0.11503067484662577
35 0.7861990950226244 0.21088957055214724 0.1244343891402715 0.11503067484662577
35 0.501131221719457 0.11809815950920245 0.18778280542986425 0.1687116564417178
35 0.48868778280542985 0.8788343558282209 0.16289592760180996 0.147239263803681
15 0.4660633484162896 0.7661042944785276 0.08144796380090498 0.0598159509202454
20 0.667420814479638 0.6349693251533742 0.13122171945701358 0.13190184049079753
6 0.8789592760180995 0.5628834355828221 0.11085972850678733 0.11042944785276074
24 0.6402714932126696 0.4187116564417178 0.05429864253393665 0.09202453987730061
18 0.6278280542986425 0.42254601226993865 0.042986425339366516 0.05674846625766871
28 0.8563348416289592 0.3688650306748466 0.06108597285067873 0.05368098159509203
32 0.1346153846153846 0.9041411042944786 0.1244343891402715 0.023006134969325152
33 0.8574660633484162 0.276840490797546 0.03167420814479638 0.023006134969325152
