35 0.19683257918552036 0.7714723926380368 0.167420814479638 0.13190184049079753
35 0.7963800904977375 0.7714723926380368 0.167420814479638 0.13190184049079753
35 0.18665158371040724 0.21088957055214724 0.1244343891402715 0.11503067484662577
35 0.7861990950226244 0.21088957055214724 0.1244343891402715 0.11503067484662577
35 0.501131221719457 0.11809815950920245 0.18778280542986425 0.1687116564417178
35 0.48868778280542985 0.8788343558282209 0.16289592760180996 0.147239263803681
1 0.41402714932126694 0.6587423312883436 0.07692307692307693 0.0598159509202454
17 0.7624434389140271 0.625 0.10407239819004525 0.09049079754601227
8 0.8868778280542986 0.5989263803680982 0.167420814479638 0.11809815950920245
12 0.6595022624434389 0.5076687116564417 0.083710407239819 0.06748466257668712
6 0.917420814479638 0.6349693251533742 0.11085972850678733 0.11042944785276074
13 0.3721719457013575 0.6802147239263804 0.09728506787330317 0.07208588957055215
32 0.35180995475113125 0.2937116564417178 0.1244343891402715 0.023006134969325152
31 0.9038461538461539 0.31058282208588955 0.06561085972850679 0.02607361963190184
34 0.06221719457013575 0.22392638036809817 0.06561085972850679 0.024539877300613498
