35 0.19683257918552036 0.7714723926380368 0.167420814479638 0.13190184049079753
35 0.7963800904977375 0.7714723926380368 0.167420814479638 0.13190184049079753
35 0.18665158371040724 0.21088957055214724 0.1244343891402715 0.11503067484662577
35 0.7861990950226244 0.21088957055214724 0.1244343891402715 0.11503067484662577
35 0.501131221719457 0.11809815950920245 0.18778280542986425 0.1687116564417178
35 0.48868778280542985 0.8788343558282209 0.16289592760180996 0.147239263803681
14 0.9276018099547512 0.6127300613496932 0.049773755656108594 0.04447852760736196
23 0.4660633484162896 0.6242331288343558 0.12217194570135746 0.0950920245398773
16 0.7703619909502263 0.5207055214723927 0.083710407239819 0.05674846625766871
17 0.7352941176470589 0.6188650306748467 0.10407239819004525 0.09049079754601227
9 0.6108597285067874 0.6756134969325154 0.10407239819004525 0.07515337423312883
4 0.4490950226244344 0.5705521472392638 0.11085972850678733 0.08895705521472393
29 0.5871040723981901 0.9486196319018405 0.10180995475113122 0.05368098159509203
27 0.11990950226244344 0.7822085889570553 0.10407239819004525 0.0705521472392638
28 0.21153846153846154 0.2085889570552147 0.07013574660633484 0.05521472392638037
33 0.29638009049773756 0.963957055214724 0.03167420814479638 0.023006134969325152
