35 0.19683257918552036 0.7714723926380368 0.167420814479638 0.13190184049079753
35 0.7963800904977375 0.7714723926380368 0.167420814479638 0.13190184049079753
35 0.18665158371040724 0.21088957055214724 0.1244343891402715 0.11503067484662577
35 0.7861990950226244 0.21088957055214724 0.1244343891402715 0.11503067484662577
35 0.501131221719457 0.11809815950920245 0.18778280542986425 0.1687116564417178
35 0.48868778280542985 0.8788343558282209 0.16289592760180996 0.147239263803681
13 0.8178733031674208 0.4946319018404908 0.09728506787330317 0.07208588957055215
7 0.25904977375565613 0.6188650306748467 0.05203619909502263 0.04141104294478527
24 0.1244343891402715 0.06978527607361963 0.09502262443438914 0.0598159509202454
19 0.334841628959276 0.6748466257668712 0.058823529411764705 0.05521472392638037
3 0.2816742081447964 0.4516871165644172 0.06561085972850679 0.05674846625766871
12 0.08710407239819004 0.9187116564417178 0.083710407239819 0.06748466257668712
11 0.6447963800904978 0.6480061349693251 0.08144796380090498 0.1058282208588957
8 0.7364253393665159 0.651840490797546 0.16968325791855204 0.1196319018404908
15 0.05542986425339366 0.28911042944785276 0.07013574660633484 0.04754601226993865
34 0.46945701357466063 0.34662576687116564 0.06561085972850679 0.024539877300613498
