35 0.19683257918552036 0.7714723926380368 0.167420814479638 0.13190184049079753
35 0.7963800904977375 0.7714723926380368 0.167420814479638 0.13190184049079753
35 0.18665158371040724 0.21088957055214724 0.1244343891402715 0.11503067484662577
35 0.7861990950226244 0.21088957055214724 0.1244343891402715 0.11503067484662577
35 0.501131221719457 0.11809815950920245 0.18778280542986425 0.1687116564417178
35 0.48868778280542985 0.8788343558282209 0.16289592760180996 0.147239263803681
16 0.8721719457013575 0.5728527607361963 0.10180995475113122 0.0598159509202454
8 0.916289592760181 0.17561349693251535 0.167420814479638 0.11809815950920245
2 0.19570135746606335 0.5030674846625767 0.0746606334841629 0.08895705521472393
12 0.28846153846153844 0.07208588957055215 0.083710407239819 0.06748466257668712
6 0.5644796380090498 0.7162576687116564 0.11085972850678733 0.11042944785276074
