35 0.19683257918552036 0.7714723926380368 0.167420814479638 0.13190184049079753
35 0.7963800904977375 0.7714723926380368 0.167420814479638 0.13190184049079753
35 0.18665158371040724 0.21088957055214724 0.1244343891402715 0.11503067484662577
35 0.7861990950226244 0.21088957055214724 0.1244343891402715 0.11503067484662577
35 0.501131221719457 0.11809815950920245 0.18778280542986425 0.1687116564417178
35 0.48868778280542985 0.8788343558282209 0.16289592760180996 0.147239263803681
15 0.30995475113122173 0.046012269938650305 0.08597285067873303 0.049079754601226995
20 0.7285067873303167 0.6487730061349694 0.13122171945701358 0.13190184049079753
7 0.505656108597285 0.6679447852760736 0.04751131221719457 0.04754601226993865
17 0.27149321266968324 0.10506134969325154 0.10407239819004525 0.09049079754601227
8 0.20927601809954752 0.17791411042944785 0.16968325791855204 0.1196319018404908
0 0.5497737556561086 0.7461656441717791 0.05429864253393665 0.05368098159509203
3 0.09615384615384616 0.41641104294478526 0.06561085972850679 0.05674846625766871
33 0.14027149321266968 0.2753067484662577 0.03167420814479638 0.023006134969325152
34 0.7160633484162896 0.6748466257668712 0.06561085972850679 0.024539877300613498
28 0.5972850678733032 0.07438650306748466 0.058823529411764705 0.05061349693251534
31 0.24773755656108598 0.678680981595092 0.06561085972850679 0.02607361963190184
