35 0.19683257918552036 0.7714723926380368 0.167420814479638 0.13190184049079753
35 0.7963800904977375 0.7714723926380368 0.167420814479638 0.13190184049079753
35 0.18665158371040724 0.21088957055214724 0.1244343891402715 0.11503067484662577
35 0.7861990950226244 0.21088957055214724 0.1244343891402715 0.11503067484662577
35 0.501131221719457 0.11809815950920245 0.18778280542986425 0.1687116564417178
35 0.48868778280542985 0.8788343558282209 0.16289592760180996 0.147239263803681
8 0.18891402714932126 0.06595092024539877 0.16968325791855204 0.1196319018404908
20 0.42081447963800905 0.598159509202454 0.13122171945701358 0.13190184049079753
22 0.5622171945701357 0.8205521472392638 0.1425339366515837 0.07975460122699386
21 0.8868778280542986 0.4915644171779141 0.04524886877828054 0.03834355828220859
12 0.8246606334841629 0.5153374233128835 0.083710407239819 0.06748466257668712
17 0.5588235294117647 0.5881901840490797 0.10407239819004525 0.09049079754601227
11 0.5633484162895928 0.276840490797546 0.08144796380090498 0.1058282208588957
27 0.34615384615384615 0.8765337423312883 0.10407239819004525 0.07208588957055215
28 0.47850678733031676 0.7170245398773006 0.06108597285067873 0.05368098159509203
25 0.10633484162895927 0.15874233128834356 0.08597285067873303 0.04447852760736196
26 0.9253393665158371 0.23696319018404907 0.13122171945701358 0.09662576687116564
