35 0.19683257918552036 0.7714723926380368 0.167420814479638 0.13190184049079753
35 0.7963800904977375 0.7714723926380368 0.167420814479638 0.13190184049079753
35 0.18665158371040724 0.21088957055214724 0.1244343891402715 0.11503067484662577
35 0.7861990950226244 0.21088957055214724 0.1244343891402715 0.11503067484662577
35 0.501131221719457 0.11809815950920245 0.18778280542986425 0.1687116564417178
35 0.48868778280542985 0.8788343558282209 0.16289592760180996 0.147239263803681
14 0.07918552036199095 0.35199386503067487 0.049773755656108594 0.04447852760736196
5 0.47171945701357465 0.5904907975460123 0.0746606334841629 0.03680981595092025
20 0.2579185520361991 0.5168711656441718 0.13122171945701358 0.13190184049079753
7 0.5124434389140271 0.42714723926380366 0.05203619909502263 0.04141104294478527
23 0.6628959276018099 0.28067484662576686 0.12217194570135746 0.0950920245398773
9 0.07805429864253394 0.040644171779141106 0.07918552036199095 0.07208588957055215
27 0.5475113122171946 0.18021472392638035 0.09954751131221719 0.06595092024539877
28 0.6538461538461539 0.6909509202453987 0.058823529411764705 0.05061349693251534
