35 0.19683257918552036 0.7714723926380368 0.167420814479638 0.13190184049079753
35 0.7963800904977375 0.7714723926380368 0.167420814479638 0.13190184049079753
35 0.18665158371040724 0.21088957055214724 0.1244343891402715 0.11503067484662577
35 0.7861990950226244 0.21088957055214724 0.1244343891402715 0.11503067484662577
35 0.501131221719457 0.11809815950920245 0.18778280542986425 0.1687116564417178
35 0.48868778280542985 0.8788343558282209 0.16289592760180996 0.147239263803681
15 0.6380090497737556 0.6894171779141104 0.06787330316742081 0.05061349693251534
4 0.4490950226244344 0.5375766871165644 0.11990950226244344 0.09355828220858896
8 0.5531674208144797 0.25920245398773006 0.16968325791855204 0.1196319018404908
24 0.6108597285067874 0.30828220858895705 0.06334841628959276 0.08588957055214724
21 0.42081447963800905 0.6403374233128835 0.04524886877828054 0.03834355828220859
10 0.3416289592760181 0.5912576687116564 0.12669683257918551 0.14570552147239263
14 0.02262443438914027 0.23006134969325154 0.04072398190045249 0.03067484662576687
31 0.4287330316742081 0.36579754601226994 0.06561085972850679 0.02607361963190184
28 0.6300904977375565 0.13266871165644173 0.06108597285067873 0.05368098159509203
29 0.11538461538461539 0.07131901840490798 0.1085972850678733 0.08128834355828221
32 0.17307692307692307 0.4378834355828221 0.1244343891402715 0.023006134969325152
