35 0.19683257918552036 0.7714723926380368 0.167420814479638 0.13190184049079753
35 0.7963800904977375 0.7714723926380368 0.167420814479638 0.13190184049079753
35 0.18665158371040724 0.21088957055214724 0.1244343891402715 0.11503067484662577
35 0.7861990950226244 0.21088957055214724 0.1244343891402715 0.11503067484662577
35 0.501131221719457 0.11809815950920245 0.18778280542986425 0.1687116564417178
35 0.48868778280542985 0.8788343558282209 0.16289592760180996 0.147239263803681
11 0.9049773755656109 0.4539877300613497 0.09502262443438914 0.07668711656441718
21 0.04072398190045249 0.5115030674846626 0.04524886877828054 0.03834355828220859
2 0.36199095022624433 0.6334355828220859 0.07692307692307693 0.0950920245398773
12 0.19796380090497737 0.6319018404907976 0.083710407239819 0.06748466257668712
9 0.6957013574660633 0.6357361963190185 0.07918552036199095 0.07208588957055215
14 0.1753393665158371 0.6909509202453987 0.04751131221719457 0.03834355828220859
3 0.06221719457013575 0.8803680981595092 0.05203619909502263 0.06134969325153374
20 0.08823529411764706 0.5414110429447853 0.13122171945701358 0.13190184049079753
1 0.6040723981900452 0.7154907975460123 0.09049773755656108 0.06595092024539877
5 0.45588235294117646 0.40644171779141103 0.0746606334841629 0.03680981595092025
34 0.4807692307692308 0.8788343558282209 0.06561085972850679 0.024539877300613498
