35 0.19683257918552036 0.7714723926380368 0.167420814479638 0.13190184049079753
35 0.7963800904977375 0.7714723926380368 0.167420814479638 0.13190184049079753
35 0.18665158371040724 0.21088957055214724 0.1244343891402715 0.11503067484662577
35 0.7861990950226244 0.21088957055214724 0.1244343891402715 0.11503067484662577
35 0.501131221719457 0.11809815950920245 0.18778280542986425 0.1687116564417178
35 0.48868778280542985 0.8788343558282209 0.16289592760180996 0.147239263803681
14 0.0757918552036199 0.772239263803681 0.04751131221719457 0.03834355828220859
9 0.3733031674208145 0.6625766871165644 0.11312217194570136 0.0736196319018405
17 0.47737556561085975 0.2937116564417178 0.10407239819004525 0.08742331288343558
13 0.49547511312217196 0.536042944785276 0.09502262443438914 0.06901840490797546
2 0.5871040723981901 0.24386503067484663 0.0746606334841629 0.08895705521472393
7 0.05090497737556561 0.23849693251533743 0.04751131221719457 0.04754601226993865
29 0.8857466063348416 0.48006134969325154 0.083710407239819 0.08895705521472393
30 0.8246606334841629 0.4447852760736196 0.1244343891402715 0.024539877300613498
33 0.30995475113122173 0.6618098159509203 0.03167420814479638 0.023006134969325152
