35 0.19683257918552036 0.7714723926380368 0.167420814479638 0.13190184049079753
35 0.7963800904977375 0.7714723926380368 0.167420814479638 0.13190184049079753
35 0.18665158371040724 0.21088957055214724 0.1244343891402715 0.11503067484662577
35 0.7861990950226244 0.21088957055214724 0.1244343891402715 0.11503067484662577
35 0.501131221719457 0.11809815950920245 0.18778280542986425 0.1687116564417178
35 0.48868778280542985 0.8788343558282209 0.16289592760180996 0.147239263803681
18 0.25339366515837103 0.5168711656441718 0.04072398190045249 0.05828220858895705
23 0.19457013574660634 0.08128834355828221 0.12217194570135746 0.0950920245398773
3 0.5463800904977375 0.25690184049079756 0.06561085972850679 0.05674846625766871
20 0.49547511312217196 0.4386503067484663 0.13122171945701358 0.13190184049079753
7 0.6074660633484162 0.6096625766871165 0.05203619909502263 0.04141104294478527
21 0.4298642533936652 0.571319018404908 0.04524886877828054 0.03834355828220859
10 0.8642533936651584 0.5989263803680982 0.12669683257918551 0.14570552147239263
14 0.06221719457013575 0.14570552147239263 0.05656108597285068 0.049079754601226995
13 0.057692307692307696 0.3397239263803681 0.09728506787330317 0.07208588957055215
32 0.8246606334841629 0.18941717791411042 0.1244343891402715 0.023006134969325152
