35 0.19683257918552036 0.7714723926380368 0.167420814479638 0.13190184049079753
35 0.7963800904977375 0.7714723926380368 0.167420814479638 0.13190184049079753
35 0.18665158371040724 0.21088957055214724 0.1244343891402715 0.11503067484662577
35 0.7861990950226244 0.21088957055214724 0.1244343891402715 0.11503067484662577
35 0.501131221719457 0.11809815950920245 0.18778280542986425 0.1687116564417178
35 0.48868778280542985 0.8788343558282209 0.16289592760180996 0.147239263803681
22 0.5576923076923077 0.6111963190184049 0.1334841628959276 0.10276073619631902
3 0.2579185520361991 0.03374233128834356 0.058823529411764705 0.06134969325153374
24 0.06561085972850679 0.8374233128834356 0.05429864253393665 0.09202453987730061
27 0.3552036199095023 0.32131901840490795 0.10407239819004525 0.07208588957055215
31 0.3608597285067873 0.5958588957055214 0.06561085972850679 0.02607361963190184
34 0.0757918552036199 0.7085889570552147 0.06561085972850679 0.024539877300613498
