35 0.19683257918552036 0.7714723926380368 0.167420814479638 0.13190184049079753
35 0.7963800904977375 0.7714723926380368 0.167420814479638 0.13190184049079753
35 0.18665158371040724 0.21088957055214724 0.1244343891402715 0.11503067484662577
35 0.7861990950226244 0.21088957055214724 0.1244343891402715 0.11503067484662577
35 0.501131221719457 0.11809815950920245 0.18778280542986425 0.1687116564417178
35 0.48868778280542985 0.8788343558282209 0.16289592760180996 0.147239263803681
20 0.751131221719457 0.6165644171779141 0.13122171945701358 0.13190184049079753
17 0.7081447963800905 0.674079754601227 0.10407239819004525 0.08742331288343558
5 0.25339366515837103 0.6334355828220859 0.06787330316742081 0.049079754601226995
2 0.669683257918552 0.3374233128834356 0.07692307692307693 0.0950920245398773
22 0.417420814479638 0.566717791411043 0.1334841628959276 0.10276073619631902
7 0.7047511312217195 0.4409509202453988 0.04751131221719457 0.04754601226993865
11 0.9004524886877828 0.6395705521472392 0.09502262443438914 0.07668711656441718
19 0.21040723981900453 0.10122699386503067 0.058823529411764705 0.05521472392638037
17 0.5882352941176471 0.7200920245398773 0.10407239819004525 0.08742331288343558
23 0.09954751131221719 0.5383435582822086 0.12217194570135746 0.0950920245398773
25 0.25678733031674206 0.799079754601227 0.07918552036199095 0.03374233128834356
