35 0.19683257918552036 0.7714723926380368 0.167420814479638 0.13190184049079753
35 0.7963800904977375 0.7714723926380368 0.167420814479638 0.13190184049079753
35 0.18665158371040724 0.21088957055214724 0.1244343891402715 0.11503067484662577
35 0.7861990950226244 0.21088957055214724 0.1244343891402715 0.11503067484662577
35 0.501131221719457 0.11809815950920245 0.18778280542986425 0.1687116564417178
35 0.48868778280542985 0.8788343558282209 0.16289592760180996 0.147239263803681
14 0.6515837104072398 0.3289877300613497 0.05429864253393665 0.0352760736196319
11 0.5859728506787331 0.3351226993865031 0.08144796380090498 0.1058282208588957
4 0.8529411764705882 0.5835889570552147 0.12217194570135746 0.09969325153374232
19 0.6368778280542986 0.473159509202454 0.04751131221719457 0.05368098159509203
5 0.42194570135746606 0.6395705521472392 0.0746606334841629 0.03680981595092025
3 0.4309954751131222 0.6096625766871165 0.05203619909502263 0.05368098159509203
1 0.4298642533936652 0.4869631901840491 0.07692307692307693 0.0598159509202454
21 0.46153846153846156 0.5038343558282209 0.04524886877828054 0.03834355828220859
5 0.7024886877828054 0.5276073619631901 0.0746606334841629 0.03680981595092025
25 0.05542986425339366 0.2791411042944785 0.07918552036199095 0.03374233128834356
