35 0.19683257918552036 0.7714723926380368 0.167420814479638 0.13190184049079753
35 0.7963800904977375 0.7714723926380368 0.167420814479638 0.13190184049079753
35 0.18665158371040724 0.21088957055214724 0.1244343891402715 0.11503067484662577
35 0.7861990950226244 0.21088957055214724 0.1244343891402715 0.11503067484662577
35 0.501131221719457 0.11809815950920245 0.18778280542986425 0.1687116564417178
35 0.48868778280542985 0.8788343558282209 0.16289592760180996 0.147239263803681
20 0.8755656108597285 0.48773006134969327 0.13122171945701358 0.13190184049079753
21 0.1334841628959276 0.6372699386503068 0.04524886877828054 0.03834355828220859
2 0.04072398190045249 0.4647239263803681 0.07692307692307693 0.0950920245398773
14 0.6945701357466063 0.3941717791411043 0.04072398190045249 0.03067484662576687
33 0.8122171945701357 0.8335889570552147 0.03167420814479638 0.023006134969325152
