35 0.19683257918552036 0.7714723926380368 0.167420814479638 0.13190184049079753
35 0.7963800904977375 0.7714723926380368 0.167420814479638 0.13190184049079753
35 0.18665158371040724 0.21088957055214724 0.1244343891402715 0.11503067484662577
35 0.7861990950226244 0.21088957055214724 0.1244343891402715 0.11503067484662577
35 0.501131221719457 0.11809815950920245 0.18778280542986425 0.1687116564417178
35 0.48868778280542985 0.8788343558282209 0.16289592760180996 0.147239263803681
3 0.23868778280542988 0.49846625766871167 0.05203619909502263 0.06134969325153374
8 0.6131221719457014 0.7262269938650306 0.167420814479638 0.11809815950920245
12 0.669683257918552 0.48466257668711654 0.06787330316742081 0.049079754601226995
10 0.27601809954751133 0.5774539877300614 0.12669683257918551 0.14570552147239263
17 0.8823529411764706 0.5038343558282209 0.10407239819004525 0.09049079754601227
2 0.6832579185520362 0.5398773006134969 0.07692307692307693 0.0950920245398773
25 0.8710407239819005 0.522239263803681 0.08597285067873303 0.04447852760736196
27 0.8981900452488688 0.5452453987730062 0.10407239819004525 0.07208588957055215
29 0.47398190045248867 0.4171779141104294 0.08823529411764706 0.06441717791411043
