35 0.19683257918552036 0.7714723926380368 0.167420814479638 0.13190184049079753
35 0.7963800904977375 0.7714723926380368 0.167420814479638 0.13190184049079753
35 0.18665158371040724 0.21088957055214724 0.1244343891402715 0.11503067484662577
35 0.7861990950226244 0.21088957055214724 0.1244343891402715 0.11503067484662577
35 0.501131221719457 0.11809815950920245 0.18778280542986425 0.1687116564417178
35 0.48868778280542985 0.8788343558282209 0.16289592760180996 0.147239263803681
6 0.8834841628959276 0.6503067484662577 0.11085972850678733 0.11042944785276074
12 0.36764705882352944 0.6671779141104295 0.083710407239819 0.06748466257668712
22 0.7341628959276018 0.6457055214723927 0.1425339366515837 0.07975460122699386
28 0.8902714932126696 0.7868098159509203 0.07013574660633484 0.05521472392638037
