35 0.19683257918552036 0.7714723926380368 0.167420814479638 0.13190184049079753
35 0.7963800904977375 0.7714723926380368 0.167420814479638 0.13190184049079753
35 0.18665158371040724 0.21088957055214724 0.1244343891402715 0.11503067484662577
35 0.7861990950226244 0.21088957055214724 0.1244343891402715 0.11503067484662577
35 0.501131221719457 0.11809815950920245 0.18778280542986425 0.1687116564417178
35 0.48868778280542985 0.8788343558282209 0.16289592760180996 0.147239263803681
22 0.1583710407239819 0.05061349693251534 0.1493212669683258 0.08895705521472393
11 0.04072398190045249 0.12960122699386503 0.08144796380090498 0.1058282208588957
1 0.23755656108597284 0.5575153374233128 0.09049773755656108 0.06595092024539877
16 0.7138009049773756 0.6633435582822086 0.10180995475113122 0.0598159509202454
14 0.5361990950226244 0.21625766871165644 0.03167420814479638 0.03067484662576687
25 0.1074660633484163 0.15567484662576686 0.0746606334841629 0.029141104294478526
32 0.6549773755656109 0.10659509202453987 0.1244343891402715 0.023006134969325152
26 0.5622171945701357 0.4838957055214724 0.1425339366515837 0.07208588957055215
