35 0.19683257918552036 0.7714723926380368 0.167420814479638 0.13190184049079753
35 0.7963800904977375 0.7714723926380368 0.167420814479638 0.13190184049079753
35 0.18665158371040724 0.21088957055214724 0.1244343891402715 0.11503067484662577
35 0.7861990950226244 0.21088957055214724 0.1244343891402715 0.11503067484662577
35 0.501131221719457 0.11809815950920245 0.18778280542986425 0.1687116564417178
35 0.48868778280542985 0.8788343558282209 0.16289592760180996 0.147239263803681
23 0.31221719457013575 0.5168711656441718 0.12217194570135746 0.0950920245398773
4 0.09615384615384616 0.08128834355828221 0.11085972850678733 0.08895705521472393
16 0.06221719457013575 0.18634969325153375 0.10180995475113122 0.0598159509202454
8 0.47285067873303166 0.5958588957055214 0.167420814479638 0.11809815950920245
10 0.6244343891402715 0.3243865030674847 0.12669683257918551 0.14570552147239263
27 0.3076923076923077 0.9363496932515337 0.09954751131221719 0.06595092024539877
31 0.9106334841628959 0.9102760736196319 0.06561085972850679 0.02607361963190184
34 0.7296380090497737 0.5306748466257669 0.06561085972850679 0.024539877300613498
