35 0.19683257918552036 0.7714723926380368 0.167420814479638 0.13190184049079753
35 0.7963800904977375 0.7714723926380368 0.167420814479638 0.13190184049079753
35 0.18665158371040724 0.21088957055214724 0.1244343891402715 0.11503067484662577
35 0.7861990950226244 0.21088957055214724 0.1244343891402715 0.11503067484662577
35 0.501131221719457 0.11809815950920245 0.18778280542986425 0.1687116564417178
35 0.48868778280542985 0.8788343558282209 0.16289592760180996 0.147239263803681
18 0.09389140271493213 0.34662576687116564 0.05203619909502263 0.06134969325153374
19 0.6040723981900452 0.24846625766871167 0.058823529411764705 0.05521472392638037
4 0.7375565610859729 0.6081288343558282 0.12217194570135746 0.09969325153374232
9 0.5961538461538461 0.7131901840490797 0.10180995475113122 0.11042944785276074
29 0.8427601809954751 0.38496932515337423 0.083710407239819 0.08895705521472393
32 0.36990950226244346 0.7661042944785276 0.1244343891402715 0.023006134969325152
