35 0.19683257918552036 0.7714723926380368 0.167420814479638 0.13190184049079753
35 0.7963800904977375 0.7714723926380368 0.167420814479638 0.13190184049079753
35 0.18665158371040724 0.21088957055214724 0.1244343891402715 0.11503067484662577
35 0.7861990950226244 0.21088957055214724 0.1244343891402715 0.11503067484662577
35 0.501131221719457 0.11809815950920245 0.18778280542986425 0.1687116564417178
35 0.48868778280542985 0.8788343558282209 0.16289592760180996 0.147239263803681
11 0.4683257918552036 0.2921779141104294 0.06787330316742081 0.07822085889570553
13 0.5565610859728507 0.5023006134969326 0.09502262443438914 0.06901840490797546
5 0.4638009049773756 0.549079754601227 0.06787330316742081 0.049079754601226995
0 0.7432126696832579 0.5061349693251533 0.05656108597285068 0.05828220858895705
31 0.20701357466063347 0.1464723926380368 0.06561085972850679 0.02607361963190184
34 0.15723981900452488 0.745398773006135 0.06561085972850679 0.024539877300613498
34 0.16402714932126697 0.9095092024539877 0.06561085972850679 0.024539877300613498
26 0.43665158371040724 0.6096625766871165 0.13122171945701358 0.09662576687116564
