35 0.19683257918552036 0.7714723926380368 0.167420814479638 0.13190184049079753
35 0.7963800904977375 0.7714723926380368 0.167420814479638 0.13190184049079753
35 0.18665158371040724 0.21088957055214724 0.1244343891402715 0.11503067484662577
35 0.7861990950226244 0.21088957055214724 0.1244343891402715 0.11503067484662577
35 0.501131221719457 0.11809815950920245 0.18778280542986425 0.1687116564417178
35 0.48868778280542985 0.8788343558282209 0.16289592760180996 0.147239263803681
7 0.5622171945701357 0.7308282208588958 0.05203619909502263 0.04141104294478527
18 0.3947963800904977 0.531441717791411 0.042986425339366516 0.05674846625766871
9 0.7409502262443439 0.5023006134969326 0.11085972850678733 0.07515337423312883
19 0.7217194570135747 0.5383435582822086 0.058823529411764705 0.05521472392638037
21 0.04751131221719457 0.7200920245398773 0.04524886877828054 0.03834355828220859
22 0.1832579185520362 0.49846625766871167 0.1493212669683258 0.08895705521472393
