35 0.19683257918552036 0.7714723926380368 0.167420814479638 0.13190184049079753
35 0.7963800904977375 0.7714723926380368 0.167420814479638 0.13190184049079753
35 0.18665158371040724 0.21088957055214724 0.1244343891402715 0.11503067484662577
35 0.7861990950226244 0.21088957055214724 0.1244343891402715 0.11503067484662577
35 0.501131221719457 0.11809815950920245 0.18778280542986425 0.1687116564417178
35 0.48868778280542985 0.8788343558282209 0.16289592760180996 0.147239263803681
6 0.416289592760181 0.4662576687116564 0.13574660633484162 0.10429447852760736
7 0.4106334841628959 0.5973926380368099 0.04751131221719457 0.04754601226993865
21 0.5746606334841629 0.3197852760736196 0.04524886877828054 0.03834355828220859
19 0.5237556561085973 0.6556748466257669 0.04751131221719457 0.05368098159509203
16 0.4242081447963801 0.5621165644171779 0.09728506787330317 0.06901840490797546
22 0.24321266968325791 0.6134969325153374 0.1425339366515837 0.07975460122699386
30 0.8359728506787331 0.21932515337423314 0.1244343891402715 0.024539877300613498
29 0.9411764705882353 0.14340490797546013 0.1085972850678733 0.08128834355828221
