35 0.19683257918552036 0.7714723926380368 0.167420814479638 0.13190184049079753
35 0.7963800904977375 0.7714723926380368 0.167420814479638 0.13190184049079753
35 0.18665158371040724 0.21088957055214724 0.1244343891402715 0.11503067484662577
35 0.7861990950226244 0.21088957055214724 0.1244343891402715 0.11503067484662577
35 0.501131221719457 0.11809815950920245 0.18778280542986425 0.1687116564417178
35 0.48868778280542985 0.8788343558282209 0.16289592760180996 0.147239263803681
9 0.6334841628959276 0.553680981595092 0.11312217194570136 0.0736196319018405
22 0.3212669683257919 0.5475460122699386 0.1493212669683258 0.08895705521472393
2 0.4298642533936652 0.6641104294478528 0.07692307692307693 0.0950920245398773
15 0.49321266968325794 0.47699386503067487 0.08597285067873303 0.049079754601226995
16 0.7205882352941176 0.6694785276073619 0.09728506787330317 0.06901840490797546
21 0.30995475113122173 0.629601226993865 0.04524886877828054 0.03834355828220859
7 0.48868778280542985 0.2937116564417178 0.06334841628959276 0.05368098159509203
