35 0.19683257918552036 0.7714723926380368 0.167420814479638 0.13190184049079753
35 0.7963800904977375 0.7714723926380368 0.167420814479638 0.13190184049079753
35 0.18665158371040724 0.21088957055214724 0.1244343891402715 0.11503067484662577
35 0.7861990950226244 0.21088957055214724 0.1244343891402715 0.11503067484662577
35 0.501131221719457 0.11809815950920245 0.18778280542986425 0.1687116564417178
35 0.48868778280542985 0.8788343558282209 0.16289592760180996 0.147239263803681
4 0.39819004524886875 0.5253067484662577 0.12217194570135746 0.09969325153374232
0 0.5361990950226244 0.26763803680981596 0.049773755656108594 0.04754601226993865
10 0.4841628959276018 0.27223926380368096 0.12669683257918551 0.14570552147239263
3 0.834841628959276 0.5030674846625767 0.058823529411764705 0.06134969325153374
20 0.5316742081447964 0.5414110429447853 0.13122171945701358 0.13190184049079753
22 0.2081447963800905 0.5874233128834356 0.1493212669683258 0.08895705521472393
15 0.5079185520361991 0.6802147239263804 0.07013574660633484 0.04754601226993865
13 0.5079185520361991 0.5651840490797546 0.09728506787330317 0.07208588957055215
4 0.5373303167420814 0.2645705521472393 0.11990950226244344 0.09662576687116564
29 0.34841628959276016 0.5498466257668712 0.1085972850678733 0.08128834355828221
30 0.4309954751131222 0.6656441717791411 0.1244343891402715 0.024539877300613498
26 0.3054298642533937 0.4700920245398773 0.13122171945701358 0.09662576687116564
33 0.39592760180995473 0.2630368098159509 0.03167420814479638 0.023006134969325152
