35 0.19683257918552036 0.7714723926380368 0.167420814479638 0.13190184049079753
35 0.7963800904977375 0.7714723926380368 0.167420814479638 0.13190184049079753
35 0.18665158371040724 0.21088957055214724 0.1244343891402715 0.11503067484662577
35 0.7861990950226244 0.21088957055214724 0.1244343891402715 0.11503067484662577
35 0.501131221719457 0.11809815950920245 0.18778280542986425 0.1687116564417178
35 0.48868778280542985 0.8788343558282209 0.16289592760180996 0.147239263803681
24 0.9095022624434389 0.656441717791411 0.06334841628959276 0.08588957055214724
17 0.6402714932126696 0.5421779141104295 0.10407239819004525 0.09049079754601227
13 0.5305429864253394 0.5115030674846626 0.09728506787330317 0.07208588957055215
6 0.9049773755656109 0.6088957055214724 0.16289592760180996 0.10122699386503067
15 0.18552036199095023 0.6004601226993865 0.06787330316742081 0.05061349693251534
23 0.6628959276018099 0.6763803680981595 0.12217194570135746 0.0950920245398773
12 0.6052036199095022 0.348159509202454 0.083710407239819 0.06748466257668712
