35 0.19683257918552036 0.7714723926380368 0.167420814479638 0.13190184049079753
35 0.7963800904977375 0.7714723926380368 0.167420814479638 0.13190184049079753
35 0.18665158371040724 0.21088957055214724 0.1244343891402715 0.11503067484662577
35 0.7861990950226244 0.21088957055214724 0.1244343891402715 0.11503067484662577
35 0.501131221719457 0.11809815950920245 0.18778280542986425 0.1687116564417178
35 0.48868778280542985 0.8788343558282209 0.16289592760180996 0.147239263803681
18 0.3201357466063348 0.6725460122699386 0.042986425339366516 0.05674846625766871
17 0.05429864253393665 0.7047546012269938 0.10407239819004525 0.08742331288343558
11 0.12217194570135746 0.6602760736196319 0.06787330316742081 0.07822085889570553
8 0.6142533936651584 0.6779141104294478 0.16968325791855204 0.1196319018404908
14 0.502262443438914 0.4532208588957055 0.05429864253393665 0.0352760736196319
24 0.07013574660633484 0.5245398773006135 0.05429864253393665 0.09202453987730061
16 0.048642533936651584 0.39800613496932513 0.09728506787330317 0.06901840490797546
4 0.18665158371040724 0.5161042944785276 0.11990950226244344 0.09662576687116564
15 0.09049773755656108 0.7154907975460123 0.08144796380090498 0.0598159509202454
