35 0.19683257918552036 0.7714723926380368 0.167420814479638 0.13190184049079753
35 0.7963800904977375 0.7714723926380368 0.167420814479638 0.13190184049079753
35 0.18665158371040724 0.21088957055214724 0.1244343891402715 0.11503067484662577
35 0.7861990950226244 0.21088957055214724 0.1244343891402715 0.11503067484662577
35 0.501131221719457 0.11809815950920245 0.18778280542986425 0.1687116564417178
35 0.48868778280542985 0.8788343558282209 0.16289592760180996 0.147239263803681
16 0.0916289592760181 0.6418711656441718 0.083710407239819 0.05674846625766871
4 0.4751131221719457 0.6326687116564417 0.12217194570135746 0.09969325153374232
24 0.06334841628959276 0.8934049079754601 0.09502262443438914 0.0598159509202454
8 0.4819004524886878 0.6510736196319018 0.167420814479638 0.11809815950920245
28 0.9457013574660633 0.330521472392638 0.058823529411764705 0.05061349693251534
31 0.3744343891402715 0.4624233128834356 0.06561085972850679 0.02607361963190184
25 0.754524886877828 0.8266871165644172 0.07918552036199095 0.03374233128834356
30 0.10520361990950226 0.8757668711656442 0.1244343891402715 0.024539877300613498
