35 0.19683257918552036 0.7714723926380368 0.167420814479638 0.13190184049079753
35 0.7963800904977375 0.7714723926380368 0.167420814479638 0.13190184049079753
35 0.18665158371040724 0.21088957055214724 0.1244343891402715 0.11503067484662577
35 0.7861990950226244 0.21088957055214724 0.1244343891402715 0.11503067484662577
35 0.501131221719457 0.11809815950920245 0.18778280542986425 0.1687116564417178
35 0.48868778280542985 0.8788343558282209 0.16289592760180996 0.147239263803681
22 0.3156108597285068 0.09355828220858896 0.1425339366515837 0.07975460122699386
7 0.14592760180995476 0.6679447852760736 0.05203619909502263 0.04141104294478527
8 0.22737556561085973 0.5705521472392638 0.16968325791855204 0.1196319018404908
14 0.580316742081448 0.7507668711656442 0.04751131221719457 0.03834355828220859
1 0.2828054298642534 0.6679447852760736 0.09049773755656108 0.06595092024539877
28 0.38235294117647056 0.776840490797546 0.058823529411764705 0.05061349693251534
34 0.7680995475113123 0.75920245398773 0.06561085972850679 0.024539877300613498
28 0.5622171945701357 0.23466257668711657 0.07013574660633484 0.05521472392638037
