35 0.19683257918552036 0.7714723926380368 0.167420814479638 0.13190184049079753
35 0.7963800904977375 0.7714723926380368 0.167420814479638 0.13190184049079753
35 0.18665158371040724 0.21088957055214724 0.1244343891402715 0.11503067484662577
35 0.7861990950226244 0.21088957055214724 0.1244343891402715 0.11503067484662577
35 0.501131221719457 0.11809815950920245 0.18778280542986425 0.1687116564417178
35 0.48868778280542985 0.8788343558282209 0.16289592760180996 0.147239263803681
18 0.7013574660633484 0.2983128834355828 0.04524886877828054 0.05368098159509203
17 0.22850678733031674 0.10506134969325154 0.10407239819004525 0.08742331288343558
13 0.06334841628959276 0.6510736196319018 0.09502262443438914 0.06901840490797546
24 0.2669683257918552 0.6273006134969326 0.06334841628959276 0.08588957055214724
19 0.030542986425339366 0.22469325153374234 0.04751131221719457 0.05368098159509203
29 0.4626696832579186 0.786042944785276 0.10180995475113122 0.05368098159509203
