35 0.19683257918552036 0.7714723926380368 0.167420814479638 0.13190184049079753
35 0.7963800904977375 0.7714723926380368 0.167420814479638 0.13190184049079753
35 0.18665158371040724 0.21088957055214724 0.1244343891402715 0.11503067484662577
35 0.7861990950226244 0.21088957055214724 0.1244343891402715 0.11503067484662577
35 0.501131221719457 0.11809815950920245 0.18778280542986425 0.1687116564417178
35 0.48868778280542985 0.8788343558282209 0.16289592760180996 0.147239263803681
12 0.6447963800904978 0.3312883435582822 0.06787330316742081 0.049079754601226995
8 0.5282805429864253 0.3282208588957055 0.16968325791855204 0.1196319018404908
3 0.6515837104072398 0.401840490797546 0.058823529411764705 0.06134969325153374
10 0.8733031674208145 0.5697852760736196 0.12669683257918551 0.14570552147239263
2 0.05995475113122172 0.2668711656441718 0.0746606334841629 0.08895705521472393
24 0.36877828054298645 0.09969325153374232 0.06334841628959276 0.08588957055214724
4 0.08936651583710407 0.04677914110429448 0.11990950226244344 0.09355828220858896
11 0.5 0.46549079754601225 0.13574660633484162 0.07515337423312883
21 0.5248868778280543 0.6618098159509203 0.04524886877828054 0.03834355828220859
25 0.20248868778280543 0.6403374233128835 0.0746606334841629 0.029141104294478526
