35 0.19683257918552036 0.7714723926380368 0.167420814479638 0.13190184049079753
35 0.7963800904977375 0.7714723926380368 0.167420814479638 0.13190184049079753
35 0.18665158371040724 0.21088957055214724 0.1244343891402715 0.11503067484662577
35 0.7861990950226244 0.21088957055214724 0.1244343891402715 0.11503067484662577
35 0.501131221719457 0.11809815950920245 0.18778280542986425 0.1687116564417178
35 0.48868778280542985 0.8788343558282209 0.16289592760180996 0.147239263803681
13 0.6595022624434389 0.4532208588957055 0.09728506787330317 0.07208588957055215
19 0.08144796380090498 0.26380368098159507 0.058823529411764705 0.05521472392638037
9 0.7692307692307693 0.5130368098159509 0.10407239819004525 0.07515337423312883
0 0.8721719457013575 0.656441717791411 0.07013574660633484 0.049079754601226995
18 0.10180995475113122 0.6388036809815951 0.04524886877828054 0.05368098159509203
23 0.7669683257918553 0.647239263803681 0.12217194570135746 0.0950920245398773
6 0.35294117647058826 0.4723926380368098 0.167420814479638 0.09815950920245399
