35 0.19683257918552036 0.7714723926380368 0.167420814479638 0.13190184049079753
35 0.7963800904977375 0.7714723926380368 0.167420814479638 0.13190184049079753
35 0.18665158371040724 0.21088957055214724 0.1244343891402715 0.11503067484662577
35 0.7861990950226244 0.21088957055214724 0.1244343891402715 0.11503067484662577
35 0.501131221719457 0.11809815950920245 0.18778280542986425 0.1687116564417178
35 0.48868778280542985 0.8788343558282209 0.16289592760180996 0.147239263803681
0 0.22058823529411764 0.661042944785276 0.07013574660633484 0.049079754601226995
23 0.06334841628959276 0.42484662576687116 0.12217194570135746 0.0950920245398773
3 0.08257918552036199 0.6802147239263804 0.05203619909502263 0.05368098159509203
9 0.5180995475113123 0.7484662576687117 0.11312217194570136 0.0736196319018405
6 0.2251131221719457 0.6134969325153374 0.11085972850678733 0.11042944785276074
22 0.3947963800904977 0.656441717791411 0.1425339366515837 0.07975460122699386
15 0.8823529411764706 0.4455521472392638 0.08144796380090498 0.05674846625766871
28 0.43552036199095023 0.6173312883435583 0.06108597285067873 0.05368098159509203
32 0.5622171945701357 0.5299079754601227 0.1244343891402715 0.023006134969325152
30 0.15497737556561086 0.18404907975460122 0.1244343891402715 0.024539877300613498
