35 0.19683257918552036 0.7714723926380368 0.167420814479638 0.13190184049079753
35 0.7963800904977375 0.7714723926380368 0.167420814479638 0.13190184049079753
35 0.18665158371040724 0.21088957055214724 0.1244343891402715 0.11503067484662577
35 0.7861990950226244 0.21088957055214724 0.1244343891402715 0.11503067484662577
35 0.501131221719457 0.11809815950920245 0.18778280542986425 0.1687116564417178
35 0.48868778280542985 0.8788343558282209 0.16289592760180996 0.147239263803681
2 0.3552036199095023 0.07208588957055215 0.07692307692307693 0.0950920245398773
9 0.19909502262443438 0.6771472392638037 0.10407239819004525 0.07515337423312883
8 0.48755656108597284 0.5567484662576687 0.16968325791855204 0.1196319018404908
0 0.07918552036199095 0.6081288343558282 0.049773755656108594 0.04754601226993865
20 0.5271493212669683 0.7269938650306749 0.13122171945701358 0.13190184049079753
19 0.6742081447963801 0.25 0.058823529411764705 0.05521472392638037
10 0.20361990950226244 0.5084355828220859 0.12669683257918551 0.14570552147239263
22 0.5384615384615384 0.5076687116564417 0.1493212669683258 0.08895705521472393
32 0.6595022624434389 0.879601226993865 0.1244343891402715 0.023006134969325152
30 0.9128959276018099 0.8849693251533742 0.1244343891402715 0.024539877300613498
27 0.13574660633484162 0.8190184049079755 0.10407239819004525 0.0705521472392638
