35 0.19683257918552036 0.7714723926380368 0.167420814479638 0.13190184049079753
35 0.7963800904977375 0.7714723926380368 0.167420814479638 0.13190184049079753
35 0.18665158371040724 0.21088957055214724 0.1244343891402715 0.11503067484662577
35 0.7861990950226244 0.21088957055214724 0.1244343891402715 0.11503067484662577
35 0.501131221719457 0.11809815950920245 0.18778280542986425 0.1687116564417178
35 0.48868778280542985 0.8788343558282209 0.16289592760180996 0.147239263803681
7 0.6346153846153846 0.5805214723926381 0.04751131221719457 0.04754601226993865
5 0.04072398190045249 0.5138036809815951 0.06787330316742081 0.049079754601226995
14 0.8665158371040724 0.5283742331288344 0.049773755656108594 0.04447852760736196
3 0.920814479638009 0.6380368098159509 0.049773755656108594 0.05521472392638037
16 0.5441176470588235 0.3504601226993865 0.083710407239819 0.05674846625766871
24 0.581447963800905 0.33588957055214724 0.05429864253393665 0.09202453987730061
25 0.12217194570135746 0.6794478527607362 0.03167420814479638 0.03067484662576687
27 0.7375565610859729 0.4378834355828221 0.09954751131221719 0.06595092024539877
26 0.8076923076923077 0.5038343558282209 0.13122171945701358 0.09662576687116564
