35 0.19683257918552036 0.7714723926380368 0.167420814479638 0.13190184049079753
35 0.7963800904977375 0.7714723926380368 0.167420814479638 0.13190184049079753
35 0.18665158371040724 0.21088957055214724 0.1244343891402715 0.11503067484662577
35 0.7861990950226244 0.21088957055214724 0.1244343891402715 0.11503067484662577
35 0.501131221719457 0.11809815950920245 0.18778280542986425 0.1687116564417178
35 0.48868778280542985 0.8788343558282209 0.16289592760180996 0.147239263803681
8 0.5656108597285068 0.6986196319018405 0.167420814479638 0.11809815950920245
16 0.4106334841628959 0.5038343558282209 0.083710407239819 0.05674846625766871
24 0.6742081447963801 0.3320552147239264 0.09502262443438914 0.0598159509202454
10 0.6018099547511312 0.5851226993865031 0.12669683257918551 0.14570552147239263
3 0.2330316742081448 0.10122699386503067 0.049773755656108594 0.05521472392638037
22 0.30995475113122173 0.5230061349693251 0.1493212669683258 0.08895705521472393
27 0.11990950226244344 0.9133435582822086 0.09954751131221719 0.06595092024539877
29 0.3925339366515837 0.8872699386503068 0.10180995475113122 0.05368098159509203
26 0.31221719457013575 0.27070552147239263 0.13122171945701358 0.09662576687116564
34 0.8880090497737556 0.5950920245398773 0.06561085972850679 0.024539877300613498
