35 0.19683257918552036 0.7714723926380368 0.167420814479638 0.13190184049079753
35 0.7963800904977375 0.7714723926380368 0.167420814479638 0.13190184049079753
35 0.18665158371040724 0.21088957055214724 0.1244343891402715 0.11503067484662577
35 0.7861990950226244 0.21088957055214724 0.1244343891402715 0.11503067484662577
35 0.501131221719457 0.11809815950920245 0.18778280542986425 0.1687116564417178
35 0.48868778280542985 0.8788343558282209 0.16289592760180996 0.147239263803681
1 0.6787330316742082 0.30598159509202455 0.07692307692307693 0.0598159509202454
13 0.8914027149321267 0.5130368098159509 0.09502262443438914 0.06901840490797546
22 0.7171945701357466 0.4831288343558282 0.1493212669683258 0.08895705521472393
27 0.753393665158371 0.7400306748466258 0.10407239819004525 0.07208588957055215
32 0.40158371040723984 0.9762269938650306 0.1244343891402715 0.023006134969325152
25 0.3608597285067873 0.1165644171779141 0.07918552036199095 0.03374233128834356
31 0.5373303167420814 0.3535276073619632 0.06561085972850679 0.02607361963190184
