35 0.19683257918552036 0.7714723926380368 0.167420814479638 0.13190184049079753
35 0.7963800904977375 0.7714723926380368 0.167420814479638 0.13190184049079753
35 0.18665158371040724 0.21088957055214724 0.1244343891402715 0.11503067484662577
35 0.7861990950226244 0.21088957055214724 0.1244343891402715 0.11503067484662577
35 0.501131221719457 0.11809815950920245 0.18778280542986425 0.1687116564417178
35 0.48868778280542985 0.8788343558282209 0.16289592760180996 0.147239263803681
14 0.6866515837104072 0.4256134969325153 0.038461538461538464 0.029141104294478526
9 0.6730769230769231 0.6602760736196319 0.11085972850678733 0.07515337423312883
22 0.6255656108597285 0.6710122699386503 0.1334841628959276 0.10276073619631902
3 0.6266968325791855 0.3834355828220859 0.049773755656108594 0.05521472392638037
34 0.8088235294117647 0.3803680981595092 0.06561085972850679 0.024539877300613498
27 0.8280542986425339 0.299079754601227 0.10407239819004525 0.0705521472392638
25 0.5746606334841629 0.7868098159509203 0.03167420814479638 0.03067484662576687
32 0.7997737556561086 0.7216257668711656 0.1244343891402715 0.023006134969325152
