35 0.19683257918552036 0.7714723926380368 0.167420814479638 0.13190184049079753
35 0.7963800904977375 0.7714723926380368 0.167420814479638 0.13190184049079753
35 0.18665158371040724 0.21088957055214724 0.1244343891402715 0.11503067484662577
35 0.7861990950226244 0.21088957055214724 0.1244343891402715 0.11503067484662577
35 0.501131221719457 0.11809815950920245 0.18778280542986425 0.1687116564417178
35 0.48868778280542985 0.8788343558282209 0.16289592760180996 0.147239263803681
24 0.667420814479638 0.31901840490797545 0.05429864253393665 0.09202453987730061
13 0.6572398190045249 0.419478527607362 0.09728506787330317 0.07208588957055215
14 0.5407239819004525 0.2860429447852761 0.05429864253393665 0.0352760736196319
10 0.6312217194570136 0.6372699386503068 0.12669683257918551 0.14570552147239263
5 0.038461538461538464 0.843558282208589 0.06787330316742081 0.049079754601226995
16 0.35180995475113125 0.5023006134969326 0.10180995475113122 0.0598159509202454
11 0.7013574660633484 0.6081288343558282 0.08144796380090498 0.1058282208588957
6 0.28054298642533937 0.0950920245398773 0.17647058823529413 0.11042944785276074
12 0.7861990950226244 0.6273006134969326 0.083710407239819 0.06748466257668712
20 0.2171945701357466 0.5996932515337423 0.13122171945701358 0.13190184049079753
32 0.3495475113122172 0.9578220858895705 0.1244343891402715 0.023006134969325152
25 0.34615384615384615 0.35276073619631904 0.03167420814479638 0.03067484662576687
