35 0.19683257918552036 0.7714723926380368 0.167420814479638 0.13190184049079753
35 0.7963800904977375 0.7714723926380368 0.167420814479638 0.13190184049079753
35 0.18665158371040724 0.21088957055214724 0.1244343891402715 0.11503067484662577
35 0.7861990950226244 0.21088957055214724 0.1244343891402715 0.11503067484662577
35 0.501131221719457 0.11809815950920245 0.18778280542986425 0.1687116564417178
35 0.48868778280542985 0.8788343558282209 0.16289592760180996 0.147239263803681
22 0.38235294117647056 0.4616564417177914 0.1493212669683258 0.08895705521472393
17 0.8076923076923077 0.536042944785276 0.10407239819004525 0.08742331288343558
21 0.47737556561085975 0.6756134969325154 0.04524886877828054 0.03834355828220859
16 0.9400452488687783 0.5084355828220859 0.09728506787330317 0.06901840490797546
4 0.0667420814479638 0.9248466257668712 0.11085972850678733 0.08895705521472393
18 0.5180995475113123 0.5138036809815951 0.04072398190045249 0.05828220858895705
1 0.5271493212669683 0.3504601226993865 0.09049773755656108 0.06595092024539877
28 0.3834841628959276 0.48466257668711654 0.07013574660633484 0.05521472392638037
30 0.917420814479638 0.3696319018404908 0.1244343891402715 0.024539877300613498
26 0.7929864253393665 0.4838957055214724 0.1425339366515837 0.07208588957055215
27 0.9389140271493213 0.4892638036809816 0.10407239819004525 0.0705521472392638
