35 0.19683257918552036 0.7714723926380368 0.167420814479638 0.13190184049079753
35 0.7963800904977375 0.7714723926380368 0.167420814479638 0.13190184049079753
35 0.18665158371040724 0.21088957055214724 0.1244343891402715 0.11503067484662577
35 0.7861990950226244 0.21088957055214724 0.1244343891402715 0.11503067484662577
35 0.501131221719457 0.11809815950920245 0.18778280542986425 0.1687116564417178
35 0.48868778280542985 0.8788343558282209 0.16289592760180996 0.147239263803681
18 0.04072398190045249 0.8719325153374233 0.04524886877828054 0.05368098159509203
7 0.6481900452488688 0.24923312883435583 0.04751131221719457 0.04754601226993865
19 0.0667420814479638 0.49616564417177916 0.04751131221719457 0.05368098159509203
5 0.9615384615384616 0.5567484662576687 0.06787330316742081 0.049079754601226995
15 0.6210407239819005 0.6541411042944786 0.07013574660633484 0.04754601226993865
8 0.36199095022624433 0.5973926380368099 0.167420814479638 0.11809815950920245
4 0.7420814479638009 0.49923312883435583 0.12217194570135746 0.09969325153374232
13 0.5260180995475113 0.6050613496932515 0.09728506787330317 0.07208588957055215
25 0.21945701357466063 0.2645705521472393 0.08597285067873303 0.04447852760736196
33 0.7285067873303167 0.7001533742331288 0.03167420814479638 0.023006134969325152
