35 0.19683257918552036 0.7714723926380368 0.167420814479638 0.13190184049079753
35 0.7963800904977375 0.7714723926380368 0.167420814479638 0.13190184049079753
35 0.18665158371040724 0.21088957055214724 0.1244343891402715 0.11503067484662577
35 0.7861990950226244 0.21088957055214724 0.1244343891402715 0.11503067484662577
35 0.501131221719457 0.11809815950920245 0.18778280542986425 0.1687116564417178
35 0.48868778280542985 0.8788343558282209 0.16289592760180996 0.147239263803681
0 0.8597285067873304 0.4516871165644172 0.05429864253393665 0.05368098159509203
3 0.5644796380090498 0.7308282208588958 0.05203619909502263 0.0843558282208589
15 0.04072398190045249 0.9593558282208589 0.06787330316742081 0.05061349693251534
4 0.2319004524886878 0.6365030674846626 0.11085972850678733 0.08895705521472393
8 0.5294117647058824 0.6878834355828221 0.167420814479638 0.11809815950920245
12 0.5429864253393665 0.553680981595092 0.06787330316742081 0.049079754601226995
