35 0.19683257918552036 0.7714723926380368 0.167420814479638 0.13190184049079753
35 0.7963800904977375 0.7714723926380368 0.167420814479638 0.13190184049079753
35 0.18665158371040724 0.21088957055214724 0.1244343891402715 0.11503067484662577
35 0.7861990950226244 0.21088957055214724 0.1244343891402715 0.11503067484662577
35 0.501131221719457 0.11809815950920245 0.18778280542986425 0.1687116564417178
35 0.48868778280542985 0.8788343558282209 0.16289592760180996 0.147239263803681
13 0.3925339366515837 0.4838957055214724 0.09728506787330317 0.07208588957055215
0 0.6018099547511312 0.4102760736196319 0.05429864253393665 0.05368098159509203
12 0.20135746606334842 0.09815950920245399 0.06787330316742081 0.049079754601226995
9 0.3076923076923077 0.054447852760736194 0.10407239819004525 0.07515337423312883
24 0.5271493212669683 0.2561349693251534 0.06334841628959276 0.08588957055214724
20 0.6945701357466063 0.5797546012269938 0.13122171945701358 0.13190184049079753
17 0.26244343891402716 0.0789877300613497 0.10407239819004525 0.09049079754601227
4 0.25 0.5299079754601227 0.11990950226244344 0.09355828220858896
19 0.6323529411764706 0.26763803680981596 0.04751131221719457 0.05368098159509203
16 0.9015837104072398 0.5835889570552147 0.09728506787330317 0.06901840490797546
29 0.8981900452488688 0.5575153374233128 0.1085972850678733 0.08128834355828221
32 0.2997737556561086 0.7906441717791411 0.1244343891402715 0.023006134969325152
25 0.4287330316742081 0.6633435582822086 0.0746606334841629 0.029141104294478526
