35 0.19683257918552036 0.7714723926380368 0.167420814479638 0.13190184049079753
35 0.7963800904977375 0.7714723926380368 0.167420814479638 0.13190184049079753
35 0.18665158371040724 0.21088957055214724 0.1244343891402715 0.11503067484662577
35 0.7861990950226244 0.21088957055214724 0.1244343891402715 0.11503067484662577
35 0.501131221719457 0.11809815950920245 0.18778280542986425 0.1687116564417178
35 0.48868778280542985 0.8788343558282209 0.16289592760180996 0.147239263803681
0 0.03959276018099547 0.7791411042944786 0.05656108597285068 0.05828220858895705
20 0.6018099547511312 0.45245398773006135 0.13122171945701358 0.13190184049079753
6 0.27828054298642535 0.6702453987730062 0.167420814479638 0.09815950920245399
34 0.6595022624434389 0.2776073619631902 0.06561085972850679 0.024539877300613498
25 0.8212669683257918 0.6625766871165644 0.03167420814479638 0.03067484662576687
31 0.41289592760180993 0.9118098159509203 0.06561085972850679 0.02607361963190184
28 0.0418552036199095 0.027607361963190184 0.07013574660633484 0.05521472392638037
