35 0.19683257918552036 0.7714723926380368 0.167420814479638 0.13190184049079753
35 0.7963800904977375 0.7714723926380368 0.167420814479638 0.13190184049079753
35 0.18665158371040724 0.21088957055214724 0.1244343891402715 0.11503067484662577
35 0.7861990950226244 0.21088957055214724 0.1244343891402715 0.11503067484662577
35 0.501131221719457 0.11809815950920245 0.18778280542986425 0.1687116564417178
35 0.48868778280542985 0.8788343558282209 0.16289592760180996 0.147239263803681
19 0.7228506787330317 0.5115030674846626 0.04751131221719457 0.05368098159509203
6 0.23529411764705882 0.5 0.13574660633484162 0.10429447852760736
5 0.5214932126696833 0.45858895705521474 0.0746606334841629 0.03680981595092025
9 0.49660633484162897 0.4486196319018405 0.11085972850678733 0.07515337423312883
14 0.7805429864253394 0.5513803680981595 0.05429864253393665 0.0352760736196319
18 0.03619909502262444 0.31058282208588955 0.04524886877828054 0.05368098159509203
8 0.29751131221719457 0.8006134969325154 0.16968325791855204 0.1196319018404908
24 0.19230769230769232 0.49233128834355827 0.06334841628959276 0.08588957055214724
25 0.32918552036199095 0.3565950920245399 0.0746606334841629 0.029141104294478526
