35 0.19683257918552036 0.7714723926380368 0.167420814479638 0.13190184049079753
35 0.7963800904977375 0.7714723926380368 0.167420814479638 0.13190184049079753
35 0.18665158371040724 0.21088957055214724 0.1244343891402715 0.11503067484662577
35 0.7861990950226244 0.21088957055214724 0.1244343891402715 0.11503067484662577
35 0.501131221719457 0.11809815950920245 0.18778280542986425 0.1687116564417178
35 0.48868778280542985 0.8788343558282209 0.16289592760180996 0.147239263803681
24 0.3914027149321267 0.588957055214724 0.05429864253393665 0.09202453987730061
3 0.0916289592760181 0.2960122699386503 0.05203619909502263 0.06441717791411043
22 0.6923076923076923 0.4785276073619632 0.1493212669683258 0.08895705521472393
21 0.06787330316742081 0.02530674846625767 0.04524886877828054 0.03834355828220859
18 0.43552036199095023 0.3343558282208589 0.05203619909502263 0.06134969325153374
7 0.46945701357466063 0.3565950920245399 0.05203619909502263 0.04141104294478527
11 0.11312217194570136 0.5421779141104295 0.08144796380090498 0.1058282208588957
0 0.7115384615384616 0.504601226993865 0.07013574660633484 0.049079754601226995
23 0.6628959276018099 0.3282208588957055 0.12217194570135746 0.0950920245398773
26 0.755656108597285 0.7093558282208589 0.13122171945701358 0.09662576687116564
32 0.7296380090497737 0.38266871165644173 0.1244343891402715 0.023006134969325152
