35 0.19683257918552036 0.7714723926380368 0.167420814479638 0.13190184049079753
35 0.7963800904977375 0.7714723926380368 0.167420814479638 0.13190184049079753
35 0.18665158371040724 0.21088957055214724 0.1244343891402715 0.11503067484662577
35 0.7861990950226244 0.21088957055214724 0.1244343891402715 0.11503067484662577
35 0.501131221719457 0.11809815950920245 0.18778280542986425 0.1687116564417178
35 0.48868778280542985 0.8788343558282209 0.16289592760180996 0.147239263803681
2 0.665158371040724 0.27300613496932513 0.07692307692307693 0.0950920245398773
23 0.45248868778280543 0.3588957055214724 0.12217194570135746 0.0950920245398773
15 0.3190045248868778 0.6648773006134969 0.07239819004524888 0.04754601226993865
4 0.26131221719457015 0.5467791411042945 0.11990950226244344 0.09355828220858896
26 0.4287330316742081 0.8151840490797546 0.1425339366515837 0.07208588957055215
27 0.15610859728506787 0.816717791411043 0.09954751131221719 0.06595092024539877
25 0.25565610859728505 0.7837423312883436 0.03167420814479638 0.03067484662576687
