35 0.19683257918552036 0.7714723926380368 0.167420814479638 0.13190184049079753
35 0.7963800904977375 0.7714723926380368 0.167420814479638 0.13190184049079753
35 0.18665158371040724 0.21088957055214724 0.1244343891402715 0.11503067484662577
35 0.7861990950226244 0.21088957055214724 0.1244343891402715 0.11503067484662577
35 0.501131221719457 0.11809815950920245 0.18778280542986425 0.1687116564417178
35 0.48868778280542985 0.8788343558282209 0.16289592760180996 0.147239263803681
20 0.8597285067873304 0.6180981595092024 0.13122171945701358 0.13190184049079753
3 0.4242081447963801 0.6848159509202454 0.06561085972850679 0.05674846625766871
7 0.5554298642533937 0.35199386503067487 0.05203619909502263 0.04141104294478527
9 0.8812217194570136 0.47929447852760737 0.11085972850678733 0.07515337423312883
12 0.670814479638009 0.7361963190184049 0.083710407239819 0.06748466257668712
14 0.6391402714932126 0.5636503067484663 0.038461538461538464 0.029141104294478526
29 0.505656108597285 0.40797546012269936 0.08823529411764706 0.06441717791411043
