35 0.19683257918552036 0.7714723926380368 0.167420814479638 0.13190184049079753
35 0.7963800904977375 0.7714723926380368 0.167420814479638 0.13190184049079753
35 0.18665158371040724 0.21088957055214724 0.1244343891402715 0.11503067484662577
35 0.7861990950226244 0.21088957055214724 0.1244343891402715 0.11503067484662577
35 0.501131221719457 0.11809815950920245 0.18778280542986425 0.1687116564417178
35 0.48868778280542985 0.8788343558282209 0.16289592760180996 0.147239263803681
4 0.6436651583710408 0.379601226993865 0.11990950226244344 0.09355828220858896
7 0.6459276018099548 0.46702453987730064 0.04751131221719457 0.04754601226993865
17 0.5339366515837104 0.43328220858895705 0.10407239819004525 0.09049079754601227
20 0.22624434389140272 0.5521472392638037 0.13122171945701358 0.13190184049079753
12 0.3427601809954751 0.6579754601226994 0.083710407239819 0.06748466257668712
12 0.6255656108597285 0.5306748466257669 0.083710407239819 0.06748466257668712
23 0.6153846153846154 0.6165644171779141 0.12217194570135746 0.0950920245398773
2 0.503393665158371 0.2852760736196319 0.0746606334841629 0.08895705521472393
3 0.46945701357466063 0.3075153374233129 0.05203619909502263 0.0843558282208589
18 0.46153846153846156 0.2446319018404908 0.07692307692307693 0.05368098159509203
26 0.6900452488687783 0.125 0.13122171945701358 0.09662576687116564
34 0.5712669683257918 0.7361963190184049 0.06561085972850679 0.024539877300613498
