35 0.19683257918552036 0.7714723926380368 0.167420814479638 0.13190184049079753
35 0.7963800904977375 0.7714723926380368 0.167420814479638 0.13190184049079753
35 0.18665158371040724 0.21088957055214724 0.1244343891402715 0.11503067484662577
35 0.7861990950226244 0.21088957055214724 0.1244343891402715 0.11503067484662577
35 0.501131221719457 0.11809815950920245 0.18778280542986425 0.1687116564417178
35 0.48868778280542985 0.8788343558282209 0.16289592760180996 0.147239263803681
15 0.5384615384615384 0.5483128834355828 0.08144796380090498 0.05674846625766871
12 0.033936651583710405 0.2822085889570552 0.06787330316742081 0.049079754601226995
6 0.581447963800905 0.549079754601227 0.167420814479638 0.09815950920245399
13 0.27149321266968324 0.5283742331288344 0.09502262443438914 0.06901840490797546
9 0.9253393665158371 0.5728527607361963 0.10407239819004525 0.07515337423312883
24 0.26018099547511314 0.5291411042944786 0.05429864253393665 0.09202453987730061
7 0.05656108597285068 0.8627300613496932 0.06334841628959276 0.05368098159509203
0 0.6911764705882353 0.43558282208588955 0.05656108597285068 0.05828220858895705
10 0.6606334841628959 0.37806748466257667 0.12669683257918551 0.14570552147239263
5 0.06787330316742081 0.5552147239263804 0.06787330316742081 0.049079754601226995
30 0.3744343891402715 0.9401840490797546 0.1244343891402715 0.024539877300613498
26 0.43665158371040724 0.8642638036809815 0.13122171945701358 0.09662576687116564
28 0.27262443438914025 0.9087423312883436 0.06108597285067873 0.05368098159509203
