35 0.19683257918552036 0.7714723926380368 0.167420814479638 0.13190184049079753
35 0.7963800904977375 0.7714723926380368 0.167420814479638 0.13190184049079753
35 0.18665158371040724 0.21088957055214724 0.1244343891402715 0.11503067484662577
35 0.7861990950226244 0.21088957055214724 0.1244343891402715 0.11503067484662577
35 0.501131221719457 0.11809815950920245 0.18778280542986425 0.1687116564417178
35 0.48868778280542985 0.8788343558282209 0.16289592760180996 0.147239263803681
2 0.5237556561085973 0.5398773006134969 0.0746606334841629 0.08895705521472393
20 0.8800904977375565 0.5674846625766872 0.13122171945701358 0.13190184049079753
4 0.49434389140271495 0.5406441717791411 0.11990950226244344 0.09355828220858896
13 0.47171945701357465 0.7078220858895705 0.09728506787330317 0.07208588957055215
14 0.3076923076923077 0.1273006134969325 0.04072398190045249 0.03067484662576687
33 0.3416289592760181 0.8228527607361963 0.03167420814479638 0.023006134969325152
34 0.2002262443438914 0.44171779141104295 0.06561085972850679 0.024539877300613498
