35 0.19683257918552036 0.7714723926380368 0.167420814479638 0.13190184049079753
35 0.7963800904977375 0.7714723926380368 0.167420814479638 0.13190184049079753
35 0.18665158371040724 0.21088957055214724 0.1244343891402715 0.11503067484662577
35 0.7861990950226244 0.21088957055214724 0.1244343891402715 0.11503067484662577
35 0.501131221719457 0.11809815950920245 0.18778280542986425 0.1687116564417178
35 0.48868778280542985 0.8788343558282209 0.16289592760180996 0.147239263803681
1 0.5542986425339367 0.3857361963190184 0.09049773755656108 0.06595092024539877
8 0.1346153846153846 0.5138036809815951 0.16968325791855204 0.1196319018404908
23 0.6832579185520362 0.5966257668711656 0.12217194570135746 0.0950920245398773
21 0.22171945701357465 0.566717791411043 0.04524886877828054 0.03834355828220859
12 0.11425339366515837 0.4601226993865031 0.083710407239819 0.06748466257668712
3 0.058823529411764705 0.8205521472392638 0.058823529411764705 0.06134969325153374
17 0.7013574660633484 0.5437116564417178 0.10407239819004525 0.08742331288343558
