35 0.19683257918552036 0.7714723926380368 0.167420814479638 0.13190184049079753
35 0.7963800904977375 0.7714723926380368 0.167420814479638 0.13190184049079753
35 0.18665158371040724 0.21088957055214724 0.1244343891402715 0.11503067484662577
35 0.7861990950226244 0.21088957055214724 0.1244343891402715 0.11503067484662577
35 0.501131221719457 0.11809815950920245 0.18778280542986425 0.1687116564417178
35 0.48868778280542985 0.8788343558282209 0.16289592760180996 0.147239263803681
19 0.058823529411764705 0.20552147239263804 0.058823529411764705 0.05521472392638037
5 0.09841628959276018 0.4371165644171779 0.0746606334841629 0.03680981595092025
2 0.31221719457013575 0.5858895705521472 0.07692307692307693 0.0950920245398773
9 0.5938914027149321 0.683282208588957 0.11085972850678733 0.07515337423312883
16 0.6006787330316742 0.3182515337423313 0.083710407239819 0.05674846625766871
6 0.5497737556561086 0.4003067484662577 0.13574660633484162 0.10429447852760736
20 0.07918552036199095 0.6180981595092024 0.13122171945701358 0.13190184049079753
19 0.744343891402715 0.593558282208589 0.058823529411764705 0.05521472392638037
