35 0.19683257918552036 0.7714723926380368 0.167420814479638 0.13190184049079753
35 0.7963800904977375 0.7714723926380368 0.167420814479638 0.13190184049079753
35 0.18665158371040724 0.21088957055214724 0.1244343891402715 0.11503067484662577
35 0.7861990950226244 0.21088957055214724 0.1244343891402715 0.11503067484662577
35 0.501131221719457 0.11809815950920245 0.18778280542986425 0.1687116564417178
35 0.48868778280542985 0.8788343558282209 0.16289592760180996 0.147239263803681
13 0.07126696832579185 0.5559815950920245 0.09728506787330317 0.07208588957055215
11 0.09049773755656108 0.7400306748466258 0.06787330316742081 0.07822085889570553
1 0.07918552036199095 0.8949386503067485 0.09049773755656108 0.06595092024539877
14 0.19796380090497737 0.03144171779141104 0.04751131221719457 0.03834355828220859
7 0.503393665158371 0.5237730061349694 0.04751131221719457 0.04754601226993865
32 0.7952488687782805 0.7154907975460123 0.1244343891402715 0.023006134969325152
34 0.9128959276018099 0.602760736196319 0.06561085972850679 0.024539877300613498
29 0.10294117647058823 0.8496932515337423 0.08823529411764706 0.06441717791411043
28 0.9287330316742082 0.6687116564417178 0.07013574660633484 0.05521472392638037
