35 0.19683257918552036 0.7714723926380368 0.167420814479638 0.13190184049079753
35 0.7963800904977375 0.7714723926380368 0.167420814479638 0.13190184049079753
35 0.18665158371040724 0.21088957055214724 0.1244343891402715 0.11503067484662577
35 0.7861990950226244 0.21088957055214724 0.1244343891402715 0.11503067484662577
35 0.501131221719457 0.11809815950920245 0.18778280542986425 0.1687116564417178
35 0.48868778280542985 0.8788343558282209 0.16289592760180996 0.147239263803681
9 0.333710407239819 0.040644171779141106 0.07918552036199095 0.07208588957055215
23 0.5180995475113123 0.6058282208588958 0.12217194570135746 0.0950920245398773
8 0.10180995475113122 0.6004601226993865 0.167420814479638 0.11809815950920245
0 0.3404977375565611 0.5398773006134969 0.07013574660633484 0.049079754601226995
3 0.47171945701357465 0.571319018404908 0.05203619909502263 0.05368098159509203
1 0.34841628959276016 0.5437116564417178 0.09049773755656108 0.06595092024539877
6 0.0757918552036199 0.14877300613496933 0.11085972850678733 0.11042944785276074
15 0.4242081447963801 0.4723926380368098 0.07918552036199095 0.05214723926380368
31 0.15497737556561086 0.5728527607361963 0.06561085972850679 0.02607361963190184
30 0.12330316742081449 0.7929447852760736 0.1244343891402715 0.024539877300613498
32 0.8133484162895928 0.5605828220858896 0.1244343891402715 0.023006134969325152
