35 0.19683257918552036 0.7714723926380368 0.167420814479638 0.13190184049079753
35 0.7963800904977375 0.7714723926380368 0.167420814479638 0.13190184049079753
35 0.18665158371040724 0.21088957055214724 0.1244343891402715 0.11503067484662577
35 0.7861990950226244 0.21088957055214724 0.1244343891402715 0.11503067484662577
35 0.501131221719457 0.11809815950920245 0.18778280542986425 0.1687116564417178
35 0.48868778280542985 0.8788343558282209 0.16289592760180996 0.147239263803681
14 0.48755656108597284 0.2170245398773006 0.038461538461538464 0.029141104294478526
3 0.22963800904977374 0.4915644171779141 0.05203619909502263 0.0843558282208589
4 0.3178733031674208 0.6196319018404908 0.11085972850678733 0.08895705521472393
1 0.1583710407239819 0.46702453987730064 0.09049773755656108 0.06595092024539877
17 0.334841628959276 0.625 0.10407239819004525 0.09049079754601227
18 0.1244343891402715 0.07745398773006135 0.07692307692307693 0.05368098159509203
28 0.834841628959276 0.6679447852760736 0.058823529411764705 0.05061349693251534
29 0.07805429864253394 0.2469325153374233 0.08823529411764706 0.06441717791411043
27 0.748868778280543 0.5513803680981595 0.10407239819004525 0.07208588957055215
