35 0.19683257918552036 0.7714723926380368 0.167420814479638 0.13190184049079753
35 0.7963800904977375 0.7714723926380368 0.167420814479638 0.13190184049079753
35 0.18665158371040724 0.21088957055214724 0.1244343891402715 0.11503067484662577
35 0.7861990950226244 0.21088957055214724 0.1244343891402715 0.11503067484662577
35 0.501131221719457 0.11809815950920245 0.18778280542986425 0.1687116564417178
35 0.48868778280542985 0.8788343558282209 0.16289592760180996 0.147239263803681
15 0.07013574660633484 0.8788343558282209 0.08597285067873303 0.049079754601226995
23 0.8257918552036199 0.5659509202453987 0.12217194570135746 0.0950920245398773
26 0.5418552036199095 0.6081288343558282 0.1425339366515837 0.07208588957055215
33 0.6493212669683258 0.08819018404907976 0.03167420814479638 0.023006134969325152
29 0.8110859728506787 0.5820552147239264 0.10180995475113122 0.05368098159509203
34 0.8676470588235294 0.4279141104294479 0.06561085972850679 0.024539877300613498
