35 0.19683257918552036 0.7714723926380368 0.167420814479638 0.13190184049079753
35 0.7963800904977375 0.7714723926380368 0.167420814479638 0.13190184049079753
35 0.18665158371040724 0.21088957055214724 0.1244343891402715 0.11503067484662577
35 0.7861990950226244 0.21088957055214724 0.1244343891402715 0.11503067484662577
35 0.501131221719457 0.11809815950920245 0.18778280542986425 0.1687116564417178
35 0.48868778280542985 0.8788343558282209 0.16289592760180996 0.147239263803681
0 0.9242081447963801 0.549079754601227 0.05656108597285068 0.05828220858895705
8 0.6391402714932126 0.34049079754601225 0.16968325791855204 0.1196319018404908
6 0.5294117647058824 0.25766871165644173 0.13574660633484162 0.10429447852760736
20 0.8190045248868778 0.495398773006135 0.13122171945701358 0.13190184049079753
18 0.1085972850678733 0.8535276073619632 0.04524886877828054 0.05368098159509203
10 0.7873303167420814 0.5559815950920245 0.12669683257918551 0.14570552147239263
13 0.5361990950226244 0.23542944785276074 0.09502262443438914 0.06901840490797546
19 0.18099547511312217 0.5674846625766872 0.058823529411764705 0.05521472392638037
26 0.18099547511312217 0.276840490797546 0.13122171945701358 0.09662576687116564
31 0.03733031674208145 0.49616564417177916 0.06561085972850679 0.02607361963190184
27 0.7126696832579186 0.2737730061349693 0.09954751131221719 0.06595092024539877
