35 0.19683257918552036 0.7714723926380368 0.167420814479638 0.13190184049079753
35 0.7963800904977375 0.7714723926380368 0.167420814479638 0.13190184049079753
35 0.18665158371040724 0.21088957055214724 0.1244343891402715 0.11503067484662577
35 0.7861990950226244 0.21088957055214724 0.1244343891402715 0.11503067484662577
35 0.501131221719457 0.11809815950920245 0.18778280542986425 0.1687116564417178
35 0.48868778280542985 0.8788343558282209 0.16289592760180996 0.147239263803681
13 0.6934389140271493 0.5973926380368099 0.09728506787330317 0.07208588957055215
1 0.9230769230769231 0.6434049079754601 0.09049773755656108 0.06595092024539877
22 0.8359728506787331 0.6380368098159509 0.1425339366515837 0.07975460122699386
19 0.38122171945701355 0.5943251533742331 0.04751131221719457 0.05368098159509203
12 0.16855203619909503 0.44785276073619634 0.083710407239819 0.06748466257668712
26 0.5113122171945701 0.39800613496932513 0.13122171945701358 0.09662576687116564
30 0.3925339366515837 0.8650306748466258 0.1244343891402715 0.024539877300613498
