35 0.19683257918552036 0.7714723926380368 0.167420814479638 0.13190184049079753
35 0.7963800904977375 0.7714723926380368 0.167420814479638 0.13190184049079753
35 0.18665158371040724 0.21088957055214724 0.1244343891402715 0.11503067484662577
35 0.7861990950226244 0.21088957055214724 0.1244343891402715 0.11503067484662577
35 0.501131221719457 0.11809815950920245 0.18778280542986425 0.1687116564417178
35 0.48868778280542985 0.8788343558282209 0.16289592760180996 0.147239263803681
15 0.6357466063348416 0.3918711656441718 0.08144796380090498 0.05674846625766871
21 0.5678733031674208 0.4470858895705521 0.04524886877828054 0.03834355828220859
12 0.2409502262443439 0.5352760736196319 0.083710407239819 0.06748466257668712
10 0.7850678733031674 0.5544478527607362 0.12669683257918551 0.14570552147239263
0 0.49547511312217196 0.40950920245398775 0.07692307692307693 0.046012269938650305
14 0.08936651583710407 0.7308282208588958 0.038461538461538464 0.029141104294478526
17 0.7307692307692307 0.46855828220858897 0.10407239819004525 0.08742331288343558
8 0.39705882352941174 0.5398773006134969 0.16968325791855204 0.1196319018404908
20 0.3914027149321267 0.5061349693251533 0.13122171945701358 0.13190184049079753
12 0.4638009049773756 0.6487730061349694 0.06787330316742081 0.049079754601226995
33 0.49095022624434387 0.2691717791411043 0.03167420814479638 0.023006134969325152
