28 0.19014084507042253 0.76953125 0.15492957746478872 0.12834821428571427
28 0.7887323943661971 0.76953125 0.15492957746478872 0.12834821428571427
28 0.198943661971831 0.20870535714285715 0.15140845070422534 0.11160714285714286
28 0.7992957746478874 0.20870535714285715 0.15140845070422534 0.11160714285714286
28 0.5017605633802817 0.11049107142857142 0.19014084507042253 0.15401785714285715
28 0.49295774647887325 0.8733258928571429 0.17253521126760563 0.13727678571428573
2 0.6936619718309859 0.5870535714285714 0.08098591549295775 0.11607142857142858
1 0.8362676056338029 0.5390625 0.11267605633802817 0.05133928571428571
12 0.3767605633802817 0.5809151785714286 0.13380281690140844 0.06584821428571429
5 0.48063380281690143 0.5223214285714286 0.13380281690140844 0.08928571428571429
