29 0.19683257918552036 0.7714723926380368 0.167420814479638 0.13190184049079753
29 0.7963800904977375 0.7714723926380368 0.167420814479638 0.13190184049079753
29 0.18665158371040724 0.21088957055214724 0.1244343891402715 0.11503067484662577
29 0.7861990950226244 0.21088957055214724 0.1244343891402715 0.11503067484662577
29 0.501131221719457 0.11503067484662577 0.18778280542986425 0.1687116564417178
29 0.48868778280542985 0.8788343558282209 0.16289592760180996 0.147239263803681
17 0.7963800904977375 0.5797546012269938 0.08144796380090498 0.046012269938650305
18 0.12330316742081449 0.6434049079754601 0.09728506787330317 0.06901840490797546
12 0.7307692307692307 0.2875766871165644 0.10407239819004525 0.07208588957055215
9 0.8009049773755657 0.28680981595092025 0.11312217194570136 0.0736196319018405
6 0.20361990950226244 0.3604294478527607 0.167420814479638 0.09815950920245399
18 0.8563348416289592 0.5191717791411042 0.10180995475113122 0.0598159509202454
22 0.5 0.5529141104294478 0.04524886877828054 0.03834355828220859
0 0.07918552036199095 0.536042944785276 0.05429864253393665 0.05368098159509203
25 0.47398190045248867 0.5069018404907976 0.0746606334841629 0.029141104294478526
25 0.07126696832579185 0.294478527607362 0.07918552036199095 0.03374233128834356
27 0.251131221719457 0.20015337423312884 0.058823529411764705 0.05061349693251534
26 0.7104072398190046 0.4869631901840491 0.13122171945701358 0.09662576687116564
26 0.20135746606334842 0.43328220858895705 0.13122171945701358 0.09662576687116564
27 0.6221719457013575 0.6311349693251533 0.058823529411764705 0.05061349693251534
