33 0.19014084507042253 0.76953125 0.15492957746478872 0.12834821428571427
33 0.7887323943661971 0.76953125 0.15492957746478872 0.12834821428571427
33 0.198943661971831 0.20870535714285715 0.15140845070422534 0.11160714285714286
33 0.7992957746478874 0.20870535714285715 0.15140845070422534 0.11160714285714286
33 0.5017605633802817 0.11049107142857142 0.19014084507042253 0.15401785714285715
33 0.49295774647887325 0.8733258928571429 0.17253521126760563 0.13727678571428573
3 0.5334507042253521 0.29575892857142855 0.08450704225352113 0.08928571428571429
17 0.6214788732394366 0.7142857142857143 0.10915492957746478 0.07589285714285714
2 0.11267605633802817 0.056919642857142856 0.09507042253521127 0.05357142857142857
18 0.448943661971831 0.5491071428571429 0.06690140845070422 0.08482142857142858
9 0.43309859154929575 0.48995535714285715 0.17253521126760563 0.11383928571428571
