33 0.18778280542986425 0.7661406025824964 0.1493212669683258 0.12338593974175036
33 0.7873303167420814 0.7661406025824964 0.1493212669683258 0.12338593974175036
33 0.19796380090497737 0.20588235294117646 0.14705882352941177 0.10760401721664276
33 0.7975113122171946 0.20588235294117646 0.14705882352941177 0.10760401721664276
33 0.498868778280543 0.10760401721664276 0.1832579185520362 0.1492109038737446
33 0.49095022624434387 0.8708751793400287 0.167420814479638 0.13199426111908177
23 0.6153846153846154 0.5738880918220947 0.1493212669683258 0.08321377331420372
14 0.08484162895927602 0.23601147776183645 0.09728506787330317 0.06743185078909612
20 0.31108597285067874 0.5401721664275466 0.042986425339366516 0.05308464849354376
13 0.9502262443438914 0.5107604017216643 0.09502262443438914 0.04591104734576758
22 0.06787330316742081 0.7259684361549498 0.13122171945701358 0.12338593974175036
7 0.8393665158371041 0.5781922525107605 0.16289592760180996 0.09469153515064563
0 0.8902714932126696 0.46628407460545196 0.07013574660633484 0.04591104734576758
6 0.2239819004524887 0.4913916786226686 0.04524886877828054 0.035868005738880916
3 0.05090497737556561 0.2812051649928264 0.05203619909502263 0.06025824964131994
18 0.1074660633484163 0.45121951219512196 0.083710407239819 0.05308464849354376
11 0.6990950226244343 0.5387374461979914 0.12669683257918551 0.13629842180774748
4 0.6866515837104072 0.5803443328550932 0.11990950226244344 0.09038737446197992
12 0.3212669683257919 0.11549497847919656 0.06787330316742081 0.07317073170731707
