33 0.18778280542986425 0.7661406025824964 0.1493212669683258 0.12338593974175036
33 0.7873303167420814 0.7661406025824964 0.1493212669683258 0.12338593974175036
33 0.19796380090497737 0.20588235294117646 0.14705882352941177 0.10760401721664276
33 0.7975113122171946 0.20588235294117646 0.14705882352941177 0.10760401721664276
33 0.498868778280543 0.10760401721664276 0.1832579185520362 0.1492109038737446
33 0.49095022624434387 0.8708751793400287 0.167420814479638 0.13199426111908177
23 0.251131221719457 0.4748923959827834 0.1493212669683258 0.08321377331420372
14 0.19457013574660634 0.6305595408895266 0.09502262443438914 0.06456241032998565
26 0.6131221719457014 0.7568149210903874 0.13122171945701358 0.09038737446197992
25 0.9072398190045249 0.29053084648493543 0.08597285067873303 0.04160688665710186
