33 0.19014084507042253 0.76953125 0.15492957746478872 0.12834821428571427
33 0.7887323943661971 0.76953125 0.15492957746478872 0.12834821428571427
33 0.198943661971831 0.20870535714285715 0.15140845070422534 0.11160714285714286
33 0.7992957746478874 0.20870535714285715 0.15140845070422534 0.11160714285714286
33 0.5017605633802817 0.11049107142857142 0.19014084507042253 0.15401785714285715
33 0.49295774647887325 0.8733258928571429 0.17253521126760563 0.13727678571428573
18 0.4612676056338028 0.6964285714285714 0.06338028169014084 0.06696428571428571
9 0.7464788732394366 0.6506696428571429 0.15492957746478872 0.109375
5 0.5255281690140845 0.421875 0.15316901408450703 0.15178571428571427
14 0.3204225352112676 0.5479910714285714 0.13732394366197184 0.14285714285714285
