28 0.19014084507042253 0.76953125 0.15492957746478872 0.12834821428571427
28 0.7887323943661971 0.76953125 0.15492957746478872 0.12834821428571427
28 0.198943661971831 0.20870535714285715 0.15140845070422534 0.11160714285714286
28 0.7992957746478874 0.20870535714285715 0.15140845070422534 0.11160714285714286
28 0.5017605633802817 0.11049107142857142 0.19014084507042253 0.15401785714285715
28 0.49295774647887325 0.8733258928571429 0.17253521126760563 0.13727678571428573
12 0.058098591549295774 0.3392857142857143 0.09859154929577464 0.07142857142857142
17 0.09330985915492958 0.47544642857142855 0.1056338028169014 0.0625
10 0.4595070422535211 0.6316964285714286 0.1795774647887324 0.10714285714285714
14 0.25 0.5167410714285714 0.06338028169014084 0.05803571428571429
18 0.18309859154929578 0.4966517857142857 0.1267605633802817 0.07589285714285714
21 0.6320422535211268 0.37723214285714285 0.0528169014084507 0.026785714285714284
24 0.4647887323943662 0.5680803571428571 0.15845070422535212 0.09598214285714286
22 0.22975352112676056 0.45926339285714285 0.09683098591549295 0.016741071428571428
27 0.8151408450704225 0.11383928571428571 0.13028169014084506 0.05357142857142857
