33 0.18778280542986425 0.7661406025824964 0.1493212669683258 0.12338593974175036
33 0.7873303167420814 0.7661406025824964 0.1493212669683258 0.12338593974175036
33 0.19796380090497737 0.20588235294117646 0.14705882352941177 0.10760401721664276
33 0.7975113122171946 0.20588235294117646 0.14705882352941177 0.10760401721664276
33 0.498868778280543 0.10760401721664276 0.1832579185520362 0.1492109038737446
33 0.49095022624434387 0.8708751793400287 0.167420814479638 0.13199426111908177
14 0.6153846153846154 0.45121951219512196 0.09502262443438914 0.06456241032998565
18 0.06221719457013575 0.3235294117647059 0.083710407239819 0.05308464849354376
17 0.5 0.5028694404591105 0.06787330316742081 0.047345767575322814
4 0.7386877828054299 0.5430416068866571 0.11990950226244344 0.08751793400286945
0 0.15497737556561086 0.10473457675753228 0.05656108597285068 0.054519368723098996
9 0.18438914027149322 0.5767575322812052 0.16968325791855204 0.11190817790530846
21 0.2748868778280543 0.6362984218077475 0.04751131221719457 0.05021520803443329
24 0.8506787330316742 0.6154949784791965 0.12217194570135746 0.08895265423242468
9 0.5927601809954751 0.6908177905308465 0.167420814479638 0.11047345767575323
24 0.6199095022624435 0.42037302725968434 0.12217194570135746 0.08895265423242468
15 0.9253393665158371 0.6420373027259685 0.05429864253393665 0.058823529411764705
21 0.04411764705882353 0.7109038737446198 0.04751131221719457 0.05021520803443329
17 0.6063348416289592 0.6764705882352942 0.06787330316742081 0.047345767575322814
20 0.3506787330316742 0.4770444763271162 0.07692307692307693 0.05021520803443329
18 0.6527149321266968 0.38235294117647056 0.09728506787330317 0.06456241032998565
2 0.6809954751131222 0.7374461979913917 0.07692307692307693 0.08895265423242468
23 0.2873303167420814 0.09182209469153516 0.1493212669683258 0.08321377331420372
13 0.2669683257918552 0.5150645624103299 0.06787330316742081 0.04591104734576758
5 0.6900452488687783 0.5078909612625538 0.06787330316742081 0.04591104734576758
11 0.3416289592760181 0.633428981348637 0.12669683257918551 0.13629842180774748
25 0.16289592760180996 0.07388809182209469 0.08597285067873303 0.04160688665710186
