29 0.19683257918552036 0.7714723926380368 0.167420814479638 0.13190184049079753
29 0.7963800904977375 0.7714723926380368 0.167420814479638 0.13190184049079753
29 0.18665158371040724 0.21088957055214724 0.1244343891402715 0.11503067484662577
29 0.7861990950226244 0.21088957055214724 0.1244343891402715 0.11503067484662577
29 0.501131221719457 0.11503067484662577 0.18778280542986425 0.1687116564417178
29 0.48868778280542985 0.8788343558282209 0.16289592760180996 0.147239263803681
8 0.8914027149321267 0.8734662576687117 0.167420814479638 0.11809815950920245
22 0.9230769230769231 0.41641104294478526 0.04524886877828054 0.03834355828220859
5 0.6934389140271493 0.45245398773006135 0.0746606334841629 0.03680981595092025
16 0.39592760180995473 0.5023006134969326 0.08144796380090498 0.05674846625766871
27 0.3778280542986425 0.7492331288343558 0.058823529411764705 0.05061349693251534
28 0.8880090497737556 0.6173312883435583 0.10180995475113122 0.05368098159509203
27 0.8167420814479638 0.9562883435582822 0.058823529411764705 0.05061349693251534
28 0.4841628959276018 0.7998466257668712 0.1085972850678733 0.08128834355828221
