33 0.19014084507042253 0.76953125 0.15492957746478872 0.12834821428571427
33 0.7887323943661971 0.76953125 0.15492957746478872 0.12834821428571427
33 0.198943661971831 0.20870535714285715 0.15140845070422534 0.11160714285714286
33 0.7992957746478874 0.20870535714285715 0.15140845070422534 0.11160714285714286
33 0.5017605633802817 0.11049107142857142 0.19014084507042253 0.15401785714285715
33 0.49295774647887325 0.8733258928571429 0.17253521126760563 0.13727678571428573
22 0.522887323943662 0.6517857142857143 0.12323943661971831 0.09598214285714286
1 0.4894366197183099 0.6796875 0.07394366197183098 0.05357142857142857
28 0.1056338028169014 0.5775669642857143 0.02464788732394366 0.016741071428571428
27 0.4612676056338028 0.3482142857142857 0.1619718309859155 0.04017857142857143
26 0.6338028169014085 0.46316964285714285 0.04225352112676056 0.029017857142857144
