33 0.18778280542986425 0.7661406025824964 0.1493212669683258 0.12338593974175036
33 0.7873303167420814 0.7661406025824964 0.1493212669683258 0.12338593974175036
33 0.19796380090497737 0.20588235294117646 0.14705882352941177 0.10760401721664276
33 0.7975113122171946 0.20588235294117646 0.14705882352941177 0.10760401721664276
33 0.498868778280543 0.10760401721664276 0.1832579185520362 0.1492109038737446
33 0.49095022624434387 0.8708751793400287 0.167420814479638 0.13199426111908177
9 0.3597285067873303 0.5430416068866571 0.167420814479638 0.11047345767575323
21 0.9762443438914027 0.5502152080344332 0.04751131221719457 0.05021520803443329
24 0.1085972850678733 0.5509325681492109 0.12217194570135746 0.08895265423242468
8 0.8619909502262444 0.6133428981348638 0.06334841628959276 0.05021520803443329
14 0.4502262443438914 0.5358680057388809 0.09502262443438914 0.06456241032998565
12 0.19683257918552036 0.47058823529411764 0.09502262443438914 0.07173601147776183
17 0.3382352941176471 0.5559540889526542 0.07013574660633484 0.04447632711621234
6 0.05656108597285068 0.9225251076040172 0.058823529411764705 0.028694404591104734
1 0.09728506787330317 0.5172166427546628 0.09049773755656108 0.06169296987087518
20 0.8699095022624435 0.6843615494978479 0.05203619909502263 0.05738880918220947
27 0.38687782805429866 0.5703012912482066 0.09954751131221719 0.06169296987087518
28 0.4457013574660634 0.6004304160688666 0.058823529411764705 0.047345767575322814
32 0.7307692307692307 0.3794835007173601 0.03167420814479638 0.021520803443328552
31 0.8699095022624435 0.6829268292682927 0.06561085972850679 0.02295552367288379
25 0.7081447963800905 0.7101865136298422 0.03167420814479638 0.028694404591104734
29 0.16968325791855204 0.851506456241033 0.1085972850678733 0.07604017216642754
27 0.5203619909502263 0.03730272596843615 0.10407239819004525 0.06599713055954089
32 0.7058823529411765 0.870157819225251 0.03167420814479638 0.021520803443328552
26 0.1346153846153846 0.050932568149210905 0.1425339366515837 0.06743185078909612
30 0.2816742081447964 0.8974175035868006 0.06561085972850679 0.024390243902439025
31 0.5757918552036199 0.18866571018651362 0.1244343891402715 0.021520803443328552
28 0.8461538461538461 0.6406025824964132 0.058823529411764705 0.047345767575322814
29 0.36312217194570134 0.41893830703012913 0.083710407239819 0.08321377331420372
27 0.7171945701357466 0.11692969870875179 0.09954751131221719 0.06169296987087518
30 0.6549773755656109 0.18436154949784792 0.06561085972850679 0.024390243902439025
26 0.8755656108597285 0.524390243902439 0.13122171945701358 0.09038737446197992
28 0.2816742081447964 0.38235294117647056 0.06108597285067873 0.05021520803443329
