33 0.19014084507042253 0.76953125 0.15492957746478872 0.12834821428571427
33 0.7887323943661971 0.76953125 0.15492957746478872 0.12834821428571427
33 0.198943661971831 0.20870535714285715 0.15140845070422534 0.11160714285714286
33 0.7992957746478874 0.20870535714285715 0.15140845070422534 0.11160714285714286
33 0.5017605633802817 0.11049107142857142 0.19014084507042253 0.15401785714285715
33 0.49295774647887325 0.8733258928571429 0.17253521126760563 0.13727678571428573
15 0.8873239436619719 0.5518973214285714 0.10211267605633803 0.0703125
19 0.4647887323943662 0.5881696428571429 0.056338028169014086 0.03794642857142857
29 0.45422535211267606 0.7901785714285714 0.13732394366197184 0.125
26 0.09330985915492958 0.10491071428571429 0.04225352112676056 0.029017857142857144
