33 0.19014084507042253 0.76953125 0.15492957746478872 0.12834821428571427
33 0.7887323943661971 0.76953125 0.15492957746478872 0.12834821428571427
33 0.198943661971831 0.20870535714285715 0.15140845070422534 0.11160714285714286
33 0.7992957746478874 0.20870535714285715 0.15140845070422534 0.11160714285714286
33 0.5017605633802817 0.11049107142857142 0.19014084507042253 0.15401785714285715
33 0.49295774647887325 0.8733258928571429 0.17253521126760563 0.13727678571428573
14 0.6514084507042254 0.2700892857142857 0.13732394366197184 0.140625
22 0.09507042253521127 0.49441964285714285 0.12323943661971831 0.09598214285714286
11 0.9278169014084507 0.49107142857142855 0.14084507042253522 0.10491071428571429
16 0.5246478873239436 0.25111607142857145 0.07394366197183098 0.060267857142857144
13 0.6232394366197183 0.6227678571428571 0.09154929577464789 0.08035714285714286
28 0.43661971830985913 0.19698660714285715 0.02464788732394366 0.016741071428571428
26 0.6584507042253521 0.13392857142857142 0.07042253521126761 0.033482142857142856
25 0.5889084507042254 0.12834821428571427 0.09683098591549295 0.017857142857142856
