33 0.19014084507042253 0.76953125 0.15492957746478872 0.12834821428571427
33 0.7887323943661971 0.76953125 0.15492957746478872 0.12834821428571427
33 0.198943661971831 0.20870535714285715 0.15140845070422534 0.11160714285714286
33 0.7992957746478874 0.20870535714285715 0.15140845070422534 0.11160714285714286
33 0.5017605633802817 0.11049107142857142 0.19014084507042253 0.15401785714285715
33 0.49295774647887325 0.8733258928571429 0.17253521126760563 0.13727678571428573
12 0.5862676056338029 0.359375 0.16549295774647887 0.10044642857142858
11 0.4278169014084507 0.48549107142857145 0.13732394366197184 0.09598214285714286
0 0.460387323943662 0.3822544642857143 0.10387323943661972 0.07477678571428571
8 0.7007042253521126 0.5758928571428571 0.056338028169014086 0.03794642857142857
9 0.7535211267605634 0.4732142857142857 0.13028169014084506 0.12053571428571429
24 0.4859154929577465 0.26785714285714285 0.09154929577464789 0.0625
1 0.6866197183098591 0.7645089285714286 0.05985915492957746 0.05580357142857143
4 0.7253521126760564 0.44308035714285715 0.05985915492957746 0.05803571428571429
10 0.6778169014084507 0.7622767857142857 0.07042253521126761 0.044642857142857144
2 0.07394366197183098 0.9140625 0.0880281690140845 0.049107142857142856
25 0.9304577464788732 0.3627232142857143 0.09683098591549295 0.017857142857142856
