33 0.19014084507042253 0.76953125 0.15492957746478872 0.12834821428571427
33 0.7887323943661971 0.76953125 0.15492957746478872 0.12834821428571427
33 0.198943661971831 0.20870535714285715 0.15140845070422534 0.11160714285714286
33 0.7992957746478874 0.20870535714285715 0.15140845070422534 0.11160714285714286
33 0.5017605633802817 0.11049107142857142 0.19014084507042253 0.15401785714285715
33 0.49295774647887325 0.8733258928571429 0.17253521126760563 0.13727678571428573
4 0.051056338028169015 0.1484375 0.07042253521126761 0.05357142857142857
13 0.31690140845070425 0.5212053571428571 0.10211267605633803 0.08928571428571429
7 0.6602112676056338 0.6774553571428571 0.07394366197183098 0.044642857142857144
12 0.19190140845070422 0.5625 0.1795774647887324 0.10714285714285714
3 0.6971830985915493 0.6127232142857143 0.08098591549295775 0.09375
22 0.3257042253521127 0.4888392857142857 0.12323943661971831 0.09598214285714286
0 0.22007042253521128 0.07700892857142858 0.11619718309859155 0.06473214285714286
32 0.8028169014084507 0.8671875 0.11267605633802817 0.05357142857142857
