33 0.19014084507042253 0.76953125 0.15492957746478872 0.12834821428571427
33 0.7887323943661971 0.76953125 0.15492957746478872 0.12834821428571427
33 0.198943661971831 0.20870535714285715 0.15140845070422534 0.11160714285714286
33 0.7992957746478874 0.20870535714285715 0.15140845070422534 0.11160714285714286
33 0.5017605633802817 0.11049107142857142 0.19014084507042253 0.15401785714285715
33 0.49295774647887325 0.8733258928571429 0.17253521126760563 0.13727678571428573
13 0.31161971830985913 0.45535714285714285 0.11619718309859155 0.08035714285714286
5 0.5448943661971831 0.45200892857142855 0.15316901408450703 0.17633928571428573
3 0.9014084507042254 0.6450892857142857 0.08098591549295775 0.11607142857142858
15 0.20246478873239437 0.6350446428571429 0.13732394366197184 0.060267857142857144
20 0.6549295774647887 0.5926339285714286 0.08098591549295775 0.05357142857142857
12 0.44014084507042256 0.6060267857142857 0.1795774647887324 0.10714285714285714
5 0.8450704225352113 0.5524553571428571 0.14788732394366197 0.13616071428571427
6 0.8151408450704225 0.5725446428571429 0.13732394366197184 0.10044642857142858
1 0.6602112676056338 0.6930803571428571 0.07042253521126761 0.05803571428571429
3 0.6109154929577465 0.390625 0.08450704225352113 0.08928571428571429
