33 0.18778280542986425 0.7661406025824964 0.1493212669683258 0.12338593974175036
33 0.7873303167420814 0.7661406025824964 0.1493212669683258 0.12338593974175036
33 0.19796380090497737 0.20588235294117646 0.14705882352941177 0.10760401721664276
33 0.7975113122171946 0.20588235294117646 0.14705882352941177 0.10760401721664276
33 0.498868778280543 0.10760401721664276 0.1832579185520362 0.1492109038737446
33 0.49095022624434387 0.8708751793400287 0.167420814479638 0.13199426111908177
16 0.11764705882352941 0.6757532281205165 0.04072398190045249 0.028694404591104734
8 0.6934389140271493 0.38091822094691535 0.04751131221719457 0.04447632711621234
22 0.6402714932126696 0.3400286944045911 0.13122171945701358 0.12338593974175036
20 0.9411764705882353 0.5631276901004304 0.07692307692307693 0.05021520803443329
9 0.916289592760181 0.48565279770444764 0.167420814479638 0.11047345767575323
26 0.7104072398190046 0.15136298421807748 0.13122171945701358 0.09038737446197992
28 0.11199095022624435 0.04160688665710186 0.07013574660633484 0.05164992826398852
32 0.09502262443438914 0.4784791965566714 0.03167420814479638 0.021520803443328552
29 0.6233031674208145 0.5157819225251076 0.10180995475113122 0.05021520803443329
