29 0.19683257918552036 0.7714723926380368 0.167420814479638 0.13190184049079753
29 0.7963800904977375 0.7714723926380368 0.167420814479638 0.13190184049079753
29 0.18665158371040724 0.21088957055214724 0.1244343891402715 0.11503067484662577
29 0.7861990950226244 0.21088957055214724 0.1244343891402715 0.11503067484662577
29 0.501131221719457 0.11503067484662577 0.18778280542986425 0.1687116564417178
29 0.48868778280542985 0.8788343558282209 0.16289592760180996 0.147239263803681
19 0.9027149321266968 0.5958588957055214 0.10407239819004525 0.09049079754601227
20 0.6323529411764706 0.11042944785276074 0.05203619909502263 0.06134969325153374
3 0.166289592760181 0.8029141104294478 0.05203619909502263 0.0843558282208589
27 0.18665158371040724 0.14877300613496933 0.07013574660633484 0.05521472392638037
25 0.8925339366515838 0.8243865030674846 0.0746606334841629 0.029141104294478526
27 0.3416289592760181 0.8504601226993865 0.058823529411764705 0.05061349693251534
25 0.8190045248868778 0.35276073619631904 0.03167420814479638 0.03067484662576687
27 0.6843891402714932 0.8450920245398773 0.07013574660633484 0.05521472392638037
27 0.17760180995475114 0.8742331288343558 0.07013574660633484 0.05521472392638037
25 0.6595022624434389 0.536042944785276 0.0746606334841629 0.029141104294478526
