28 0.19014084507042253 0.76953125 0.15492957746478872 0.12834821428571427
28 0.7887323943661971 0.76953125 0.15492957746478872 0.12834821428571427
28 0.198943661971831 0.20870535714285715 0.15140845070422534 0.11160714285714286
28 0.7992957746478874 0.20870535714285715 0.15140845070422534 0.11160714285714286
28 0.5017605633802817 0.11049107142857142 0.19014084507042253 0.15401785714285715
28 0.49295774647887325 0.8733258928571429 0.17253521126760563 0.13727678571428573
4 0.6302816901408451 0.42410714285714285 0.15492957746478872 0.16071428571428573
6 0.44014084507042256 0.48214285714285715 0.0880281690140845 0.046875
19 0.5088028169014085 0.5066964285714286 0.08450704225352113 0.05803571428571429
23 0.9630281690140845 0.6579241071428571 0.02464788732394366 0.016741071428571428
