33 0.18778280542986425 0.7661406025824964 0.1493212669683258 0.12338593974175036
33 0.7873303167420814 0.7661406025824964 0.1493212669683258 0.12338593974175036
33 0.19796380090497737 0.20588235294117646 0.14705882352941177 0.10760401721664276
33 0.7975113122171946 0.20588235294117646 0.14705882352941177 0.10760401721664276
33 0.498868778280543 0.10760401721664276 0.1832579185520362 0.1492109038737446
33 0.49095022624434387 0.8708751793400287 0.167420814479638 0.13199426111908177
5 0.07126696832579185 0.7919655667144907 0.0746606334841629 0.03443328550932568
0 0.5147058823529411 0.3314203730272597 0.06108597285067873 0.04878048780487805
18 0.5237556561085973 0.2833572453371593 0.083710407239819 0.05308464849354376
9 0.29411764705882354 0.0781922525107604 0.167420814479638 0.11047345767575323
2 0.6029411764705882 0.26255380200860834 0.0746606334841629 0.08321377331420372
20 0.10407239819004525 0.4813486370157819 0.04524886877828054 0.05021520803443329
8 0.5531674208144797 0.3249641319942611 0.04751131221719457 0.04447632711621234
25 0.10180995475113122 0.5416068866571019 0.08597285067873303 0.04160688665710186
27 0.35294117647058826 0.9540889526542324 0.10407239819004525 0.06599713055954089
