33 0.18778280542986425 0.7661406025824964 0.1493212669683258 0.12338593974175036
33 0.7873303167420814 0.7661406025824964 0.1493212669683258 0.12338593974175036
33 0.19796380090497737 0.20588235294117646 0.14705882352941177 0.10760401721664276
33 0.7975113122171946 0.20588235294117646 0.14705882352941177 0.10760401721664276
33 0.498868778280543 0.10760401721664276 0.1832579185520362 0.1492109038737446
33 0.49095022624434387 0.8708751793400287 0.167420814479638 0.13199426111908177
22 0.8144796380090498 0.47776183644189385 0.13122171945701358 0.12338593974175036
18 0.053167420814479636 0.45121951219512196 0.09728506787330317 0.06456241032998565
4 0.07352941176470588 0.6140602582496413 0.11085972850678733 0.08321377331420372
23 0.4852941176470588 0.7058823529411765 0.1425339366515837 0.0746054519368723
17 0.3721719457013575 0.10258249641319943 0.07013574660633484 0.04447632711621234
11 0.7262443438914027 0.5473457675753228 0.12669683257918551 0.13629842180774748
26 0.29751131221719457 0.03371592539454806 0.1425339366515837 0.06743185078909612
32 0.7013574660633484 0.9175035868005739 0.03167420814479638 0.021520803443328552
27 0.6877828054298643 0.7195121951219512 0.10407239819004525 0.06743185078909612
27 0.5135746606334841 0.14777618364418937 0.10407239819004525 0.06599713055954089
