29 0.19683257918552036 0.7714723926380368 0.167420814479638 0.13190184049079753
29 0.7963800904977375 0.7714723926380368 0.167420814479638 0.13190184049079753
29 0.18665158371040724 0.21088957055214724 0.1244343891402715 0.11503067484662577
29 0.7861990950226244 0.21088957055214724 0.1244343891402715 0.11503067484662577
29 0.501131221719457 0.11503067484662577 0.18778280542986425 0.1687116564417178
29 0.48868778280542985 0.8788343558282209 0.16289592760180996 0.147239263803681
1 0.4751131221719457 0.07745398773006135 0.07692307692307693 0.0598159509202454
17 0.5429864253393665 0.4455521472392638 0.06787330316742081 0.05061349693251534
20 0.7251131221719457 0.8297546012269938 0.05203619909502263 0.06134969325153374
5 0.6074660633484162 0.40950920245398775 0.0746606334841629 0.03680981595092025
15 0.8110859728506787 0.2883435582822086 0.05656108597285068 0.049079754601226995
6 0.37104072398190047 0.38650306748466257 0.17647058823529413 0.11042944785276074
23 0.28054298642533937 0.803680981595092 0.1493212669683258 0.08895705521472393
2 0.38009049773755654 0.5138036809815951 0.07692307692307693 0.0950920245398773
9 0.1832579185520362 0.7929447852760736 0.11312217194570136 0.0736196319018405
20 0.505656108597285 0.19325153374233128 0.05203619909502263 0.06134969325153374
28 0.8122171945701357 0.674079754601227 0.1085972850678733 0.08128834355828221
27 0.3076923076923077 0.772239263803681 0.058823529411764705 0.05061349693251534
