33 0.19014084507042253 0.76953125 0.15492957746478872 0.12834821428571427
33 0.7887323943661971 0.76953125 0.15492957746478872 0.12834821428571427
33 0.198943661971831 0.20870535714285715 0.15140845070422534 0.11160714285714286
33 0.7992957746478874 0.20870535714285715 0.15140845070422534 0.11160714285714286
33 0.5017605633802817 0.11049107142857142 0.19014084507042253 0.15401785714285715
33 0.49295774647887325 0.8733258928571429 0.17253521126760563 0.13727678571428573
14 0.6003521126760564 0.47098214285714285 0.13732394366197184 0.14285714285714285
15 0.36883802816901406 0.5267857142857143 0.0897887323943662 0.06696428571428571
0 0.25 0.49888392857142855 0.11619718309859155 0.06473214285714286
21 0.1267605633802817 0.6350446428571429 0.09859154929577464 0.06473214285714286
16 0.897887323943662 0.6696428571428571 0.1056338028169014 0.05133928571428571
25 0.38028169014084506 0.3627232142857143 0.16549295774647887 0.03125
27 0.2649647887323944 0.3989955357142857 0.09683098591549295 0.016741071428571428
26 0.4295774647887324 0.9095982142857143 0.04225352112676056 0.029017857142857144
