33 0.19014084507042253 0.76953125 0.15492957746478872 0.12834821428571427
33 0.7887323943661971 0.76953125 0.15492957746478872 0.12834821428571427
33 0.198943661971831 0.20870535714285715 0.15140845070422534 0.11160714285714286
33 0.7992957746478874 0.20870535714285715 0.15140845070422534 0.11160714285714286
33 0.5017605633802817 0.11049107142857142 0.19014084507042253 0.15401785714285715
33 0.49295774647887325 0.8733258928571429 0.17253521126760563 0.13727678571428573
20 0.30633802816901406 0.46651785714285715 0.07394366197183098 0.05803571428571429
0 0.20774647887323944 0.49888392857142855 0.11619718309859155 0.06473214285714286
8 0.829225352112676 0.5959821428571429 0.0528169014084507 0.03571428571428571
16 0.4507042253521127 0.2845982142857143 0.07746478873239436 0.05357142857142857
15 0.9234154929577465 0.46651785714285715 0.11091549295774648 0.05357142857142857
9 0.11443661971830986 0.0703125 0.19014084507042253 0.10267857142857142
18 0.34507042253521125 0.5435267857142857 0.09154929577464789 0.06473214285714286
10 0.14788732394366197 0.5625 0.0880281690140845 0.05357142857142857
22 0.721830985915493 0.5803571428571429 0.12323943661971831 0.09598214285714286
1 0.03873239436619718 0.08482142857142858 0.06690140845070422 0.05133928571428571
27 0.5589788732394366 0.5970982142857143 0.051056338028169015 0.017857142857142856
31 0.5757042253521126 0.39955357142857145 0.07394366197183098 0.05133928571428571
27 0.8142605633802817 0.14787946428571427 0.09683098591549295 0.016741071428571428
