33 0.18778280542986425 0.7661406025824964 0.1493212669683258 0.12338593974175036
33 0.7873303167420814 0.7661406025824964 0.1493212669683258 0.12338593974175036
33 0.19796380090497737 0.20588235294117646 0.14705882352941177 0.10760401721664276
33 0.7975113122171946 0.20588235294117646 0.14705882352941177 0.10760401721664276
33 0.498868778280543 0.10760401721664276 0.1832579185520362 0.1492109038737446
33 0.49095022624434387 0.8708751793400287 0.167420814479638 0.13199426111908177
24 0.19004524886877827 0.6714490674318508 0.12217194570135746 0.08895265423242468
2 0.17307692307692307 0.6083213773314203 0.0746606334841629 0.08321377331420372
20 0.1085972850678733 0.9196556671449068 0.04072398190045249 0.054519368723098996
15 0.5497737556561086 0.7345767575322812 0.08144796380090498 0.05738880918220947
10 0.11312217194570136 0.5681492109038737 0.11312217194570136 0.06886657101865136
13 0.048642533936651584 0.9383070301291249 0.083710407239819 0.06312769010043041
8 0.03167420814479638 0.3048780487804878 0.06334841628959276 0.05021520803443329
18 0.7748868778280543 0.5961262553802008 0.083710407239819 0.05308464849354376
1 0.8212669683257918 0.6535150645624104 0.09049773755656108 0.06169296987087518
3 0.5644796380090498 0.35078909612625536 0.06561085972850679 0.05308464849354376
11 0.167420814479638 0.07388809182209469 0.12669683257918551 0.13629842180774748
0 0.8212669683257918 0.5989956958393113 0.049773755656108594 0.04447632711621234
16 0.5542986425339367 0.6147776183644189 0.05429864253393665 0.03299856527977044
6 0.5067873303167421 0.2812051649928264 0.058823529411764705 0.028694404591104734
23 0.6244343891402715 0.4935437589670014 0.1493212669683258 0.08321377331420372
14 0.3744343891402715 0.45408895265423244 0.09728506787330317 0.06743185078909612
4 0.2748868778280543 0.09971305595408896 0.11990950226244344 0.09038737446197992
19 0.669683257918552 0.6377331420373027 0.10407239819004525 0.08464849354375897
12 0.2873303167420814 0.5100430416068866 0.06787330316742081 0.07317073170731707
17 0.4807692307692308 0.39598278335724535 0.07918552036199095 0.04878048780487805
5 0.6402714932126696 0.7474892395982783 0.06787330316742081 0.04591104734576758
9 0.20701357466063347 0.5451936872309899 0.16968325791855204 0.11190817790530846
22 0.36877828054298645 0.6083213773314203 0.13122171945701358 0.12338593974175036
21 0.40384615384615385 0.6348637015781923 0.07918552036199095 0.047345767575322814
21 0.06108597285067873 0.8220946915351507 0.058823529411764705 0.05164992826398852
12 0.251131221719457 0.5272596843615495 0.13574660633484162 0.0703012912482066
19 0.06561085972850679 0.8773314203730272 0.10407239819004525 0.08177905308464849
16 0.4411764705882353 0.21736011477761835 0.05429864253393665 0.03299856527977044
13 0.504524886877828 0.6255380200860832 0.09502262443438914 0.04591104734576758
8 0.5746606334841629 0.7080344332855093 0.06334841628959276 0.05021520803443329
5 0.579185520361991 0.4519368723098996 0.06787330316742081 0.04591104734576758
24 0.7737556561085973 0.6083213773314203 0.12217194570135746 0.08895265423242468
14 0.6843891402714932 0.5329985652797704 0.09728506787330317 0.06743185078909612
22 0.4819004524886878 0.6212338593974175 0.13122171945701358 0.12338593974175036
15 0.5 0.27546628407460544 0.08144796380090498 0.05738880918220947
