28 0.19014084507042253 0.76953125 0.15492957746478872 0.12834821428571427
28 0.7887323943661971 0.76953125 0.15492957746478872 0.12834821428571427
28 0.198943661971831 0.20870535714285715 0.15140845070422534 0.11160714285714286
28 0.7992957746478874 0.20870535714285715 0.15140845070422534 0.11160714285714286
28 0.5017605633802817 0.11049107142857142 0.19014084507042253 0.15401785714285715
28 0.49295774647887325 0.8733258928571429 0.17253521126760563 0.13727678571428573
12 0.06602112676056338 0.3197544642857143 0.12147887323943662 0.06361607142857142
6 0.09330985915492958 0.46316964285714285 0.07394366197183098 0.05133928571428571
18 0.6179577464788732 0.30691964285714285 0.08098591549295775 0.060267857142857144
5 0.1073943661971831 0.09821428571428571 0.1267605633802817 0.08258928571428571
1 0.1637323943661972 0.46875 0.09859154929577464 0.05357142857142857
15 0.9128521126760564 0.5111607142857143 0.06866197183098592 0.04241071428571429
3 0.08626760563380281 0.4263392857142857 0.09154929577464789 0.060267857142857144
26 0.3485915492957746 0.109375 0.08450704225352113 0.04017857142857143
20 0.46566901408450706 0.22433035714285715 0.09683098591549295 0.017857142857142856
26 0.6725352112676056 0.7165178571428571 0.07746478873239436 0.05133928571428571
21 0.7341549295774648 0.8883928571428571 0.07042253521126761 0.033482142857142856
