28 0.19014084507042253 0.76953125 0.15492957746478872 0.12834821428571427
28 0.7887323943661971 0.76953125 0.15492957746478872 0.12834821428571427
28 0.198943661971831 0.20870535714285715 0.15140845070422534 0.11160714285714286
28 0.7992957746478874 0.20870535714285715 0.15140845070422534 0.11160714285714286
28 0.5017605633802817 0.11049107142857142 0.19014084507042253 0.15401785714285715
28 0.49295774647887325 0.8733258928571429 0.17253521126760563 0.13727678571428573
6 0.19014084507042253 0.05915178571428571 0.07042253521126761 0.049107142857142856
7 0.6778169014084507 0.5602678571428571 0.18661971830985916 0.10714285714285714
9 0.7447183098591549 0.6584821428571429 0.14084507042253522 0.10491071428571429
4 0.8776408450704225 0.5479910714285714 0.15316901408450703 0.15401785714285715
19 0.2007042253521127 0.5011160714285714 0.09507042253521127 0.06473214285714286
20 0.7139084507042254 0.15792410714285715 0.051056338028169015 0.018973214285714284
25 0.1426056338028169 0.5022321428571429 0.09859154929577464 0.08928571428571429
22 0.24031690140845072 0.6556919642857143 0.09683098591549295 0.016741071428571428
