33 0.18778280542986425 0.7661406025824964 0.1493212669683258 0.12338593974175036
33 0.7873303167420814 0.7661406025824964 0.1493212669683258 0.12338593974175036
33 0.19796380090497737 0.20588235294117646 0.14705882352941177 0.10760401721664276
33 0.7975113122171946 0.20588235294117646 0.14705882352941177 0.10760401721664276
33 0.498868778280543 0.10760401721664276 0.1832579185520362 0.1492109038737446
33 0.49095022624434387 0.8708751793400287 0.167420814479638 0.13199426111908177
11 0.5475113122171946 0.6736011477761836 0.12669683257918551 0.13629842180774748
20 0.5667420814479638 0.7661406025824964 0.05203619909502263 0.05738880918220947
12 0.744343891402715 0.5911047345767575 0.09502262443438914 0.07173601147776183
6 0.2828054298642534 0.5760401721664276 0.04524886877828054 0.035868005738880916
29 0.2850678733031674 0.8773314203730272 0.1085972850678733 0.07604017216642754
25 0.4762443438914027 0.09253945480631277 0.0746606334841629 0.027259684361549498
31 0.10294117647058823 0.7001434720229556 0.06561085972850679 0.02295552367288379
30 0.5486425339366516 0.5946915351506457 0.06561085972850679 0.024390243902439025
27 0.4072398190045249 0.3335724533715925 0.09954751131221719 0.06169296987087518
28 0.5927601809954751 0.9548063127690101 0.058823529411764705 0.047345767575322814
32 0.4751131221719457 0.7037302725968436 0.03167420814479638 0.021520803443328552
26 0.7601809954751131 0.2417503586800574 0.13122171945701358 0.09038737446197992
25 0.5113122171945701 0.34218077474892394 0.08597285067873303 0.04160688665710186
30 0.4920814479638009 0.050932568149210905 0.06561085972850679 0.024390243902439025
28 0.333710407239819 0.35294117647058826 0.07013574660633484 0.05164992826398852
