33 0.18778280542986425 0.7661406025824964 0.1493212669683258 0.12338593974175036
33 0.7873303167420814 0.7661406025824964 0.1493212669683258 0.12338593974175036
33 0.19796380090497737 0.20588235294117646 0.14705882352941177 0.10760401721664276
33 0.7975113122171946 0.20588235294117646 0.14705882352941177 0.10760401721664276
33 0.498868778280543 0.10760401721664276 0.1832579185520362 0.1492109038737446
33 0.49095022624434387 0.8708751793400287 0.167420814479638 0.13199426111908177
30 0.7115384615384616 0.2611190817790531 0.1244343891402715 0.02295552367288379
26 0.166289592760181 0.7941176470588235 0.1425339366515837 0.06743185078909612
32 0.7895927601809954 0.8443328550932568 0.03167420814479638 0.021520803443328552
31 0.22737556561085973 0.3938307030129125 0.1244343891402715 0.021520803443328552
28 0.32918552036199095 0.6922525107604017 0.06108597285067873 0.05021520803443329
29 0.16289592760180996 0.7582496413199427 0.1085972850678733 0.07604017216642754
25 0.7386877828054299 0.9031563845050216 0.0746606334841629 0.027259684361549498
27 0.8619909502262444 0.1599713055954089 0.10407239819004525 0.06743185078909612
26 0.8834841628959276 0.7539454806312769 0.1425339366515837 0.06743185078909612
25 0.33597285067873306 0.366571018651363 0.0746606334841629 0.027259684361549498
30 0.8993212669683258 0.3048780487804878 0.06561085972850679 0.024390243902439025
32 0.4819004524886878 0.8816355810616929 0.03167420814479638 0.021520803443328552
28 0.7737556561085973 0.7697274031563845 0.058823529411764705 0.047345767575322814
29 0.6006787330316742 0.6413199426111909 0.08823529411764706 0.06025824964131994
