29 0.19683257918552036 0.7714723926380368 0.167420814479638 0.13190184049079753
29 0.7963800904977375 0.7714723926380368 0.167420814479638 0.13190184049079753
29 0.18665158371040724 0.21088957055214724 0.1244343891402715 0.11503067484662577
29 0.7861990950226244 0.21088957055214724 0.1244343891402715 0.11503067484662577
29 0.501131221719457 0.11503067484662577 0.18778280542986425 0.1687116564417178
29 0.48868778280542985 0.8788343558282209 0.16289592760180996 0.147239263803681
11 0.4751131221719457 0.4869631901840491 0.08144796380090498 0.1058282208588957
3 0.8088235294117647 0.8450920245398773 0.05203619909502263 0.06441717791411043
10 0.5180995475113123 0.4133435582822086 0.12669683257918551 0.14570552147239263
19 0.7828054298642534 0.06365030674846625 0.10407239819004525 0.09049079754601227
3 0.17081447963800905 0.4026073619631902 0.06561085972850679 0.05674846625766871
22 0.27601809954751133 0.7584355828220859 0.04524886877828054 0.03834355828220859
17 0.48642533936651583 0.7898773006134969 0.08144796380090498 0.046012269938650305
14 0.6391402714932126 0.5038343558282209 0.09728506787330317 0.07208588957055215
25 0.5757918552036199 0.3558282208588957 0.07918552036199095 0.03374233128834356
12 0.28054298642533937 0.8773006134969326 0.10407239819004525 0.0705521472392638
12 0.504524886877828 0.8688650306748467 0.09954751131221719 0.06595092024539877
