29 0.19683257918552036 0.7714723926380368 0.167420814479638 0.13190184049079753
29 0.7963800904977375 0.7714723926380368 0.167420814479638 0.13190184049079753
29 0.18665158371040724 0.21088957055214724 0.1244343891402715 0.11503067484662577
29 0.7861990950226244 0.21088957055214724 0.1244343891402715 0.11503067484662577
29 0.501131221719457 0.11503067484662577 0.18778280542986425 0.1687116564417178
29 0.48868778280542985 0.8788343558282209 0.16289592760180996 0.147239263803681
15 0.166289592760181 0.4946319018404908 0.04751131221719457 0.03834355828220859
12 0.7782805429864253 0.7569018404907976 0.09954751131221719 0.06595092024539877
12 0.8235294117647058 0.4516871165644172 0.09954751131221719 0.06595092024539877
28 0.8427601809954751 0.5053680981595092 0.10180995475113122 0.05368098159509203
26 0.07239819004524888 0.2906441717791411 0.13122171945701358 0.09662576687116564
28 0.3552036199095023 0.5375766871165644 0.1085972850678733 0.08128834355828221
25 0.9411764705882353 0.8144171779141104 0.03167420814479638 0.03067484662576687
