28 0.19014084507042253 0.76953125 0.15492957746478872 0.12834821428571427
28 0.7887323943661971 0.76953125 0.15492957746478872 0.12834821428571427
28 0.198943661971831 0.20870535714285715 0.15140845070422534 0.11160714285714286
28 0.7992957746478874 0.20870535714285715 0.15140845070422534 0.11160714285714286
28 0.5017605633802817 0.11049107142857142 0.19014084507042253 0.15401785714285715
28 0.49295774647887325 0.8733258928571429 0.17253521126760563 0.13727678571428573
14 0.0528169014084507 0.34151785714285715 0.09859154929577464 0.06696428571428571
18 0.25528169014084506 0.1015625 0.12323943661971831 0.0625
10 0.4964788732394366 0.6506696428571429 0.16549295774647887 0.10044642857142858
1 0.3028169014084507 0.6506696428571429 0.09859154929577464 0.049107142857142856
9 0.09154929577464789 0.6383928571428571 0.13732394366197184 0.09821428571428571
12 0.4964788732394366 0.43247767857142855 0.1267605633802817 0.05915178571428571
5 0.40669014084507044 0.5145089285714286 0.13380281690140844 0.08928571428571429
27 0.5369718309859155 0.31808035714285715 0.13028169014084506 0.07142857142857142
26 0.3257042253521127 0.052455357142857144 0.07746478873239436 0.05133928571428571
