28 0.19014084507042253 0.76953125 0.15492957746478872 0.12834821428571427
28 0.7887323943661971 0.76953125 0.15492957746478872 0.12834821428571427
28 0.198943661971831 0.20870535714285715 0.15140845070422534 0.11160714285714286
28 0.7992957746478874 0.20870535714285715 0.15140845070422534 0.11160714285714286
28 0.5017605633802817 0.11049107142857142 0.19014084507042253 0.15401785714285715
28 0.49295774647887325 0.8733258928571429 0.17253521126760563 0.13727678571428573
19 0.4524647887323944 0.6897321428571429 0.08098591549295775 0.05580357142857143
27 0.8221830985915493 0.6707589285714286 0.1056338028169014 0.08258928571428571
26 0.727112676056338 0.2767857142857143 0.08098591549295775 0.044642857142857144
23 0.5897887323943662 0.7996651785714286 0.02464788732394366 0.016741071428571428
21 0.6637323943661971 0.453125 0.09859154929577464 0.029017857142857144
