28 0.19014084507042253 0.76953125 0.15492957746478872 0.12834821428571427
28 0.7887323943661971 0.76953125 0.15492957746478872 0.12834821428571427
28 0.198943661971831 0.20870535714285715 0.15140845070422534 0.11160714285714286
28 0.7992957746478874 0.20870535714285715 0.15140845070422534 0.11160714285714286
28 0.5017605633802817 0.11049107142857142 0.19014084507042253 0.15401785714285715
28 0.49295774647887325 0.8733258928571429 0.17253521126760563 0.13727678571428573
15 0.551056338028169 0.7176339285714286 0.04929577464788732 0.03571428571428571
2 0.6725352112676056 0.44754464285714285 0.0880281690140845 0.09151785714285714
7 0.5105633802816901 0.5 0.19014084507042253 0.10267857142857142
27 0.8996478873239436 0.7756696428571429 0.1443661971830986 0.060267857142857144
26 0.49471830985915494 0.5591517857142857 0.07042253521126761 0.049107142857142856
