33 0.18778280542986425 0.7661406025824964 0.1493212669683258 0.12338593974175036
33 0.7873303167420814 0.7661406025824964 0.1493212669683258 0.12338593974175036
33 0.19796380090497737 0.20588235294117646 0.14705882352941177 0.10760401721664276
33 0.7975113122171946 0.20588235294117646 0.14705882352941177 0.10760401721664276
33 0.498868778280543 0.10760401721664276 0.1832579185520362 0.1492109038737446
33 0.49095022624434387 0.8708751793400287 0.167420814479638 0.13199426111908177
6 0.5656108597285068 0.4332855093256815 0.058823529411764705 0.028694404591104734
23 0.48868778280542985 0.6915351506456241 0.1493212669683258 0.08321377331420372
9 0.5690045248868778 0.38450502152080346 0.16968325791855204 0.11190817790530846
0 0.6911764705882353 0.7202295552367288 0.05656108597285068 0.054519368723098996
2 0.43665158371040724 0.5896700143472023 0.07692307692307693 0.08895265423242468
20 0.9049773755656109 0.5631276901004304 0.04524886877828054 0.05021520803443329
19 0.5475113122171946 0.48278335724533716 0.10407239819004525 0.08177905308464849
16 0.6142533936651584 0.5014347202295553 0.038461538461538464 0.027259684361549498
17 0.05542986425339366 0.1994261119081779 0.07918552036199095 0.04878048780487805
18 0.6866515837104072 0.5688665710186513 0.10180995475113122 0.05595408895265423
7 0.6742081447963801 0.5164992826398852 0.17647058823529413 0.10329985652797705
10 0.19004524886877827 0.5136298421807748 0.11312217194570136 0.06886657101865136
22 0.8031674208144797 0.593974175035868 0.13122171945701358 0.12338593974175036
20 0.1515837104072398 0.6312769010043041 0.04072398190045249 0.054519368723098996
5 0.5927601809954751 0.2898134863701578 0.06787330316742081 0.04591104734576758
11 0.31447963800904977 0.5989956958393113 0.12669683257918551 0.13629842180774748
27 0.4479638009049774 0.23385939741750358 0.10407239819004525 0.06599713055954089
31 0.745475113122172 0.10832137733142037 0.1244343891402715 0.021520803443328552
29 0.36425339366515835 0.10114777618364419 0.1085972850678733 0.07604017216642754
25 0.2692307692307692 0.4117647058823529 0.03167420814479638 0.028694404591104734
28 0.47171945701357465 0.43902439024390244 0.07013574660633484 0.05164992826398852
32 0.8212669683257918 0.9246771879483501 0.03167420814479638 0.021520803443328552
30 0.915158371040724 0.9411764705882353 0.1244343891402715 0.02295552367288379
26 0.3404977375565611 0.2934002869440459 0.1425339366515837 0.06743185078909612
25 0.3506787330316742 0.31563845050215206 0.03167420814479638 0.028694404591104734
27 0.6357466063348416 0.48637015781922527 0.10407239819004525 0.06599713055954089
28 0.2828054298642534 0.6750358680057389 0.058823529411764705 0.047345767575322814
31 0.9513574660633484 0.5652797704447633 0.06561085972850679 0.02295552367288379
29 0.36877828054298645 0.8070301291248206 0.1085972850678733 0.07604017216642754
