33 0.19014084507042253 0.76953125 0.15492957746478872 0.12834821428571427
33 0.7887323943661971 0.76953125 0.15492957746478872 0.12834821428571427
33 0.198943661971831 0.20870535714285715 0.15140845070422534 0.11160714285714286
33 0.7992957746478874 0.20870535714285715 0.15140845070422534 0.11160714285714286
33 0.5017605633802817 0.11049107142857142 0.19014084507042253 0.15401785714285715
33 0.49295774647887325 0.8733258928571429 0.17253521126760563 0.13727678571428573
11 0.25528169014084506 0.09933035714285714 0.14084507042253522 0.10491071428571429
7 0.8873239436619719 0.4575892857142857 0.07394366197183098 0.044642857142857144
22 0.13204225352112675 0.5089285714285714 0.12323943661971831 0.09598214285714286
23 0.32922535211267606 0.5904017857142857 0.08450704225352113 0.05580357142857143
0 0.613556338028169 0.234375 0.11091549295774648 0.05803571428571429
3 0.13204225352112675 0.48660714285714285 0.08450704225352113 0.125
19 0.545774647887324 0.7589285714285714 0.0528169014084507 0.03794642857142857
18 0.7077464788732394 0.5357142857142857 0.09507042253521127 0.06696428571428571
1 0.7623239436619719 0.5892857142857143 0.06690140845070422 0.05357142857142857
2 0.20950704225352113 0.5301339285714286 0.09859154929577464 0.05803571428571429
25 0.44366197183098594 0.5546875 0.16549295774647887 0.03125
28 0.6830985915492958 0.8364955357142857 0.02464788732394366 0.016741071428571428
