33 0.18778280542986425 0.7661406025824964 0.1493212669683258 0.12338593974175036
33 0.7873303167420814 0.7661406025824964 0.1493212669683258 0.12338593974175036
33 0.19796380090497737 0.20588235294117646 0.14705882352941177 0.10760401721664276
33 0.7975113122171946 0.20588235294117646 0.14705882352941177 0.10760401721664276
33 0.498868778280543 0.10760401721664276 0.1832579185520362 0.1492109038737446
33 0.49095022624434387 0.8708751793400287 0.167420814479638 0.13199426111908177
9 0.7794117647058824 0.5896700143472023 0.16968325791855204 0.11190817790530846
15 0.19004524886877827 0.6556671449067432 0.08144796380090498 0.05738880918220947
23 0.6097285067873304 0.5753228120516499 0.1425339366515837 0.0746054519368723
4 0.8133484162895928 0.6291248206599713 0.11990950226244344 0.08751793400286945
5 0.3065610859728507 0.6011477761836442 0.0746606334841629 0.03443328550932568
32 0.04524886877828054 0.9146341463414634 0.03167420814479638 0.021520803443328552
25 0.057692307692307696 0.09397417503586801 0.0746606334841629 0.027259684361549498
25 0.40497737556561086 0.11190817790530846 0.03167420814479638 0.028694404591104734
