29 0.19683257918552036 0.7714723926380368 0.167420814479638 0.13190184049079753
29 0.7963800904977375 0.7714723926380368 0.167420814479638 0.13190184049079753
29 0.18665158371040724 0.21088957055214724 0.1244343891402715 0.11503067484662577
29 0.7861990950226244 0.21088957055214724 0.1244343891402715 0.11503067484662577
29 0.501131221719457 0.11503067484662577 0.18778280542986425 0.1687116564417178
29 0.48868778280542985 0.8788343558282209 0.16289592760180996 0.147239263803681
3 0.75 0.37423312883435583 0.05203619909502263 0.06134969325153374
15 0.2160633484162896 0.5912576687116564 0.04751131221719457 0.03834355828220859
6 0.7239819004524887 0.7315950920245399 0.17647058823529413 0.11042944785276074
24 0.3936651583710407 0.8427914110429447 0.09502262443438914 0.0598159509202454
0 0.5441176470588235 0.07208588957055215 0.07013574660633484 0.049079754601226995
0 0.7296380090497737 0.4754601226993865 0.05656108597285068 0.05828220858895705
21 0.5090497737556561 0.07822085889570553 0.13122171945701358 0.13190184049079753
20 0.9671945701357466 0.07208588957055215 0.05203619909502263 0.06134969325153374
25 0.9445701357466063 0.5728527607361963 0.0746606334841629 0.029141104294478526
12 0.7217194570135747 0.6863496932515337 0.09954751131221719 0.06595092024539877
28 0.3246606334841629 0.0705521472392638 0.08823529411764706 0.06441717791411043
12 0.5135746606334841 0.36273006134969327 0.09954751131221719 0.06595092024539877
25 0.744343891402715 0.09202453987730061 0.03167420814479638 0.03067484662576687
12 0.5316742081447964 0.13650306748466257 0.10407239819004525 0.0705521472392638
