29 0.19683257918552036 0.7714723926380368 0.167420814479638 0.13190184049079753
29 0.7963800904977375 0.7714723926380368 0.167420814479638 0.13190184049079753
29 0.18665158371040724 0.21088957055214724 0.1244343891402715 0.11503067484662577
29 0.7861990950226244 0.21088957055214724 0.1244343891402715 0.11503067484662577
29 0.501131221719457 0.11503067484662577 0.18778280542986425 0.1687116564417178
29 0.48868778280542985 0.8788343558282209 0.16289592760180996 0.147239263803681
0 0.7816742081447964 0.5789877300613497 0.06561085972850679 0.05368098159509203
24 0.27149321266968324 0.8734662576687117 0.09502262443438914 0.0598159509202454
4 0.33597285067873306 0.6618098159509203 0.11990950226244344 0.09355828220858896
10 0.6131221719457014 0.37806748466257667 0.12669683257918551 0.14570552147239263
2 0.3054298642533937 0.7898773006134969 0.07692307692307693 0.0950920245398773
9 0.5859728506787331 0.629601226993865 0.10407239819004525 0.07515337423312883
18 0.9242081447963801 0.9486196319018405 0.083710407239819 0.05674846625766871
9 0.11312217194570136 0.5237730061349694 0.10407239819004525 0.07515337423312883
3 0.5192307692307693 0.4647239263803681 0.05203619909502263 0.06441717791411043
15 0.18099547511312217 0.9693251533742331 0.03167420814479638 0.03067484662576687
28 0.9038461538461539 0.330521472392638 0.10180995475113122 0.05368098159509203
28 0.3744343891402715 0.3581288343558282 0.10180995475113122 0.05368098159509203
28 0.31221719457013575 0.6173312883435583 0.1085972850678733 0.08128834355828221
25 0.2839366515837104 0.6411042944785276 0.07918552036199095 0.03374233128834356
25 0.34502262443438914 0.5529141104294478 0.0746606334841629 0.029141104294478526
12 0.25339366515837103 0.5805214723926381 0.09954751131221719 0.06595092024539877
26 0.829185520361991 0.8427914110429447 0.1425339366515837 0.07208588957055215
