33 0.18778280542986425 0.7661406025824964 0.1493212669683258 0.12338593974175036
33 0.7873303167420814 0.7661406025824964 0.1493212669683258 0.12338593974175036
33 0.19796380090497737 0.20588235294117646 0.14705882352941177 0.10760401721664276
33 0.7975113122171946 0.20588235294117646 0.14705882352941177 0.10760401721664276
33 0.498868778280543 0.10760401721664276 0.1832579185520362 0.1492109038737446
33 0.49095022624434387 0.8708751793400287 0.167420814479638 0.13199426111908177
17 0.9411764705882353 0.5774748923959828 0.07239819004524888 0.04447632711621234
19 0.755656108597285 0.6520803443328551 0.10407239819004525 0.08177905308464849
22 0.7805429864253394 0.5408895265423243 0.13122171945701358 0.12338593974175036
5 0.10180995475113122 0.5308464849354376 0.06787330316742081 0.04591104734576758
11 0.3936651583710407 0.6305595408895266 0.12669683257918551 0.13629842180774748
12 0.0757918552036199 0.11119081779053085 0.1334841628959276 0.0703012912482066
14 0.7104072398190046 0.669296987087518 0.09502262443438914 0.06456241032998565
23 0.7364253393665159 0.6499282639885222 0.1425339366515837 0.0746054519368723
10 0.7748868778280543 0.6119081779053085 0.11085972850678733 0.0703012912482066
13 0.34615384615384615 0.047345767575322814 0.09502262443438914 0.04591104734576758
31 0.6210407239819005 0.16355810616929697 0.06561085972850679 0.02295552367288379
30 0.38574660633484165 0.15064562410329985 0.1244343891402715 0.02295552367288379
27 0.3733031674208145 0.4232424677187948 0.10407239819004525 0.06599713055954089
29 0.6278280542986425 0.32711621233859395 0.08823529411764706 0.06025824964131994
31 0.8857466063348416 0.16571018651362984 0.1244343891402715 0.021520803443328552
