28 0.19014084507042253 0.76953125 0.15492957746478872 0.12834821428571427
28 0.7887323943661971 0.76953125 0.15492957746478872 0.12834821428571427
28 0.198943661971831 0.20870535714285715 0.15140845070422534 0.11160714285714286
28 0.7992957746478874 0.20870535714285715 0.15140845070422534 0.11160714285714286
28 0.5017605633802817 0.11049107142857142 0.19014084507042253 0.15401785714285715
28 0.49295774647887325 0.8733258928571429 0.17253521126760563 0.13727678571428573
8 0.12411971830985916 0.6277901785714286 0.058098591549295774 0.04799107142857143
15 0.20246478873239437 0.6741071428571429 0.05985915492957746 0.03794642857142857
5 0.24119718309859156 0.6450892857142857 0.1267605633802817 0.08258928571428571
11 0.5 0.6305803571428571 0.09859154929577464 0.08035714285714286
14 0.38204225352112675 0.49330357142857145 0.06690140845070422 0.08482142857142858
10 0.6690140845070423 0.5803571428571429 0.1795774647887324 0.10714285714285714
1 0.04753521126760563 0.5803571428571429 0.0880281690140845 0.05133928571428571
7 0.17077464788732394 0.6060267857142857 0.11971830985915492 0.11383928571428571
18 0.5193661971830986 0.4107142857142857 0.0880281690140845 0.05580357142857143
3 0.20246478873239437 0.5178571428571429 0.07394366197183098 0.05580357142857143
20 0.5519366197183099 0.28683035714285715 0.09683098591549295 0.017857142857142856
23 0.09859154929577464 0.14676339285714285 0.02464788732394366 0.016741071428571428
27 0.3380281690140845 0.5982142857142857 0.14084507042253522 0.06919642857142858
23 0.9348591549295775 0.9324776785714286 0.02464788732394366 0.016741071428571428
