33 0.18778280542986425 0.7661406025824964 0.1493212669683258 0.12338593974175036
33 0.7873303167420814 0.7661406025824964 0.1493212669683258 0.12338593974175036
33 0.19796380090497737 0.20588235294117646 0.14705882352941177 0.10760401721664276
33 0.7975113122171946 0.20588235294117646 0.14705882352941177 0.10760401721664276
33 0.498868778280543 0.10760401721664276 0.1832579185520362 0.1492109038737446
33 0.49095022624434387 0.8708751793400287 0.167420814479638 0.13199426111908177
24 0.34841628959276016 0.563845050215208 0.12217194570135746 0.08895265423242468
12 0.753393665158371 0.6104734576757532 0.13574660633484162 0.0703012912482066
2 0.31108597285067874 0.10186513629842181 0.0746606334841629 0.08321377331420372
8 0.9502262443438914 0.6908177905308465 0.06334841628959276 0.05021520803443329
17 0.9366515837104072 0.45480631276901007 0.08597285067873303 0.04591104734576758
14 0.41402714932126694 0.46700143472022954 0.09502262443438914 0.06456241032998565
23 0.29751131221719457 0.5868005738880918 0.1425339366515837 0.0746054519368723
14 0.34841628959276016 0.04519368723098996 0.09502262443438914 0.06456241032998565
29 0.4830316742081448 0.8077474892395983 0.083710407239819 0.08321377331420372
32 0.33031674208144796 0.2532281205164993 0.03167420814479638 0.021520803443328552
26 0.4061085972850679 0.6420373027259685 0.1425339366515837 0.06743185078909612
