33 0.18778280542986425 0.7661406025824964 0.1493212669683258 0.12338593974175036
33 0.7873303167420814 0.7661406025824964 0.1493212669683258 0.12338593974175036
33 0.19796380090497737 0.20588235294117646 0.14705882352941177 0.10760401721664276
33 0.7975113122171946 0.20588235294117646 0.14705882352941177 0.10760401721664276
33 0.498868778280543 0.10760401721664276 0.1832579185520362 0.1492109038737446
33 0.49095022624434387 0.8708751793400287 0.167420814479638 0.13199426111908177
6 0.33031674208144796 0.47919655667144906 0.058823529411764705 0.028694404591104734
1 0.8371040723981901 0.5473457675753228 0.07692307692307693 0.05595408895265423
0 0.08710407239819004 0.7259684361549498 0.05656108597285068 0.054519368723098996
21 0.21832579185520362 0.6779053084648493 0.04751131221719457 0.05021520803443329
5 0.8031674208144797 0.4921090387374462 0.06787330316742081 0.04591104734576758
4 0.6108597285067874 0.687948350071736 0.12217194570135746 0.09325681492109039
22 0.32805429864253394 0.5078909612625538 0.13122171945701358 0.12338593974175036
7 0.47285067873303166 0.569583931133429 0.167420814479638 0.09182209469153516
8 0.3257918552036199 0.6850789096126255 0.06334841628959276 0.05021520803443329
12 0.2703619909502262 0.4784791965566714 0.1334841628959276 0.0703012912482066
2 0.9332579185520362 0.533715925394548 0.0746606334841629 0.08321377331420372
6 0.2850678733031674 0.5408895265423243 0.058823529411764705 0.028694404591104734
26 0.4819004524886878 0.4612625538020086 0.13122171945701358 0.09038737446197992
27 0.748868778280543 0.15710186513629842 0.10407239819004525 0.06743185078909612
29 0.505656108597285 0.7654232424677188 0.10180995475113122 0.05021520803443329
32 0.8552036199095022 0.7094691535150646 0.03167420814479638 0.021520803443328552
28 0.8269230769230769 0.5961262553802008 0.06108597285067873 0.05021520803443329
31 0.5916289592760181 0.578909612625538 0.1244343891402715 0.021520803443328552
32 0.8642533936651584 0.8242467718794835 0.03167420814479638 0.021520803443328552
29 0.6289592760180995 0.33931133428981347 0.1085972850678733 0.07604017216642754
30 0.6549773755656109 0.08177905308464849 0.1244343891402715 0.02295552367288379
27 0.583710407239819 0.866571018651363 0.10407239819004525 0.06599713055954089
28 0.47850678733031676 0.812051649928264 0.07013574660633484 0.05164992826398852
25 0.9547511312217195 0.5 0.08597285067873303 0.04160688665710186
31 0.28846153846153844 0.5121951219512195 0.06561085972850679 0.02295552367288379
