33 0.18778280542986425 0.7661406025824964 0.1493212669683258 0.12338593974175036
33 0.7873303167420814 0.7661406025824964 0.1493212669683258 0.12338593974175036
33 0.19796380090497737 0.20588235294117646 0.14705882352941177 0.10760401721664276
33 0.7975113122171946 0.20588235294117646 0.14705882352941177 0.10760401721664276
33 0.498868778280543 0.10760401721664276 0.1832579185520362 0.1492109038737446
33 0.49095022624434387 0.8708751793400287 0.167420814479638 0.13199426111908177
6 0.083710407239819 0.3098995695839311 0.058823529411764705 0.028694404591104734
0 0.5927601809954751 0.53012912482066 0.049773755656108594 0.04447632711621234
12 0.24434389140271492 0.11406025824964132 0.13574660633484162 0.0703012912482066
11 0.8914027149321267 0.5014347202295553 0.12669683257918551 0.13629842180774748
24 0.6470588235294118 0.6413199426111909 0.12217194570135746 0.08895265423242468
23 0.5644796380090498 0.46771879483500717 0.1425339366515837 0.0746054519368723
8 0.07352941176470588 0.7898134863701578 0.05203619909502263 0.03873744619799139
18 0.06900452488687783 0.3479196556671449 0.10180995475113122 0.05595408895265423
9 0.8495475113122172 0.6327116212338594 0.16968325791855204 0.11190817790530846
32 0.3054298642533937 0.6707317073170732 0.03167420814479638 0.021520803443328552
