33 0.18778280542986425 0.7661406025824964 0.1493212669683258 0.12338593974175036
33 0.7873303167420814 0.7661406025824964 0.1493212669683258 0.12338593974175036
33 0.19796380090497737 0.20588235294117646 0.14705882352941177 0.10760401721664276
33 0.7975113122171946 0.20588235294117646 0.14705882352941177 0.10760401721664276
33 0.498868778280543 0.10760401721664276 0.1832579185520362 0.1492109038737446
33 0.49095022624434387 0.8708751793400287 0.167420814479638 0.13199426111908177
24 0.7104072398190046 0.4634146341463415 0.12217194570135746 0.08895265423242468
28 0.5667420814479638 0.28694404591104733 0.07013574660633484 0.05164992826398852
25 0.8280542986425339 0.4282639885222382 0.08597285067873303 0.04160688665710186
32 0.27601809954751133 0.34218077474892394 0.03167420814479638 0.021520803443328552
