33 0.18778280542986425 0.7661406025824964 0.1493212669683258 0.12338593974175036
33 0.7873303167420814 0.7661406025824964 0.1493212669683258 0.12338593974175036
33 0.19796380090497737 0.20588235294117646 0.14705882352941177 0.10760401721664276
33 0.7975113122171946 0.20588235294117646 0.14705882352941177 0.10760401721664276
33 0.498868778280543 0.10760401721664276 0.1832579185520362 0.1492109038737446
33 0.49095022624434387 0.8708751793400287 0.167420814479638 0.13199426111908177
21 0.7850678733031674 0.5710186513629842 0.058823529411764705 0.05164992826398852
11 0.2330316742081448 0.5215208034433285 0.12669683257918551 0.13629842180774748
9 0.5214932126696833 0.3988522238163558 0.16968325791855204 0.11190817790530846
7 0.35180995475113125 0.6183644189383071 0.11085972850678733 0.10329985652797705
5 0.24773755656108598 0.6987087517934003 0.0746606334841629 0.03443328550932568
0 0.27941176470588236 0.06599713055954089 0.06108597285067873 0.04878048780487805
17 0.19683257918552036 0.5846484935437589 0.06787330316742081 0.047345767575322814
20 0.8031674208144797 0.6477761836441894 0.04524886877828054 0.05021520803443329
4 0.07352941176470588 0.12410329985652797 0.11990950226244344 0.09038737446197992
10 0.7794117647058824 0.5860832137733142 0.11085972850678733 0.0703012912482066
12 0.5882352941176471 0.4017216642754663 0.09502262443438914 0.07173601147776183
22 0.11312217194570136 0.48923959827833574 0.13122171945701358 0.12338593974175036
23 0.15271493212669685 0.10114777618364419 0.1334841628959276 0.09612625538020086
5 0.34728506787330315 0.06456241032998565 0.0746606334841629 0.03443328550932568
15 0.5158371040723982 0.5832137733142038 0.05429864253393665 0.06743185078909612
21 0.5644796380090498 0.43543758967001434 0.04751131221719457 0.05021520803443329
11 0.5135746606334841 0.3780487804878049 0.12669683257918551 0.13629842180774748
13 0.916289592760181 0.6843615494978479 0.09502262443438914 0.04591104734576758
19 0.8235294117647058 0.5703012912482066 0.10407239819004525 0.08177905308464849
20 0.08144796380090498 0.5200860832137734 0.04524886877828054 0.05021520803443329
0 0.9287330316742082 0.5839311334289814 0.06108597285067873 0.04878048780487805
3 0.13914027149321267 0.10401721664275466 0.06561085972850679 0.05308464849354376
24 0.5 0.3902439024390244 0.12217194570135746 0.08895265423242468
8 0.49321266968325794 0.3235294117647059 0.06334841628959276 0.05021520803443329
14 0.11538461538461539 0.5659971305595409 0.09502262443438914 0.06456241032998565
9 0.8880090497737556 0.6571018651362984 0.16968325791855204 0.11190817790530846
4 0.21945701357466063 0.11549497847919656 0.12217194570135746 0.09325681492109039
10 0.8461538461538461 0.6549497847919655 0.10407239819004525 0.0703012912482066
18 0.503393665158371 0.5229555236728838 0.083710407239819 0.05308464849354376
6 0.4796380090497738 0.33787661406025826 0.04524886877828054 0.035868005738880916
17 0.45701357466063347 0.6076040172166427 0.07239819004524888 0.04447632711621234
1 0.7138009049773756 0.9031563845050216 0.083710407239819 0.047345767575322814
26 0.9072398190045249 0.6520803443328551 0.13122171945701358 0.09038737446197992
32 0.916289592760181 0.8859397417503587 0.03167420814479638 0.021520803443328552
25 0.6787330316742082 0.7094691535150646 0.08597285067873303 0.04160688665710186
30 0.6074660633484162 0.9196556671449068 0.1244343891402715 0.02295552367288379
27 0.45701357466063347 0.5380200860832137 0.10407239819004525 0.06599713055954089
30 0.17081447963800905 0.12482065997130559 0.1244343891402715 0.02295552367288379
28 0.4423076923076923 0.5573888091822095 0.06108597285067873 0.05021520803443329
31 0.3156108597285068 0.8579626972740315 0.06561085972850679 0.02295552367288379
25 0.8936651583710408 0.7797704447632712 0.08597285067873303 0.04160688665710186
32 0.7941176470588235 0.2747489239598278 0.03167420814479638 0.021520803443328552
29 0.1346153846153846 0.29555236728837875 0.083710407239819 0.08321377331420372
26 0.21153846153846154 0.6276901004304161 0.1425339366515837 0.06743185078909612
27 0.5248868778280543 0.44261119081779055 0.09954751131221719 0.06169296987087518
29 0.9309954751131222 0.6140602582496413 0.08823529411764706 0.06025824964131994
32 0.581447963800905 0.9103299856527977 0.03167420814479638 0.021520803443328552
27 0.4434389140271493 0.8931133428981348 0.10407239819004525 0.06743185078909612
