28 0.19014084507042253 0.76953125 0.15492957746478872 0.12834821428571427
28 0.7887323943661971 0.76953125 0.15492957746478872 0.12834821428571427
28 0.198943661971831 0.20870535714285715 0.15140845070422534 0.11160714285714286
28 0.7992957746478874 0.20870535714285715 0.15140845070422534 0.11160714285714286
28 0.5017605633802817 0.11049107142857142 0.19014084507042253 0.15401785714285715
28 0.49295774647887325 0.8733258928571429 0.17253521126760563 0.13727678571428573
17 0.3908450704225352 0.6875 0.11267605633802817 0.06473214285714286
18 0.676056338028169 0.4252232142857143 0.08098591549295775 0.05580357142857143
8 0.5721830985915493 0.41629464285714285 0.07746478873239436 0.046875
16 0.4876760563380282 0.6439732142857143 0.07746478873239436 0.05580357142857143
7 0.5563380281690141 0.26004464285714285 0.19014084507042253 0.10267857142857142
27 0.528169014084507 0.48995535714285715 0.16549295774647887 0.07142857142857142
21 0.9348591549295775 0.27901785714285715 0.04225352112676056 0.033482142857142856
26 0.40669014084507044 0.7209821428571429 0.07394366197183098 0.04241071428571429
20 0.9392605633802817 0.9202008928571429 0.051056338028169015 0.018973214285714284
