29 0.19683257918552036 0.7714723926380368 0.167420814479638 0.13190184049079753
29 0.7963800904977375 0.7714723926380368 0.167420814479638 0.13190184049079753
29 0.18665158371040724 0.21088957055214724 0.1244343891402715 0.11503067484662577
29 0.7861990950226244 0.21088957055214724 0.1244343891402715 0.11503067484662577
29 0.501131221719457 0.11503067484662577 0.18778280542986425 0.1687116564417178
29 0.48868778280542985 0.8788343558282209 0.16289592760180996 0.147239263803681
17 0.20927601809954752 0.5038343558282209 0.07013574660633484 0.04754601226993865
4 0.08484162895927602 0.7753067484662577 0.11990950226244344 0.09662576687116564
26 0.5101809954751131 0.7998466257668712 0.1425339366515837 0.07208588957055215
27 0.7352941176470589 0.11886503067484662 0.058823529411764705 0.05061349693251534
12 0.19457013574660634 0.5467791411042945 0.09954751131221719 0.06595092024539877
