33 0.18778280542986425 0.7661406025824964 0.1493212669683258 0.12338593974175036
33 0.7873303167420814 0.7661406025824964 0.1493212669683258 0.12338593974175036
33 0.19796380090497737 0.20588235294117646 0.14705882352941177 0.10760401721664276
33 0.7975113122171946 0.20588235294117646 0.14705882352941177 0.10760401721664276
33 0.498868778280543 0.10760401721664276 0.1832579185520362 0.1492109038737446
33 0.49095022624434387 0.8708751793400287 0.167420814479638 0.13199426111908177
23 0.16063348416289594 0.6226685796269728 0.1493212669683258 0.08321377331420372
6 0.04524886877828054 0.7230989956958394 0.058823529411764705 0.028694404591104734
21 0.19796380090497737 0.04949784791965567 0.07918552036199095 0.047345767575322814
2 0.7307692307692307 0.5208034433285509 0.07692307692307693 0.08895265423242468
13 0.5995475113122172 0.5437589670014347 0.06787330316742081 0.04591104734576758
7 0.6018099547511312 0.6499282639885222 0.17647058823529413 0.10329985652797705
18 0.4242081447963801 0.687948350071736 0.09728506787330317 0.06456241032998565
3 0.033936651583710405 0.35294117647058826 0.049773755656108594 0.05164992826398852
1 0.08597285067873303 0.7080344332855093 0.09049773755656108 0.06169296987087518
5 0.5520361990950227 0.5595408895265424 0.06787330316742081 0.04591104734576758
14 0.3506787330316742 0.663558106169297 0.09502262443438914 0.06456241032998565
0 0.36877828054298645 0.5071736011477762 0.049773755656108594 0.04447632711621234
19 0.3393665158371041 0.5416068866571019 0.10407239819004525 0.08464849354375897
4 0.5667420814479638 0.6901004304160688 0.11085972850678733 0.08321377331420372
13 0.32805429864253394 0.11764705882352941 0.09502262443438914 0.04591104734576758
1 0.07239819004524888 0.633428981348637 0.09502262443438914 0.06169296987087518
22 0.19683257918552036 0.6398852223816356 0.13122171945701358 0.12338593974175036
14 0.8880090497737556 0.46413199426111906 0.09728506787330317 0.06743185078909612
17 0.9411764705882353 0.5810616929698709 0.08597285067873303 0.04591104734576758
11 0.744343891402715 0.6076040172166427 0.12669683257918551 0.13629842180774748
23 0.17307692307692307 0.5760401721664276 0.1334841628959276 0.09612625538020086
9 0.7861990950226244 0.5078909612625538 0.16968325791855204 0.11190817790530846
10 0.4660633484162896 0.5236728837876614 0.11312217194570136 0.06886657101865136
20 0.0418552036199095 0.8472022955523673 0.042986425339366516 0.05308464849354376
5 0.48642533936651583 0.4734576757532281 0.06787330316742081 0.04591104734576758
8 0.7941176470588235 0.5401721664275466 0.06334841628959276 0.05021520803443329
3 0.8031674208144797 0.6169296987087518 0.058823529411764705 0.05738880918220947
15 0.6628959276018099 0.26040172166427544 0.09502262443438914 0.05595408895265423
12 0.042986425339366516 0.23457675753228122 0.08144796380090498 0.09899569583931134
16 0.6266968325791855 0.6979913916786227 0.05429864253393665 0.03299856527977044
6 0.3190045248868778 0.5688665710186513 0.04524886877828054 0.035868005738880916
2 0.4106334841628959 0.5193687230989957 0.0746606334841629 0.08321377331420372
7 0.3585972850678733 0.4734576757532281 0.11085972850678733 0.10329985652797705
24 0.48642533936651583 0.5136298421807748 0.12217194570135746 0.08895265423242468
18 0.5622171945701357 0.6807747489239598 0.09728506787330317 0.06456241032998565
26 0.8733031674208145 0.21449067431850788 0.13122171945701358 0.09038737446197992
29 0.8472850678733032 0.539454806312769 0.08823529411764706 0.06025824964131994
27 0.4072398190045249 0.33070301291248205 0.09954751131221719 0.06169296987087518
27 0.9072398190045249 0.2776183644189383 0.10407239819004525 0.06743185078909612
26 0.666289592760181 0.9203730272596844 0.1425339366515837 0.06743185078909612
28 0.33597285067873306 0.8694404591104734 0.07013574660633484 0.05164992826398852
31 0.39705882352941174 0.7560975609756098 0.06561085972850679 0.02295552367288379
30 0.6979638009049773 0.49426111908177905 0.06561085972850679 0.024390243902439025
29 0.8608597285067874 0.8005738880918221 0.083710407239819 0.08321377331420372
32 0.36877828054298645 0.870157819225251 0.03167420814479638 0.021520803443328552
