33 0.18778280542986425 0.7661406025824964 0.1493212669683258 0.12338593974175036
33 0.7873303167420814 0.7661406025824964 0.1493212669683258 0.12338593974175036
33 0.19796380090497737 0.20588235294117646 0.14705882352941177 0.10760401721664276
33 0.7975113122171946 0.20588235294117646 0.14705882352941177 0.10760401721664276
33 0.498868778280543 0.10760401721664276 0.1832579185520362 0.1492109038737446
33 0.49095022624434387 0.8708751793400287 0.167420814479638 0.13199426111908177
3 0.2816742081447964 0.5982783357245337 0.05203619909502263 0.06025824964131994
12 0.14027149321266968 0.10186513629842181 0.09502262443438914 0.07173601147776183
4 0.6052036199095022 0.48493543758967 0.11085972850678733 0.08321377331420372
17 0.5565610859728507 0.5121951219512195 0.08144796380090498 0.043041606886657105
24 0.5497737556561086 0.2926829268292683 0.12217194570135746 0.08895265423242468
18 0.33144796380090497 0.04232424677187949 0.10180995475113122 0.05595408895265423
22 0.19004524886877827 0.5437589670014347 0.13122171945701358 0.12338593974175036
14 0.2398190045248869 0.6492109038737446 0.09502262443438914 0.06456241032998565
27 0.23755656108597284 0.8823529411764706 0.10407239819004525 0.06599713055954089
