29 0.19683257918552036 0.7714723926380368 0.167420814479638 0.13190184049079753
29 0.7963800904977375 0.7714723926380368 0.167420814479638 0.13190184049079753
29 0.18665158371040724 0.21088957055214724 0.1244343891402715 0.11503067484662577
29 0.7861990950226244 0.21088957055214724 0.1244343891402715 0.11503067484662577
29 0.501131221719457 0.11503067484662577 0.18778280542986425 0.1687116564417178
29 0.48868778280542985 0.8788343558282209 0.16289592760180996 0.147239263803681
0 0.06561085972850679 0.933282208588957 0.049773755656108594 0.04754601226993865
9 0.09049773755656108 0.9309815950920245 0.11312217194570136 0.0736196319018405
11 0.23755656108597284 0.7599693251533742 0.08144796380090498 0.1058282208588957
16 0.6244343891402715 0.8895705521472392 0.08597285067873303 0.049079754601226995
0 0.7081447963800905 0.24616564417177914 0.05429864253393665 0.05368098159509203
28 0.5871040723981901 0.17714723926380369 0.10180995475113122 0.05368098159509203
28 0.49434389140271495 0.8381901840490797 0.10180995475113122 0.05368098159509203
25 0.18438914027149322 0.11809815950920245 0.07918552036199095 0.03374233128834356
12 0.21945701357466063 0.34892638036809814 0.09954751131221719 0.06595092024539877
28 0.5475113122171946 0.8550613496932515 0.1085972850678733 0.08128834355828221
12 0.46153846153846156 0.6618098159509203 0.09954751131221719 0.06595092024539877
26 0.6391402714932126 0.4854294478527607 0.1425339366515837 0.07208588957055215
