33 0.18778280542986425 0.7661406025824964 0.1493212669683258 0.12338593974175036
33 0.7873303167420814 0.7661406025824964 0.1493212669683258 0.12338593974175036
33 0.19796380090497737 0.20588235294117646 0.14705882352941177 0.10760401721664276
33 0.7975113122171946 0.20588235294117646 0.14705882352941177 0.10760401721664276
33 0.498868778280543 0.10760401721664276 0.1832579185520362 0.1492109038737446
33 0.49095022624434387 0.8708751793400287 0.167420814479638 0.13199426111908177
18 0.8563348416289592 0.46269727403156385 0.10180995475113122 0.05595408895265423
21 0.24434389140271492 0.07173601147776183 0.058823529411764705 0.05164992826398852
19 0.7352941176470589 0.4713055954088953 0.10407239819004525 0.08464849354375897
3 0.11085972850678733 0.5150645624103299 0.058823529411764705 0.05738880918220947
8 0.498868778280543 0.35078909612625536 0.04751131221719457 0.04447632711621234
24 0.8529411764705882 0.6657101865136298 0.12217194570135746 0.08895265423242468
2 0.08823529411764706 0.3629842180774749 0.07692307692307693 0.08895265423242468
22 0.5090497737556561 0.6398852223816356 0.13122171945701358 0.12338593974175036
7 0.7013574660633484 0.5538020086083214 0.167420814479638 0.09182209469153516
0 0.7262443438914027 0.6147776183644189 0.05429864253393665 0.05021520803443329
5 0.15723981900452488 0.6786226685796269 0.0746606334841629 0.03443328550932568
18 0.505656108597285 0.2890961262553802 0.083710407239819 0.05308464849354376
14 0.5361990950226244 0.25896700143472023 0.09502262443438914 0.06456241032998565
23 0.668552036199095 0.6664275466284074 0.1334841628959276 0.09612625538020086
13 0.916289592760181 0.599713055954089 0.06787330316742081 0.04591104734576758
17 0.04072398190045249 0.7202295552367288 0.08144796380090498 0.043041606886657105
6 0.6085972850678733 0.4971305595408895 0.04524886877828054 0.035868005738880916
10 0.9128959276018099 0.6664275466284074 0.07918552036199095 0.06743185078909612
16 0.10972850678733032 0.6154949784791965 0.05656108597285068 0.04591104734576758
20 0.9604072398190046 0.5903873744619799 0.042986425339366516 0.05308464849354376
4 0.11312217194570136 0.08536585365853659 0.12217194570135746 0.09325681492109039
11 0.7126696832579186 0.6492109038737446 0.12669683257918551 0.13629842180774748
9 0.584841628959276 0.38880918220946914 0.16968325791855204 0.11190817790530846
1 0.7081447963800905 0.5143472022955524 0.09502262443438914 0.06169296987087518
15 0.17194570135746606 0.5717360114777619 0.09502262443438914 0.05595408895265423
12 0.5158371040723982 0.34074605451936874 0.13574660633484162 0.0703012912482066
25 0.5916289592760181 0.7790530846484935 0.07918552036199095 0.03156384505021521
31 0.15723981900452488 0.1908177905308465 0.06561085972850679 0.02295552367288379
28 0.12330316742081449 0.5882352941176471 0.07013574660633484 0.05164992826398852
32 0.8144796380090498 0.7754662840746055 0.03167420814479638 0.021520803443328552
31 0.5418552036199095 0.6764705882352942 0.1244343891402715 0.021520803443328552
30 0.6527149321266968 0.6133428981348638 0.06561085972850679 0.024390243902439025
25 0.4321266968325792 0.22166427546628406 0.08597285067873303 0.04160688665710186
27 0.3914027149321267 0.3981348637015782 0.10407239819004525 0.06743185078909612
32 0.4343891402714932 0.10688665710186514 0.03167420814479638 0.021520803443328552
28 0.20475113122171945 0.14347202295552366 0.07013574660633484 0.05164992826398852
29 0.8970588235294118 0.9583931133428981 0.08823529411764706 0.06025824964131994
26 0.3031674208144796 0.3751793400286944 0.13122171945701358 0.09038737446197992
28 0.7273755656108597 0.5473457675753228 0.06108597285067873 0.05021520803443329
25 0.47171945701357465 0.31850789096126253 0.07918552036199095 0.03156384505021521
