33 0.18778280542986425 0.7661406025824964 0.1493212669683258 0.12338593974175036
33 0.7873303167420814 0.7661406025824964 0.1493212669683258 0.12338593974175036
33 0.19796380090497737 0.20588235294117646 0.14705882352941177 0.10760401721664276
33 0.7975113122171946 0.20588235294117646 0.14705882352941177 0.10760401721664276
33 0.498868778280543 0.10760401721664276 0.1832579185520362 0.1492109038737446
33 0.49095022624434387 0.8708751793400287 0.167420814479638 0.13199426111908177
16 0.504524886877828 0.7553802008608321 0.049773755656108594 0.04160688665710186
9 0.167420814479638 0.524390243902439 0.167420814479638 0.11047345767575323
15 0.17420814479638008 0.6226685796269728 0.08144796380090498 0.05738880918220947
2 0.20701357466063347 0.08751793400286945 0.0746606334841629 0.08321377331420372
2 0.6346153846153846 0.5509325681492109 0.0746606334841629 0.08321377331420372
16 0.8404977375565611 0.44261119081779055 0.038461538461538464 0.027259684361549498
7 0.49547511312217196 0.3299856527977044 0.17647058823529413 0.10329985652797705
11 0.669683257918552 0.6362984218077475 0.12669683257918551 0.13629842180774748
6 0.21266968325791855 0.5573888091822095 0.04524886877828054 0.035868005738880916
