29 0.19683257918552036 0.7714723926380368 0.167420814479638 0.13190184049079753
29 0.7963800904977375 0.7714723926380368 0.167420814479638 0.13190184049079753
29 0.18665158371040724 0.21088957055214724 0.1244343891402715 0.11503067484662577
29 0.7861990950226244 0.21088957055214724 0.1244343891402715 0.11503067484662577
29 0.501131221719457 0.11503067484662577 0.18778280542986425 0.1687116564417178
29 0.48868778280542985 0.8788343558282209 0.16289592760180996 0.147239263803681
4 0.08031674208144797 0.4624233128834356 0.11990950226244344 0.09355828220858896
0 0.7748868778280543 0.8819018404907976 0.06108597285067873 0.05214723926380368
20 0.6493212669683258 0.054447852760736194 0.04524886877828054 0.05368098159509203
27 0.8789592760180995 0.18865030674846625 0.07013574660633484 0.05521472392638037
25 0.7658371040723982 0.39033742331288346 0.0746606334841629 0.029141104294478526
27 0.746606334841629 0.5575153374233128 0.058823529411764705 0.05061349693251534
25 0.19796380090497737 0.10889570552147239 0.07918552036199095 0.03374233128834356
12 0.6018099547511312 0.17101226993865032 0.09954751131221719 0.06595092024539877
27 0.252262443438914 0.23773006134969324 0.07013574660633484 0.05521472392638037
