33 0.18778280542986425 0.7661406025824964 0.1493212669683258 0.12338593974175036
33 0.7873303167420814 0.7661406025824964 0.1493212669683258 0.12338593974175036
33 0.19796380090497737 0.20588235294117646 0.14705882352941177 0.10760401721664276
33 0.7975113122171946 0.20588235294117646 0.14705882352941177 0.10760401721664276
33 0.498868778280543 0.10760401721664276 0.1832579185520362 0.1492109038737446
33 0.49095022624434387 0.8708751793400287 0.167420814479638 0.13199426111908177
6 0.058823529411764705 0.8299856527977044 0.04524886877828054 0.035868005738880916
13 0.05995475113122172 0.806312769010043 0.083710407239819 0.06312769010043041
23 0.5622171945701357 0.4878048780487805 0.1425339366515837 0.0746054519368723
16 0.581447963800905 0.5021520803443329 0.03167420814479638 0.028694404591104734
11 0.7126696832579186 0.5875179340028694 0.12669683257918551 0.13629842180774748
15 0.10180995475113122 0.043041606886657105 0.05429864253393665 0.08608321377331421
22 0.2149321266968326 0.5968436154949784 0.13122171945701358 0.12338593974175036
18 0.17986425339366516 0.12266857962697274 0.10180995475113122 0.05595408895265423
10 0.4626696832579186 0.5329985652797704 0.11085972850678733 0.0703012912482066
7 0.7771493212669683 0.6212338593974175 0.11085972850678733 0.10329985652797705
