33 0.19014084507042253 0.76953125 0.15492957746478872 0.12834821428571427
33 0.7887323943661971 0.76953125 0.15492957746478872 0.12834821428571427
33 0.198943661971831 0.20870535714285715 0.15140845070422534 0.11160714285714286
33 0.7992957746478874 0.20870535714285715 0.15140845070422534 0.11160714285714286
33 0.5017605633802817 0.11049107142857142 0.19014084507042253 0.15401785714285715
33 0.49295774647887325 0.8733258928571429 0.17253521126760563 0.13727678571428573
1 0.3274647887323944 0.5133928571428571 0.07042253521126761 0.044642857142857144
30 0.6126760563380281 0.8950892857142857 0.09859154929577464 0.08035714285714286
31 0.3767605633802817 0.7845982142857143 0.07394366197183098 0.044642857142857144
27 0.5977112676056338 0.0625 0.051056338028169015 0.017857142857142856
32 0.8116197183098591 0.24888392857142858 0.13028169014084506 0.07142857142857142
