28 0.19014084507042253 0.76953125 0.15492957746478872 0.12834821428571427
28 0.7887323943661971 0.76953125 0.15492957746478872 0.12834821428571427
28 0.198943661971831 0.20870535714285715 0.15140845070422534 0.11160714285714286
28 0.7992957746478874 0.20870535714285715 0.15140845070422534 0.11160714285714286
28 0.5017605633802817 0.11049107142857142 0.19014084507042253 0.15401785714285715
28 0.49295774647887325 0.8733258928571429 0.17253521126760563 0.13727678571428573
18 0.426056338028169 0.6473214285714286 0.08098591549295775 0.060267857142857144
17 0.07746478873239436 0.5178571428571429 0.08098591549295775 0.05803571428571429
9 0.09154929577464789 0.07924107142857142 0.13732394366197184 0.09821428571428571
16 0.721830985915493 0.6071428571428571 0.07394366197183098 0.05803571428571429
1 0.07922535211267606 0.46875 0.11267605633802817 0.05133928571428571
5 0.8362676056338029 0.640625 0.1267605633802817 0.09375
20 0.5044014084507042 0.05412946428571429 0.051056338028169015 0.018973214285714284
27 0.823943661971831 0.5100446428571429 0.13028169014084506 0.08035714285714286
26 0.18838028169014084 0.5424107142857143 0.06690140845070422 0.05580357142857143
25 0.3274647887323944 0.4497767857142857 0.1056338028169014 0.08705357142857142
