29 0.19683257918552036 0.7714723926380368 0.167420814479638 0.13190184049079753
29 0.7963800904977375 0.7714723926380368 0.167420814479638 0.13190184049079753
29 0.18665158371040724 0.21088957055214724 0.1244343891402715 0.11503067484662577
29 0.7861990950226244 0.21088957055214724 0.1244343891402715 0.11503067484662577
29 0.501131221719457 0.11503067484662577 0.18778280542986425 0.1687116564417178
29 0.48868778280542985 0.8788343558282209 0.16289592760180996 0.147239263803681
16 0.16968325791855204 0.6756134969325154 0.08144796380090498 0.05674846625766871
0 0.11877828054298642 0.16257668711656442 0.07013574660633484 0.049079754601226995
12 0.5701357466063348 0.8888036809815951 0.10407239819004525 0.07208588957055215
18 0.6866515837104072 0.3427914110429448 0.10180995475113122 0.0598159509202454
15 0.38235294117647056 0.7829754601226994 0.049773755656108594 0.04447852760736196
25 0.6527149321266968 0.3412576687116564 0.0746606334841629 0.029141104294478526
28 0.21266968325791855 0.3934049079754601 0.1085972850678733 0.08128834355828221
26 0.27714932126696834 0.370398773006135 0.1425339366515837 0.07208588957055215
25 0.16402714932126697 0.3121165644171779 0.0746606334841629 0.029141104294478526
26 0.753393665158371 0.6265337423312883 0.13122171945701358 0.09662576687116564
