33 0.18778280542986425 0.7661406025824964 0.1493212669683258 0.12338593974175036
33 0.7873303167420814 0.7661406025824964 0.1493212669683258 0.12338593974175036
33 0.19796380090497737 0.20588235294117646 0.14705882352941177 0.10760401721664276
33 0.7975113122171946 0.20588235294117646 0.14705882352941177 0.10760401721664276
33 0.498868778280543 0.10760401721664276 0.1832579185520362 0.1492109038737446
33 0.49095022624434387 0.8708751793400287 0.167420814479638 0.13199426111908177
8 0.3993212669683258 0.6736011477761836 0.04751131221719457 0.04447632711621234
17 0.05995475113122172 0.3048780487804878 0.07013574660633484 0.04447632711621234
6 0.6470588235294118 0.5021520803443329 0.058823529411764705 0.028694404591104734
16 0.17420814479638008 0.5236728837876614 0.03167420814479638 0.028694404591104734
14 0.5305429864253394 0.3149210903873745 0.09728506787330317 0.06743185078909612
7 0.4479638009049774 0.48206599713055953 0.13574660633484162 0.0975609756097561
20 0.332579185520362 0.046628407460545196 0.07692307692307693 0.05021520803443329
1 0.43552036199095023 0.5753228120516499 0.05656108597285068 0.05738880918220947
27 0.1244343891402715 0.6477761836441894 0.10407239819004525 0.06743185078909612
27 0.4751131221719457 0.93974175035868 0.10407239819004525 0.06599713055954089
30 0.6006787330316742 0.36944045911047346 0.06561085972850679 0.024390243902439025
29 0.18438914027149322 0.5351506456241033 0.083710407239819 0.08321377331420372
