29 0.19683257918552036 0.7714723926380368 0.167420814479638 0.13190184049079753
29 0.7963800904977375 0.7714723926380368 0.167420814479638 0.13190184049079753
29 0.18665158371040724 0.21088957055214724 0.1244343891402715 0.11503067484662577
29 0.7861990950226244 0.21088957055214724 0.1244343891402715 0.11503067484662577
29 0.501131221719457 0.11503067484662577 0.18778280542986425 0.1687116564417178
29 0.48868778280542985 0.8788343558282209 0.16289592760180996 0.147239263803681
24 0.7805429864253394 0.2753067484662577 0.09502262443438914 0.0598159509202454
16 0.9366515837104072 0.37653374233128833 0.07239819004524888 0.04754601226993865
6 0.8914027149321267 0.26380368098159507 0.16289592760180996 0.10122699386503067
6 0.7375565610859729 0.558282208588957 0.17647058823529413 0.11042944785276074
23 0.17081447963800905 0.50920245398773 0.1425339366515837 0.07975460122699386
14 0.4819004524886878 0.11273006134969325 0.09502262443438914 0.06901840490797546
12 0.5723981900452488 0.6134969325153374 0.10407239819004525 0.0705521472392638
28 0.3223981900452489 0.6756134969325154 0.10180995475113122 0.05368098159509203
12 0.23076923076923078 0.6641104294478528 0.10407239819004525 0.0705521472392638
12 0.46153846153846156 0.6434049079754601 0.09954751131221719 0.06595092024539877
25 0.2002262443438914 0.5736196319018405 0.07918552036199095 0.03374233128834356
12 0.27149321266968324 0.7868098159509203 0.10407239819004525 0.0705521472392638
26 0.45701357466063347 0.10659509202453987 0.13122171945701358 0.09662576687116564
