33 0.19014084507042253 0.76953125 0.15492957746478872 0.12834821428571427
33 0.7887323943661971 0.76953125 0.15492957746478872 0.12834821428571427
33 0.198943661971831 0.20870535714285715 0.15140845070422534 0.11160714285714286
33 0.7992957746478874 0.20870535714285715 0.15140845070422534 0.11160714285714286
33 0.5017605633802817 0.11049107142857142 0.19014084507042253 0.15401785714285715
33 0.49295774647887325 0.8733258928571429 0.17253521126760563 0.13727678571428573
9 0.2975352112676056 0.49107142857142855 0.18661971830985916 0.10714285714285714
20 0.5440140845070423 0.45535714285714285 0.07042253521126761 0.05580357142857143
4 0.903169014084507 0.6674107142857143 0.05985915492957746 0.05580357142857143
19 0.511443661971831 0.5703125 0.05457746478873239 0.03794642857142857
15 0.08538732394366197 0.18470982142857142 0.07922535211267606 0.07254464285714286
11 0.653169014084507 0.34486607142857145 0.14084507042253522 0.10491071428571429
31 0.1813380281690141 0.15290178571428573 0.09154929577464789 0.05133928571428571
