33 0.19014084507042253 0.76953125 0.15492957746478872 0.12834821428571427
33 0.7887323943661971 0.76953125 0.15492957746478872 0.12834821428571427
33 0.198943661971831 0.20870535714285715 0.15140845070422534 0.11160714285714286
33 0.7992957746478874 0.20870535714285715 0.15140845070422534 0.11160714285714286
33 0.5017605633802817 0.11049107142857142 0.19014084507042253 0.15401785714285715
33 0.49295774647887325 0.8733258928571429 0.17253521126760563 0.13727678571428573
11 0.1602112676056338 0.08928571428571429 0.13732394366197184 0.09821428571428571
23 0.8133802816901409 0.46316964285714285 0.07746478873239436 0.05580357142857143
14 0.7112676056338029 0.6015625 0.13732394366197184 0.14285714285714285
10 0.4102112676056338 0.5904017857142857 0.07394366197183098 0.046875
4 0.19014084507042253 0.109375 0.07042253521126761 0.05357142857142857
27 0.5765845070422535 0.85546875 0.09683098591549295 0.016741071428571428
25 0.26848591549295775 0.06584821428571429 0.09683098591549295 0.017857142857142856
26 0.06690140845070422 0.5044642857142857 0.09154929577464789 0.026785714285714284
32 0.1936619718309859 0.47544642857142855 0.11619718309859155 0.09375
