33 0.18778280542986425 0.7661406025824964 0.1493212669683258 0.12338593974175036
33 0.7873303167420814 0.7661406025824964 0.1493212669683258 0.12338593974175036
33 0.19796380090497737 0.20588235294117646 0.14705882352941177 0.10760401721664276
33 0.7975113122171946 0.20588235294117646 0.14705882352941177 0.10760401721664276
33 0.498868778280543 0.10760401721664276 0.1832579185520362 0.1492109038737446
33 0.49095022624434387 0.8708751793400287 0.167420814479638 0.13199426111908177
8 0.670814479638009 0.45552367288378764 0.04751131221719457 0.04447632711621234
22 0.5882352941176471 0.3787661406025825 0.13122171945701358 0.12338593974175036
14 0.6549773755656109 0.39096126255380204 0.09728506787330317 0.06743185078909612
9 0.6923076923076923 0.0667144906743185 0.167420814479638 0.11047345767575323
15 0.6447963800904978 0.3902439024390244 0.08144796380090498 0.05738880918220947
17 0.5678733031674208 0.3385939741750359 0.08144796380090498 0.043041606886657105
4 0.7771493212669683 0.5911047345767575 0.11085972850678733 0.08321377331420372
8 0.9649321266968326 0.6922525107604017 0.04751131221719457 0.04447632711621234
7 0.8190045248868778 0.629842180774749 0.13574660633484162 0.0975609756097561
26 0.23529411764705882 0.6822094691535151 0.13122171945701358 0.09038737446197992
32 0.6493212669683258 0.7639885222381636 0.03167420814479638 0.021520803443328552
28 0.26357466063348417 0.8658536585365854 0.06108597285067873 0.05021520803443329
31 0.5395927601809954 0.33787661406025826 0.1244343891402715 0.021520803443328552
27 0.2081447963800905 0.38235294117647056 0.09954751131221719 0.06169296987087518
30 0.2907239819004525 0.6226685796269728 0.1244343891402715 0.02295552367288379
25 0.744343891402715 0.2632711621233859 0.08597285067873303 0.04160688665710186
31 0.4920814479638009 0.5136298421807748 0.06561085972850679 0.02295552367288379
32 0.2330316742081448 0.5272596843615495 0.03167420814479638 0.021520803443328552
26 0.755656108597285 0.25753228120516497 0.13122171945701358 0.09038737446197992
29 0.7963800904977375 0.13127690100430417 0.1085972850678733 0.07604017216642754
