33 0.18778280542986425 0.7661406025824964 0.1493212669683258 0.12338593974175036
33 0.7873303167420814 0.7661406025824964 0.1493212669683258 0.12338593974175036
33 0.19796380090497737 0.20588235294117646 0.14705882352941177 0.10760401721664276
33 0.7975113122171946 0.20588235294117646 0.14705882352941177 0.10760401721664276
33 0.498868778280543 0.10760401721664276 0.1832579185520362 0.1492109038737446
33 0.49095022624434387 0.8708751793400287 0.167420814479638 0.13199426111908177
13 0.5565610859728507 0.5480631276901005 0.09502262443438914 0.04591104734576758
5 0.28846153846153844 0.6886657101865137 0.0746606334841629 0.03443328550932568
18 0.07805429864253394 0.9519368723098995 0.083710407239819 0.05308464849354376
16 0.47285067873303166 0.33428981348637016 0.03167420814479638 0.028694404591104734
10 0.5938914027149321 0.706599713055954 0.11085972850678733 0.0703012912482066
11 0.7398190045248869 0.6291248206599713 0.12669683257918551 0.13629842180774748
29 0.9242081447963801 0.6822094691535151 0.10180995475113122 0.05021520803443329
31 0.8812217194570136 0.047345767575322814 0.06561085972850679 0.02295552367288379
