33 0.18778280542986425 0.7661406025824964 0.1493212669683258 0.12338593974175036
33 0.7873303167420814 0.7661406025824964 0.1493212669683258 0.12338593974175036
33 0.19796380090497737 0.20588235294117646 0.14705882352941177 0.10760401721664276
33 0.7975113122171946 0.20588235294117646 0.14705882352941177 0.10760401721664276
33 0.498868778280543 0.10760401721664276 0.1832579185520362 0.1492109038737446
33 0.49095022624434387 0.8708751793400287 0.167420814479638 0.13199426111908177
6 0.2895927601809955 0.7883787661406025 0.04524886877828054 0.035868005738880916
3 0.45248868778280543 0.6441893830703013 0.058823529411764705 0.05738880918220947
20 0.25 0.48493543758967 0.0746606334841629 0.05738880918220947
0 0.38574660633484165 0.569583931133429 0.06108597285067873 0.04878048780487805
19 0.5407239819004525 0.24461979913916787 0.10407239819004525 0.08464849354375897
22 0.4819004524886878 0.5064562410329986 0.13122171945701358 0.12338593974175036
12 0.9049773755656109 0.4612625538020086 0.13574660633484162 0.0703012912482066
4 0.3597285067873303 0.5358680057388809 0.12217194570135746 0.09325681492109039
21 0.6040723981900452 0.3945480631276901 0.058823529411764705 0.05164992826398852
15 0.09728506787330317 0.18794835007173602 0.06334841628959276 0.08034433285509325
16 0.4638009049773756 0.7008608321377331 0.049773755656108594 0.04160688665710186
13 0.33144796380090497 0.672883787661406 0.083710407239819 0.06312769010043041
11 0.416289592760181 0.5832137733142038 0.12669683257918551 0.13629842180774748
19 0.5339366515837104 0.3479196556671449 0.10407239819004525 0.08464849354375897
17 0.5384615384615384 0.43543758967001434 0.07239819004524888 0.04447632711621234
14 0.07126696832579185 0.24031563845050216 0.09728506787330317 0.06743185078909612
7 0.6617647058823529 0.2797704447632712 0.11085972850678733 0.10329985652797705
2 0.6776018099547512 0.27259684361549497 0.0746606334841629 0.08321377331420372
20 0.8755656108597285 0.4935437589670014 0.04072398190045249 0.054519368723098996
4 0.07352941176470588 0.7883787661406025 0.11990950226244344 0.08751793400286945
1 0.15610859728506787 0.1212338593974175 0.09954751131221719 0.047345767575322814
18 0.8925339366515838 0.6004304160688666 0.10180995475113122 0.05595408895265423
12 0.8042986425339367 0.6721664275466284 0.1334841628959276 0.0703012912482066
16 0.020361990950226245 0.9770444763271162 0.04072398190045249 0.028694404591104734
0 0.38800904977375567 0.5322812051649928 0.05656108597285068 0.054519368723098996
9 0.8563348416289592 0.6068866571018652 0.16968325791855204 0.11190817790530846
27 0.6719457013574661 0.5272596843615495 0.10407239819004525 0.06743185078909612
32 0.5294117647058824 0.56025824964132 0.03167420814479638 0.021520803443328552
28 0.06108597285067873 0.4655667144906743 0.058823529411764705 0.047345767575322814
31 0.5757918552036199 0.4971305595408895 0.1244343891402715 0.021520803443328552
30 0.4626696832579186 0.5329985652797704 0.06561085972850679 0.024390243902439025
26 0.8699095022624435 0.4282639885222382 0.1425339366515837 0.06743185078909612
