33 0.18778280542986425 0.7661406025824964 0.1493212669683258 0.12338593974175036
33 0.7873303167420814 0.7661406025824964 0.1493212669683258 0.12338593974175036
33 0.19796380090497737 0.20588235294117646 0.14705882352941177 0.10760401721664276
33 0.7975113122171946 0.20588235294117646 0.14705882352941177 0.10760401721664276
33 0.498868778280543 0.10760401721664276 0.1832579185520362 0.1492109038737446
33 0.49095022624434387 0.8708751793400287 0.167420814479638 0.13199426111908177
7 0.6798642533936652 0.48206599713055953 0.11085972850678733 0.10329985652797705
13 0.8642533936651584 0.6269727403156384 0.06787330316742081 0.04591104734576758
20 0.16402714932126697 0.5365853658536586 0.0746606334841629 0.05738880918220947
30 0.8857466063348416 0.37589670014347204 0.1244343891402715 0.02295552367288379
28 0.2861990950226244 0.7941176470588235 0.06108597285067873 0.05021520803443329
