33 0.18778280542986425 0.7661406025824964 0.1493212669683258 0.12338593974175036
33 0.7873303167420814 0.7661406025824964 0.1493212669683258 0.12338593974175036
33 0.19796380090497737 0.20588235294117646 0.14705882352941177 0.10760401721664276
33 0.7975113122171946 0.20588235294117646 0.14705882352941177 0.10760401721664276
33 0.498868778280543 0.10760401721664276 0.1832579185520362 0.1492109038737446
33 0.49095022624434387 0.8708751793400287 0.167420814479638 0.13199426111908177
5 0.25452488687782804 0.13486370157819225 0.0746606334841629 0.03443328550932568
21 0.4332579185520362 0.5 0.04751131221719457 0.05021520803443329
32 0.2669683257918552 0.37374461979913914 0.03167420814479638 0.021520803443328552
27 0.8710407239819005 0.8091822094691535 0.10407239819004525 0.06599713055954089
26 0.2748868778280543 0.7754662840746055 0.1425339366515837 0.06743185078909612
31 0.8472850678733032 0.7797704447632712 0.1244343891402715 0.021520803443328552
25 0.7703619909502263 0.5989956958393113 0.0746606334841629 0.027259684361549498
25 0.6312217194570136 0.08680057388809183 0.08597285067873303 0.04160688665710186
29 0.9015837104072398 0.6901004304160688 0.08823529411764706 0.06025824964131994
30 0.18438914027149322 0.5 0.06561085972850679 0.024390243902439025
27 0.4095022624434389 0.3680057388809182 0.09954751131221719 0.06169296987087518
31 0.46945701357466063 0.3400286944045911 0.06561085972850679 0.02295552367288379
28 0.31108597285067874 0.8830703012912482 0.06108597285067873 0.05021520803443329
26 0.4841628959276018 0.8127690100430416 0.13122171945701358 0.09038737446197992
32 0.7239819004524887 0.4684361549497848 0.03167420814479638 0.021520803443328552
28 0.5916289592760181 0.3385939741750359 0.07013574660633484 0.05164992826398852
27 0.8846153846153846 0.5509325681492109 0.10407239819004525 0.06599713055954089
29 0.0667420814479638 0.642754662840746 0.083710407239819 0.08321377331420372
