29 0.19683257918552036 0.7714723926380368 0.167420814479638 0.13190184049079753
29 0.7963800904977375 0.7714723926380368 0.167420814479638 0.13190184049079753
29 0.18665158371040724 0.21088957055214724 0.1244343891402715 0.11503067484662577
29 0.7861990950226244 0.21088957055214724 0.1244343891402715 0.11503067484662577
29 0.501131221719457 0.11503067484662577 0.18778280542986425 0.1687116564417178
29 0.48868778280542985 0.8788343558282209 0.16289592760180996 0.147239263803681
13 0.7002262443438914 0.8634969325153374 0.083710407239819 0.06748466257668712
11 0.4321266968325792 0.35199386503067487 0.08144796380090498 0.1058282208588957
24 0.3438914027149321 0.37883435582822084 0.06334841628959276 0.08588957055214724
0 0.14592760180995476 0.05138036809815951 0.06561085972850679 0.05368098159509203
5 0.6368778280542986 0.9141104294478528 0.0746606334841629 0.03680981595092025
20 0.6776018099547512 0.49693251533742333 0.05203619909502263 0.06134969325153374
18 0.6640271493212669 0.6526073619631901 0.10180995475113122 0.0598159509202454
5 0.8914027149321267 0.754601226993865 0.06787330316742081 0.049079754601226995
20 0.501131221719457 0.32515337423312884 0.05203619909502263 0.06134969325153374
0 0.6233031674208145 0.5996932515337423 0.06108597285067873 0.05214723926380368
12 0.251131221719457 0.7845092024539877 0.09954751131221719 0.06595092024539877
25 0.9570135746606335 0.6303680981595092 0.03167420814479638 0.03067484662576687
26 0.23529411764705882 0.6694785276073619 0.13122171945701358 0.09662576687116564
28 0.8020361990950227 0.14340490797546013 0.10180995475113122 0.05368098159509203
27 0.9230769230769231 0.6388036809815951 0.058823529411764705 0.05061349693251534
25 0.09841628959276018 0.5498466257668712 0.0746606334841629 0.029141104294478526
