33 0.18778280542986425 0.7661406025824964 0.1493212669683258 0.12338593974175036
33 0.7873303167420814 0.7661406025824964 0.1493212669683258 0.12338593974175036
33 0.19796380090497737 0.20588235294117646 0.14705882352941177 0.10760401721664276
33 0.7975113122171946 0.20588235294117646 0.14705882352941177 0.10760401721664276
33 0.498868778280543 0.10760401721664276 0.1832579185520362 0.1492109038737446
33 0.49095022624434387 0.8708751793400287 0.167420814479638 0.13199426111908177
8 0.6764705882352942 0.6721664275466284 0.06334841628959276 0.05021520803443329
18 0.9445701357466063 0.524390243902439 0.10180995475113122 0.05595408895265423
15 0.07239819004524888 0.7604017216642754 0.05429864253393665 0.08608321377331421
12 0.47737556561085975 0.5645624103299857 0.13574660633484162 0.0703012912482066
13 0.06447963800904978 0.6126255380200861 0.083710407239819 0.06312769010043041
24 0.7375565610859729 0.6599713055954088 0.12217194570135746 0.08895265423242468
3 0.33144796380090497 0.11477761836441894 0.05203619909502263 0.05738880918220947
14 0.23529411764705882 0.49426111908177905 0.09502262443438914 0.06456241032998565
7 0.8868778280542986 0.6083213773314203 0.167420814479638 0.09182209469153516
15 0.9072398190045249 0.5157819225251076 0.05429864253393665 0.058823529411764705
4 0.3552036199095023 0.6262553802008608 0.12217194570135746 0.09325681492109039
3 0.8518099547511312 0.5380200860832137 0.05203619909502263 0.06025824964131994
27 0.2330316742081448 0.29053084648493543 0.09954751131221719 0.06169296987087518
25 0.08710407239819004 0.4368723098995696 0.0746606334841629 0.027259684361549498
31 0.053167420814479636 0.39598278335724535 0.06561085972850679 0.02295552367288379
30 0.7884615384615384 0.28622668579626975 0.06561085972850679 0.024390243902439025
32 0.920814479638009 0.900286944045911 0.03167420814479638 0.021520803443328552
28 0.12330316742081449 0.1757532281205165 0.06108597285067873 0.05021520803443329
