33 0.18778280542986425 0.7661406025824964 0.1493212669683258 0.12338593974175036
33 0.7873303167420814 0.7661406025824964 0.1493212669683258 0.12338593974175036
33 0.19796380090497737 0.20588235294117646 0.14705882352941177 0.10760401721664276
33 0.7975113122171946 0.20588235294117646 0.14705882352941177 0.10760401721664276
33 0.498868778280543 0.10760401721664276 0.1832579185520362 0.1492109038737446
33 0.49095022624434387 0.8708751793400287 0.167420814479638 0.13199426111908177
23 0.8981900452488688 0.6097560975609756 0.1493212669683258 0.08321377331420372
4 0.15271493212669685 0.5129124820659972 0.11990950226244344 0.08751793400286945
17 0.06334841628959276 0.07317073170731707 0.08597285067873303 0.04591104734576758
16 0.1436651583710407 0.5387374461979914 0.04751131221719457 0.035868005738880916
12 0.8936651583710408 0.6814921090387375 0.09502262443438914 0.07173601147776183
0 0.9490950226244343 0.6154949784791965 0.05656108597285068 0.054519368723098996
7 0.5124434389140271 0.593974175035868 0.11085972850678733 0.10329985652797705
