28 0.19014084507042253 0.76953125 0.15492957746478872 0.12834821428571427
28 0.7887323943661971 0.76953125 0.15492957746478872 0.12834821428571427
28 0.198943661971831 0.20870535714285715 0.15140845070422534 0.11160714285714286
28 0.7992957746478874 0.20870535714285715 0.15140845070422534 0.11160714285714286
28 0.5017605633802817 0.11049107142857142 0.19014084507042253 0.15401785714285715
28 0.49295774647887325 0.8733258928571429 0.17253521126760563 0.13727678571428573
15 0.6584507042253521 0.21651785714285715 0.05985915492957746 0.03794642857142857
11 0.058098591549295774 0.75 0.1056338028169014 0.09598214285714286
13 0.06514084507042253 0.05357142857142857 0.06690140845070422 0.05580357142857143
1 0.829225352112676 0.5066964285714286 0.09859154929577464 0.049107142857142856
5 0.4859154929577465 0.6674107142857143 0.1267605633802817 0.09375
0 0.8186619718309859 0.5334821428571429 0.09154929577464789 0.044642857142857144
7 0.5316901408450704 0.3549107142857143 0.16549295774647887 0.11160714285714286
17 0.4225352112676056 0.49330357142857145 0.08098591549295775 0.0625
