29 0.19683257918552036 0.7714723926380368 0.167420814479638 0.13190184049079753
29 0.7963800904977375 0.7714723926380368 0.167420814479638 0.13190184049079753
29 0.18665158371040724 0.21088957055214724 0.1244343891402715 0.11503067484662577
29 0.7861990950226244 0.21088957055214724 0.1244343891402715 0.11503067484662577
29 0.501131221719457 0.11503067484662577 0.18778280542986425 0.1687116564417178
29 0.48868778280542985 0.8788343558282209 0.16289592760180996 0.147239263803681
6 0.7036199095022625 0.5444785276073619 0.16289592760180996 0.10122699386503067
15 0.9479638009049773 0.4432515337423313 0.04072398190045249 0.03067484662576687
16 0.166289592760181 0.8880368098159509 0.07918552036199095 0.05214723926380368
0 0.20927601809954752 0.42484662576687116 0.07013574660633484 0.049079754601226995
18 0.14592760180995476 0.5605828220858896 0.083710407239819 0.05674846625766871
0 0.8687782805429864 0.32745398773006135 0.049773755656108594 0.04754601226993865
21 0.4230769230769231 0.42024539877300615 0.13122171945701358 0.13190184049079753
28 0.6425339366515838 0.3934049079754601 0.1085972850678733 0.08128834355828221
28 0.5214932126696833 0.15184049079754602 0.08823529411764706 0.06441717791411043
28 0.747737556561086 0.6894171779141104 0.10180995475113122 0.05368098159509203
27 0.8665158371040724 0.963957055214724 0.058823529411764705 0.05061349693251534
25 0.35294117647058826 0.5828220858895705 0.03167420814479638 0.03067484662576687
12 0.4819004524886878 0.2645705521472393 0.09954751131221719 0.06595092024539877
27 0.8699095022624435 0.6441717791411042 0.07013574660633484 0.05521472392638037
