28 0.19014084507042253 0.76953125 0.15492957746478872 0.12834821428571427
28 0.7887323943661971 0.76953125 0.15492957746478872 0.12834821428571427
28 0.198943661971831 0.20870535714285715 0.15140845070422534 0.11160714285714286
28 0.7992957746478874 0.20870535714285715 0.15140845070422534 0.11160714285714286
28 0.5017605633802817 0.11049107142857142 0.19014084507042253 0.15401785714285715
28 0.49295774647887325 0.8733258928571429 0.17253521126760563 0.13727678571428573
13 0.5985915492957746 0.5814732142857143 0.07394366197183098 0.060267857142857144
18 0.08450704225352113 0.7511160714285714 0.09154929577464789 0.05803571428571429
4 0.10475352112676056 0.5078125 0.15316901408450703 0.15401785714285715
2 0.8908450704225352 0.5691964285714286 0.15845070422535212 0.09151785714285714
2 0.5721830985915493 0.5948660714285714 0.10915492957746478 0.09598214285714286
5 0.5387323943661971 0.34486607142857145 0.1267605633802817 0.09375
9 0.25 0.4966517857142857 0.14084507042253522 0.10491071428571429
4 0.238556338028169 0.6484375 0.14964788732394366 0.13616071428571427
1 0.14084507042253522 0.6529017857142857 0.11267605633802817 0.05133928571428571
21 0.4982394366197183 0.8895089285714286 0.045774647887323945 0.033482142857142856
24 0.5017605633802817 0.9285714285714286 0.16549295774647887 0.09598214285714286
