33 0.18778280542986425 0.7661406025824964 0.1493212669683258 0.12338593974175036
33 0.7873303167420814 0.7661406025824964 0.1493212669683258 0.12338593974175036
33 0.19796380090497737 0.20588235294117646 0.14705882352941177 0.10760401721664276
33 0.7975113122171946 0.20588235294117646 0.14705882352941177 0.10760401721664276
33 0.498868778280543 0.10760401721664276 0.1832579185520362 0.1492109038737446
33 0.49095022624434387 0.8708751793400287 0.167420814479638 0.13199426111908177
4 0.7590497737556561 0.5760401721664276 0.11990950226244344 0.09038737446197992
11 0.8393665158371041 0.5803443328550932 0.12669683257918551 0.13629842180774748
20 0.8540723981900452 0.4634146341463415 0.0746606334841629 0.05738880918220947
7 0.5780542986425339 0.5222381635581061 0.11085972850678733 0.10329985652797705
12 0.09502262443438914 0.18436154949784792 0.08144796380090498 0.09899569583931134
5 0.1323529411764706 0.018651362984218076 0.0746606334841629 0.03443328550932568
21 0.7624434389140271 0.4935437589670014 0.058823529411764705 0.05164992826398852
14 0.6221719457013575 0.5473457675753228 0.09502262443438914 0.06456241032998565
