33 0.19014084507042253 0.76953125 0.15492957746478872 0.12834821428571427
33 0.7887323943661971 0.76953125 0.15492957746478872 0.12834821428571427
33 0.198943661971831 0.20870535714285715 0.15140845070422534 0.11160714285714286
33 0.7992957746478874 0.20870535714285715 0.15140845070422534 0.11160714285714286
33 0.5017605633802817 0.11049107142857142 0.19014084507042253 0.15401785714285715
33 0.49295774647887325 0.8733258928571429 0.17253521126760563 0.13727678571428573
1 0.10035211267605634 0.7154017857142857 0.06338028169014084 0.05357142857142857
13 0.8195422535211268 0.6640625 0.12147887323943662 0.08035714285714286
4 0.5774647887323944 0.5066964285714286 0.09154929577464789 0.060267857142857144
23 0.5193661971830986 0.5491071428571429 0.08450704225352113 0.05580357142857143
6 0.8996478873239436 0.6183035714285714 0.1267605633802817 0.09375
12 0.3714788732394366 0.5535714285714286 0.1795774647887324 0.10714285714285714
16 0.48063380281690143 0.5993303571428571 0.09859154929577464 0.0625
14 0.6919014084507042 0.515625 0.14084507042253522 0.14285714285714285
7 0.1936619718309859 0.06696428571428571 0.07394366197183098 0.044642857142857144
31 0.7640845070422535 0.6875 0.07042253521126761 0.05357142857142857
