33 0.18778280542986425 0.7661406025824964 0.1493212669683258 0.12338593974175036
33 0.7873303167420814 0.7661406025824964 0.1493212669683258 0.12338593974175036
33 0.19796380090497737 0.20588235294117646 0.14705882352941177 0.10760401721664276
33 0.7975113122171946 0.20588235294117646 0.14705882352941177 0.10760401721664276
33 0.498868778280543 0.10760401721664276 0.1832579185520362 0.1492109038737446
33 0.49095022624434387 0.8708751793400287 0.167420814479638 0.13199426111908177
8 0.04524886877828054 0.6492109038737446 0.06334841628959276 0.05021520803443329
18 0.1074660633484163 0.4799139167862267 0.10180995475113122 0.05595408895265423
0 0.07805429864253394 0.5609756097560976 0.07013574660633484 0.04591104734576758
10 0.45588235294117646 0.47417503586800575 0.07918552036199095 0.06743185078909612
22 0.5180995475113123 0.30272596843615496 0.13122171945701358 0.12338593974175036
1 0.07692307692307693 0.4053084648493544 0.09049773755656108 0.06169296987087518
15 0.027149321266968326 0.19870875179340028 0.05429864253393665 0.06743185078909612
13 0.7873303167420814 0.6111908177905309 0.09502262443438914 0.04591104734576758
12 0.49095022624434387 0.7352941176470589 0.08144796380090498 0.09899569583931134
26 0.6391402714932126 0.20875179340028693 0.1425339366515837 0.06743185078909612
25 0.7748868778280543 0.6355810616929699 0.07918552036199095 0.03156384505021521
28 0.7092760180995475 0.39741750358680056 0.07013574660633484 0.05164992826398852
29 0.7601809954751131 0.4684361549497848 0.1085972850678733 0.07604017216642754
