33 0.19014084507042253 0.76953125 0.15492957746478872 0.12834821428571427
33 0.7887323943661971 0.76953125 0.15492957746478872 0.12834821428571427
33 0.198943661971831 0.20870535714285715 0.15140845070422534 0.11160714285714286
33 0.7992957746478874 0.20870535714285715 0.15140845070422534 0.11160714285714286
33 0.5017605633802817 0.11049107142857142 0.19014084507042253 0.15401785714285715
33 0.49295774647887325 0.8733258928571429 0.17253521126760563 0.13727678571428573
8 0.4137323943661972 0.5580357142857143 0.0528169014084507 0.03125
2 0.647887323943662 0.7388392857142857 0.08450704225352113 0.046875
24 0.5985915492957746 0.29017857142857145 0.09154929577464789 0.08035714285714286
17 0.0897887323943662 0.6205357142857143 0.1056338028169014 0.07142857142857142
11 0.352112676056338 0.5379464285714286 0.13732394366197184 0.09821428571428571
10 0.5105633802816901 0.46875 0.07394366197183098 0.04241071428571429
1 0.3996478873239437 0.5301339285714286 0.06690140845070422 0.05357142857142857
0 0.6382042253521126 0.6534598214285714 0.10387323943661972 0.07477678571428571
20 0.22711267605633803 0.05133928571428571 0.08450704225352113 0.05357142857142857
19 0.0721830985915493 0.9698660714285714 0.056338028169014086 0.04241071428571429
27 0.0818661971830986 0.22823660714285715 0.09683098591549295 0.016741071428571428
31 0.07746478873239436 0.15066964285714285 0.07394366197183098 0.04241071428571429
25 0.3961267605633803 0.453125 0.16549295774647887 0.03125
29 0.25 0.7912946428571429 0.16549295774647887 0.09151785714285714
