33 0.19014084507042253 0.76953125 0.15492957746478872 0.12834821428571427
33 0.7887323943661971 0.76953125 0.15492957746478872 0.12834821428571427
33 0.198943661971831 0.20870535714285715 0.15140845070422534 0.11160714285714286
33 0.7992957746478874 0.20870535714285715 0.15140845070422534 0.11160714285714286
33 0.5017605633802817 0.11049107142857142 0.19014084507042253 0.15401785714285715
33 0.49295774647887325 0.8733258928571429 0.17253521126760563 0.13727678571428573
20 0.5123239436619719 0.24107142857142858 0.09507042253521127 0.046875
9 0.7306338028169014 0.640625 0.18661971830985916 0.10044642857142858
5 0.2887323943661972 0.5725446428571429 0.1443661971830986 0.11830357142857142
12 0.15492957746478872 0.5100446428571429 0.16549295774647887 0.10044642857142858
10 0.4735915492957746 0.5072544642857143 0.07746478873239436 0.06138392857142857
9 0.08274647887323944 0.5334821428571429 0.13380281690140844 0.15625
21 0.18485915492957747 0.47433035714285715 0.1056338028169014 0.060267857142857144
26 0.11971830985915492 0.5078125 0.09507042253521127 0.024553571428571428
31 0.5334507042253521 0.7979910714285714 0.07042253521126761 0.049107142857142856
32 0.13556338028169015 0.31919642857142855 0.14084507042253522 0.06919642857142858
