29 0.19683257918552036 0.7714723926380368 0.167420814479638 0.13190184049079753
29 0.7963800904977375 0.7714723926380368 0.167420814479638 0.13190184049079753
29 0.18665158371040724 0.21088957055214724 0.1244343891402715 0.11503067484662577
29 0.7861990950226244 0.21088957055214724 0.1244343891402715 0.11503067484662577
29 0.501131221719457 0.11503067484662577 0.18778280542986425 0.1687116564417178
29 0.48868778280542985 0.8788343558282209 0.16289592760180996 0.147239263803681
22 0.07918552036199095 0.6495398773006135 0.04524886877828054 0.03834355828220859
10 0.3212669683257919 0.7323619631901841 0.12669683257918551 0.14570552147239263
24 0.6538461538461539 0.28297546012269936 0.09502262443438914 0.0598159509202454
24 0.2850678733031674 0.19785276073619631 0.06334841628959276 0.08588957055214724
0 0.505656108597285 0.7883435582822086 0.05656108597285068 0.05828220858895705
3 0.2160633484162896 0.3328220858895706 0.05203619909502263 0.06134969325153374
15 0.8009049773755657 0.7607361963190185 0.04072398190045249 0.03067484662576687
