33 0.18778280542986425 0.7661406025824964 0.1493212669683258 0.12338593974175036
33 0.7873303167420814 0.7661406025824964 0.1493212669683258 0.12338593974175036
33 0.19796380090497737 0.20588235294117646 0.14705882352941177 0.10760401721664276
33 0.7975113122171946 0.20588235294117646 0.14705882352941177 0.10760401721664276
33 0.498868778280543 0.10760401721664276 0.1832579185520362 0.1492109038737446
33 0.49095022624434387 0.8708751793400287 0.167420814479638 0.13199426111908177
19 0.8031674208144797 0.4612625538020086 0.10407239819004525 0.08464849354375897
11 0.4819004524886878 0.32926829268292684 0.12669683257918551 0.13629842180774748
31 0.12782805429864252 0.6994261119081779 0.1244343891402715 0.021520803443328552
27 0.416289592760181 0.2187948350071736 0.10407239819004525 0.06743185078909612
