33 0.18778280542986425 0.7661406025824964 0.1493212669683258 0.12338593974175036
33 0.7873303167420814 0.7661406025824964 0.1493212669683258 0.12338593974175036
33 0.19796380090497737 0.20588235294117646 0.14705882352941177 0.10760401721664276
33 0.7975113122171946 0.20588235294117646 0.14705882352941177 0.10760401721664276
33 0.498868778280543 0.10760401721664276 0.1832579185520362 0.1492109038737446
33 0.49095022624434387 0.8708751793400287 0.167420814479638 0.13199426111908177
11 0.30995475113122173 0.5946915351506457 0.12669683257918551 0.13629842180774748
6 0.918552036199095 0.6685796269727403 0.058823529411764705 0.028694404591104734
14 0.5723981900452488 0.7051649928263989 0.09502262443438914 0.06456241032998565
8 0.6165158371040724 0.6520803443328551 0.04751131221719457 0.04447632711621234
10 0.3042986425339366 0.06814921090387374 0.11085972850678733 0.0703012912482066
27 0.06561085972850679 0.8787661406025825 0.09954751131221719 0.06169296987087518
