33 0.18778280542986425 0.7661406025824964 0.1493212669683258 0.12338593974175036
33 0.7873303167420814 0.7661406025824964 0.1493212669683258 0.12338593974175036
33 0.19796380090497737 0.20588235294117646 0.14705882352941177 0.10760401721664276
33 0.7975113122171946 0.20588235294117646 0.14705882352941177 0.10760401721664276
33 0.498868778280543 0.10760401721664276 0.1832579185520362 0.1492109038737446
33 0.49095022624434387 0.8708751793400287 0.167420814479638 0.13199426111908177
24 0.6402714932126696 0.4734576757532281 0.12217194570135746 0.08895265423242468
20 0.5938914027149321 0.3134863701578192 0.042986425339366516 0.05308464849354376
11 0.5339366515837104 0.505738880918221 0.12669683257918551 0.13629842180774748
16 0.05090497737556561 0.7984218077474893 0.04751131221719457 0.035868005738880916
14 0.4841628959276018 0.7611190817790531 0.09502262443438914 0.06456241032998565
19 0.5542986425339367 0.5373027259684362 0.10407239819004525 0.08464849354375897
10 0.15610859728506787 0.6829268292682927 0.11312217194570136 0.06886657101865136
17 0.9547511312217195 0.5824964131994261 0.08597285067873303 0.04591104734576758
2 0.5610859728506787 0.3787661406025825 0.07692307692307693 0.08895265423242468
5 0.7771493212669683 0.5021520803443329 0.0746606334841629 0.03443328550932568
18 0.6255656108597285 0.2733142037302726 0.10180995475113122 0.05595408895265423
7 0.4920814479638009 0.5523672883787661 0.11085972850678733 0.10329985652797705
1 0.8981900452488688 0.49426111908177905 0.07692307692307693 0.05595408895265423
8 0.03506787330316742 0.2618364418938307 0.04751131221719457 0.04447632711621234
23 0.5565610859728507 0.6614060258249641 0.1493212669683258 0.08321377331420372
6 0.746606334841629 0.6843615494978479 0.058823529411764705 0.028694404591104734
4 0.7364253393665159 0.5186513629842181 0.11990950226244344 0.09038737446197992
4 0.5328054298642534 0.6965566714490674 0.11990950226244344 0.09038737446197992
9 0.579185520361991 0.6836441893830703 0.167420814479638 0.11047345767575323
12 0.6561085972850679 0.3321377331420373 0.06787330316742081 0.07317073170731707
17 0.4309954751131222 0.5107604017216643 0.07918552036199095 0.04878048780487805
7 0.581447963800905 0.2769010043041607 0.167420814479638 0.09182209469153516
0 0.2330316742081448 0.07245337159253945 0.049773755656108594 0.04447632711621234
1 0.07013574660633484 0.08680057388809183 0.09049773755656108 0.06169296987087518
19 0.6900452488687783 0.46269727403156385 0.10407239819004525 0.08177905308464849
31 0.07805429864253394 0.6434720229555236 0.1244343891402715 0.021520803443328552
30 0.417420814479638 0.6312769010043041 0.1244343891402715 0.02295552367288379
32 0.7737556561085973 0.17431850789096126 0.03167420814479638 0.021520803443328552
25 0.6945701357466063 0.4720229555236729 0.03167420814479638 0.028694404591104734
