33 0.18778280542986425 0.7661406025824964 0.1493212669683258 0.12338593974175036
33 0.7873303167420814 0.7661406025824964 0.1493212669683258 0.12338593974175036
33 0.19796380090497737 0.20588235294117646 0.14705882352941177 0.10760401721664276
33 0.7975113122171946 0.20588235294117646 0.14705882352941177 0.10760401721664276
33 0.498868778280543 0.10760401721664276 0.1832579185520362 0.1492109038737446
33 0.49095022624434387 0.8708751793400287 0.167420814479638 0.13199426111908177
6 0.08823529411764706 0.8371592539454806 0.04524886877828054 0.035868005738880916
2 0.47850678733031676 0.47058823529411764 0.0746606334841629 0.08321377331420372
0 0.23868778280542988 0.48637015781922527 0.06108597285067873 0.04878048780487805
1 0.04638009049773756 0.22381635581061693 0.05656108597285068 0.05738880918220947
13 0.7613122171945701 0.6441893830703013 0.083710407239819 0.06312769010043041
8 0.5520361990950227 0.29053084648493543 0.06334841628959276 0.05021520803443329
17 0.31334841628959276 0.6621233859397417 0.07013574660633484 0.04447632711621234
11 0.3031674208144796 0.4813486370157819 0.12669683257918551 0.13629842180774748
12 0.5067873303167421 0.2654232424677188 0.09502262443438914 0.07173601147776183
5 0.34841628959276016 0.5824964131994261 0.06787330316742081 0.04591104734576758
25 0.33710407239819007 0.7855093256814921 0.08597285067873303 0.04160688665710186
