33 0.18778280542986425 0.7661406025824964 0.1493212669683258 0.12338593974175036
33 0.7873303167420814 0.7661406025824964 0.1493212669683258 0.12338593974175036
33 0.19796380090497737 0.20588235294117646 0.14705882352941177 0.10760401721664276
33 0.7975113122171946 0.20588235294117646 0.14705882352941177 0.10760401721664276
33 0.498868778280543 0.10760401721664276 0.1832579185520362 0.1492109038737446
33 0.49095022624434387 0.8708751793400287 0.167420814479638 0.13199426111908177
16 0.8552036199095022 0.5437589670014347 0.03167420814479638 0.028694404591104734
6 0.751131221719457 0.6857962697274032 0.058823529411764705 0.028694404591104734
5 0.49660633484162897 0.5466284074605452 0.0746606334841629 0.03443328550932568
18 0.23642533936651583 0.08393113342898136 0.083710407239819 0.05308464849354376
1 0.5429864253393665 0.5989956958393113 0.09049773755656108 0.06169296987087518
17 0.415158371040724 0.6606886657101865 0.07013574660633484 0.04447632711621234
2 0.6719457013574661 0.6628407460545194 0.07692307692307693 0.08895265423242468
9 0.4502262443438914 0.4885222381635581 0.167420814479638 0.11047345767575323
32 0.29411764705882354 0.9275466284074605 0.03167420814479638 0.021520803443328552
29 0.1595022624434389 0.5595408895265424 0.08823529411764706 0.06025824964131994
30 0.6029411764705882 0.0975609756097561 0.1244343891402715 0.02295552367288379
28 0.20135746606334842 0.26040172166427544 0.058823529411764705 0.047345767575322814
