29 0.19683257918552036 0.7714723926380368 0.167420814479638 0.13190184049079753
29 0.7963800904977375 0.7714723926380368 0.167420814479638 0.13190184049079753
29 0.18665158371040724 0.21088957055214724 0.1244343891402715 0.11503067484662577
29 0.7861990950226244 0.21088957055214724 0.1244343891402715 0.11503067484662577
29 0.501131221719457 0.11503067484662577 0.18778280542986425 0.1687116564417178
29 0.48868778280542985 0.8788343558282209 0.16289592760180996 0.147239263803681
15 0.6583710407239819 0.032208588957055216 0.04072398190045249 0.03067484662576687
16 0.5090497737556561 0.821319018404908 0.07239819004524888 0.04754601226993865
11 0.2918552036199095 0.6065950920245399 0.08144796380090498 0.1058282208588957
5 0.7805429864253394 0.11042944785276074 0.06787330316742081 0.049079754601226995
0 0.8721719457013575 0.08282208588957055 0.06108597285067873 0.05214723926380368
9 0.7624434389140271 0.3266871165644172 0.11312217194570136 0.0736196319018405
16 0.6843891402714932 0.37116564417177916 0.07918552036199095 0.05214723926380368
18 0.6210407239819005 0.40567484662576686 0.083710407239819 0.05674846625766871
20 0.7794117647058824 0.2668711656441718 0.05203619909502263 0.06134969325153374
26 0.26018099547511314 0.5375766871165644 0.13122171945701358 0.09662576687116564
25 0.7975113122171946 0.25996932515337423 0.0746606334841629 0.029141104294478526
