33 0.18778280542986425 0.7661406025824964 0.1493212669683258 0.12338593974175036
33 0.7873303167420814 0.7661406025824964 0.1493212669683258 0.12338593974175036
33 0.19796380090497737 0.20588235294117646 0.14705882352941177 0.10760401721664276
33 0.7975113122171946 0.20588235294117646 0.14705882352941177 0.10760401721664276
33 0.498868778280543 0.10760401721664276 0.1832579185520362 0.1492109038737446
33 0.49095022624434387 0.8708751793400287 0.167420814479638 0.13199426111908177
14 0.4751131221719457 0.4598278335724534 0.09502262443438914 0.06456241032998565
6 0.7285067873303167 0.6362984218077475 0.04524886877828054 0.035868005738880916
32 0.042986425339366516 0.5645624103299857 0.03167420814479638 0.021520803443328552
31 0.41968325791855204 0.896700143472023 0.06561085972850679 0.02295552367288379
30 0.5260180995475113 0.3400286944045911 0.1244343891402715 0.02295552367288379
26 0.1504524886877828 0.8644189383070301 0.1425339366515837 0.06743185078909612
