28 0.19014084507042253 0.76953125 0.15492957746478872 0.12834821428571427
28 0.7887323943661971 0.76953125 0.15492957746478872 0.12834821428571427
28 0.198943661971831 0.20870535714285715 0.15140845070422534 0.11160714285714286
28 0.7992957746478874 0.20870535714285715 0.15140845070422534 0.11160714285714286
28 0.5017605633802817 0.11049107142857142 0.19014084507042253 0.15401785714285715
28 0.49295774647887325 0.8733258928571429 0.17253521126760563 0.13727678571428573
11 0.24295774647887325 0.4575892857142857 0.11971830985915492 0.08928571428571429
8 0.21830985915492956 0.030133928571428572 0.07394366197183098 0.05803571428571429
10 0.4982394366197183 0.7220982142857143 0.1795774647887324 0.10714285714285714
20 0.30545774647887325 0.4380580357142857 0.051056338028169015 0.018973214285714284
21 0.3785211267605634 0.7645089285714286 0.04225352112676056 0.03571428571428571
22 0.7808098591549296 0.26171875 0.09683098591549295 0.016741071428571428
24 0.6549295774647887 0.546875 0.15845070422535212 0.09598214285714286
