33 0.19014084507042253 0.76953125 0.15492957746478872 0.12834821428571427
33 0.7887323943661971 0.76953125 0.15492957746478872 0.12834821428571427
33 0.198943661971831 0.20870535714285715 0.15140845070422534 0.11160714285714286
33 0.7992957746478874 0.20870535714285715 0.15140845070422534 0.11160714285714286
33 0.5017605633802817 0.11049107142857142 0.19014084507042253 0.15401785714285715
33 0.49295774647887325 0.8733258928571429 0.17253521126760563 0.13727678571428573
15 0.47183098591549294 0.28013392857142855 0.13028169014084506 0.06696428571428571
17 0.545774647887324 0.7287946428571429 0.10915492957746478 0.07589285714285714
0 0.6399647887323944 0.32589285714285715 0.11091549295774648 0.05803571428571429
11 0.9190140845070423 0.8705357142857143 0.14084507042253522 0.10491071428571429
17 0.528169014084507 0.5055803571428571 0.11267605633802817 0.07366071428571429
9 0.7904929577464789 0.6484375 0.1795774647887324 0.109375
19 0.5431338028169014 0.42299107142857145 0.06514084507042253 0.04241071428571429
15 0.7323943661971831 0.5161830357142857 0.11619718309859155 0.06361607142857142
31 0.897887323943662 0.8649553571428571 0.07746478873239436 0.05133928571428571
29 0.5264084507042254 0.5479910714285714 0.15845070422535212 0.09375
30 0.1267605633802817 0.4263392857142857 0.11619718309859155 0.06696428571428571
