28 0.19014084507042253 0.76953125 0.15492957746478872 0.12834821428571427
28 0.7887323943661971 0.76953125 0.15492957746478872 0.12834821428571427
28 0.198943661971831 0.20870535714285715 0.15140845070422534 0.11160714285714286
28 0.7992957746478874 0.20870535714285715 0.15140845070422534 0.11160714285714286
28 0.5017605633802817 0.11049107142857142 0.19014084507042253 0.15401785714285715
28 0.49295774647887325 0.8733258928571429 0.17253521126760563 0.13727678571428573
17 0.3714788732394366 0.6484375 0.10211267605633803 0.060267857142857144
2 0.8609154929577465 0.5234375 0.09507042253521127 0.09151785714285714
8 0.5862676056338029 0.27901785714285715 0.07746478873239436 0.046875
27 0.12852112676056338 0.27232142857142855 0.14084507042253522 0.06696428571428571
