33 0.18778280542986425 0.7661406025824964 0.1493212669683258 0.12338593974175036
33 0.7873303167420814 0.7661406025824964 0.1493212669683258 0.12338593974175036
33 0.19796380090497737 0.20588235294117646 0.14705882352941177 0.10760401721664276
33 0.7975113122171946 0.20588235294117646 0.14705882352941177 0.10760401721664276
33 0.498868778280543 0.10760401721664276 0.1832579185520362 0.1492109038737446
33 0.49095022624434387 0.8708751793400287 0.167420814479638 0.13199426111908177
4 0.3178733031674208 0.09684361549497848 0.11990950226244344 0.08751793400286945
22 0.5723981900452488 0.697274031563845 0.13122171945701358 0.12338593974175036
24 0.33031674208144796 0.6312769010043041 0.12217194570135746 0.08895265423242468
6 0.7692307692307693 0.5932568149210904 0.04524886877828054 0.035868005738880916
29 0.6300904977375565 0.8321377331420373 0.08823529411764706 0.06025824964131994
32 0.751131221719457 0.10975609756097561 0.03167420814479638 0.021520803443328552
25 0.2986425339366516 0.8342898134863702 0.08597285067873303 0.04160688665710186
30 0.8789592760180995 0.533715925394548 0.1244343891402715 0.02295552367288379
26 0.3416289592760181 0.8242467718794835 0.13122171945701358 0.09038737446197992
27 0.3936651583710407 0.9548063127690101 0.10407239819004525 0.06743185078909612
32 0.6742081447963801 0.42395982783357244 0.03167420814479638 0.021520803443328552
