28 0.19014084507042253 0.76953125 0.15492957746478872 0.12834821428571427
28 0.7887323943661971 0.76953125 0.15492957746478872 0.12834821428571427
28 0.198943661971831 0.20870535714285715 0.15140845070422534 0.11160714285714286
28 0.7992957746478874 0.20870535714285715 0.15140845070422534 0.11160714285714286
28 0.5017605633802817 0.11049107142857142 0.19014084507042253 0.15401785714285715
28 0.49295774647887325 0.8733258928571429 0.17253521126760563 0.13727678571428573
16 0.7359154929577465 0.6953125 0.09154929577464789 0.049107142857142856
17 0.727112676056338 0.5055803571428571 0.1056338028169014 0.060267857142857144
3 0.6179577464788732 0.40736607142857145 0.056338028169014086 0.07366071428571429
15 0.9630281690140845 0.5915178571428571 0.04929577464788732 0.03794642857142857
1 0.301056338028169 0.5647321428571429 0.09859154929577464 0.05357142857142857
8 0.8873239436619719 0.6026785714285714 0.08098591549295775 0.05580357142857143
0 0.6267605633802817 0.484375 0.09507042253521127 0.049107142857142856
15 0.11795774647887323 0.5200892857142857 0.0880281690140845 0.04241071428571429
18 0.40669014084507044 0.5993303571428571 0.08450704225352113 0.05580357142857143
5 0.08450704225352113 0.5859375 0.13028169014084506 0.078125
20 0.08714788732394366 0.21149553571428573 0.051056338028169015 0.018973214285714284
