33 0.18778280542986425 0.7661406025824964 0.1493212669683258 0.12338593974175036
33 0.7873303167420814 0.7661406025824964 0.1493212669683258 0.12338593974175036
33 0.19796380090497737 0.20588235294117646 0.14705882352941177 0.10760401721664276
33 0.7975113122171946 0.20588235294117646 0.14705882352941177 0.10760401721664276
33 0.498868778280543 0.10760401721664276 0.1832579185520362 0.1492109038737446
33 0.49095022624434387 0.8708751793400287 0.167420814479638 0.13199426111908177
24 0.3054298642533937 0.5279770444763271 0.12217194570135746 0.08895265423242468
30 0.6187782805429864 0.08608321377331421 0.1244343891402715 0.02295552367288379
27 0.7737556561085973 0.6994261119081779 0.10407239819004525 0.06743185078909612
25 0.8574660633484162 0.3586800573888092 0.03167420814479638 0.028694404591104734
30 0.2160633484162896 0.533715925394548 0.1244343891402715 0.02295552367288379
