28 0.19014084507042253 0.76953125 0.15492957746478872 0.12834821428571427
28 0.7887323943661971 0.76953125 0.15492957746478872 0.12834821428571427
28 0.198943661971831 0.20870535714285715 0.15140845070422534 0.11160714285714286
28 0.7992957746478874 0.20870535714285715 0.15140845070422534 0.11160714285714286
28 0.5017605633802817 0.11049107142857142 0.19014084507042253 0.15401785714285715
28 0.49295774647887325 0.8733258928571429 0.17253521126760563 0.13727678571428573
8 0.08714788732394366 0.03850446428571429 0.058098591549295774 0.04799107142857143
16 0.4982394366197183 0.43526785714285715 0.07746478873239436 0.049107142857142856
5 0.3714788732394366 0.6372767857142857 0.13028169014084506 0.09598214285714286
15 0.5580985915492958 0.6294642857142857 0.05985915492957746 0.04017857142857143
11 0.602112676056338 0.6517857142857143 0.09859154929577464 0.078125
6 0.5721830985915493 0.6395089285714286 0.07746478873239436 0.05357142857142857
6 0.6813380281690141 0.39955357142857145 0.07746478873239436 0.05357142857142857
21 0.4665492957746479 0.5602678571428571 0.04929577464788732 0.026785714285714284
24 0.8503521126760564 0.6729910714285714 0.15845070422535212 0.09598214285714286
