28 0.19014084507042253 0.76953125 0.15492957746478872 0.12834821428571427
28 0.7887323943661971 0.76953125 0.15492957746478872 0.12834821428571427
28 0.198943661971831 0.20870535714285715 0.15140845070422534 0.11160714285714286
28 0.7992957746478874 0.20870535714285715 0.15140845070422534 0.11160714285714286
28 0.5017605633802817 0.11049107142857142 0.19014084507042253 0.15401785714285715
28 0.49295774647887325 0.8733258928571429 0.17253521126760563 0.13727678571428573
6 0.545774647887324 0.40401785714285715 0.07394366197183098 0.05133928571428571
12 0.9119718309859155 0.5814732142857143 0.10915492957746478 0.05580357142857143
26 0.8485915492957746 0.6216517857142857 0.07746478873239436 0.05133928571428571
25 0.8450704225352113 0.36049107142857145 0.11619718309859155 0.07589285714285714
