28 0.19014084507042253 0.76953125 0.15492957746478872 0.12834821428571427
28 0.7887323943661971 0.76953125 0.15492957746478872 0.12834821428571427
28 0.198943661971831 0.20870535714285715 0.15140845070422534 0.11160714285714286
28 0.7992957746478874 0.20870535714285715 0.15140845070422534 0.11160714285714286
28 0.5017605633802817 0.11049107142857142 0.19014084507042253 0.15401785714285715
28 0.49295774647887325 0.8733258928571429 0.17253521126760563 0.13727678571428573
16 0.6830985915492958 0.43638392857142855 0.07394366197183098 0.05133928571428571
14 0.5070422535211268 0.4955357142857143 0.09154929577464789 0.06473214285714286
15 0.7799295774647887 0.5022321428571429 0.06690140845070422 0.044642857142857144
17 0.13732394366197184 0.6160714285714286 0.10211267605633803 0.06473214285714286
16 0.7816901408450704 0.5446428571428571 0.08450704225352113 0.05133928571428571
25 0.45774647887323944 0.5122767857142857 0.11619718309859155 0.06696428571428571
27 0.8802816901408451 0.07366071428571429 0.10211267605633803 0.08258928571428571
27 0.4154929577464789 0.28236607142857145 0.13028169014084506 0.08035714285714286
