33 0.18778280542986425 0.7661406025824964 0.1493212669683258 0.12338593974175036
33 0.7873303167420814 0.7661406025824964 0.1493212669683258 0.12338593974175036
33 0.19796380090497737 0.20588235294117646 0.14705882352941177 0.10760401721664276
33 0.7975113122171946 0.20588235294117646 0.14705882352941177 0.10760401721664276
33 0.498868778280543 0.10760401721664276 0.1832579185520362 0.1492109038737446
33 0.49095022624434387 0.8708751793400287 0.167420814479638 0.13199426111908177
19 0.4751131221719457 0.25753228120516497 0.10407239819004525 0.08177905308464849
3 0.48981900452488686 0.2783357245337159 0.05203619909502263 0.05738880918220947
14 0.36877828054298645 0.6807747489239598 0.09502262443438914 0.06456241032998565
11 0.8846153846153846 0.6205164992826399 0.12669683257918551 0.13629842180774748
12 0.744343891402715 0.4497847919655667 0.13574660633484162 0.0703012912482066
