33 0.18778280542986425 0.7661406025824964 0.1493212669683258 0.12338593974175036
33 0.7873303167420814 0.7661406025824964 0.1493212669683258 0.12338593974175036
33 0.19796380090497737 0.20588235294117646 0.14705882352941177 0.10760401721664276
33 0.7975113122171946 0.20588235294117646 0.14705882352941177 0.10760401721664276
33 0.498868778280543 0.10760401721664276 0.1832579185520362 0.1492109038737446
33 0.49095022624434387 0.8708751793400287 0.167420814479638 0.13199426111908177
24 0.834841628959276 0.624103299856528 0.12217194570135746 0.08895265423242468
23 0.6210407239819005 0.7008608321377331 0.1334841628959276 0.09612625538020086
11 0.5271493212669683 0.3866571018651363 0.12669683257918551 0.13629842180774748
6 0.2171945701357466 0.573170731707317 0.04524886877828054 0.035868005738880916
21 0.9242081447963801 0.6147776183644189 0.07918552036199095 0.047345767575322814
20 0.07692307692307693 0.23457675753228122 0.04524886877828054 0.05021520803443329
5 0.24321266968325791 0.07317073170731707 0.0746606334841629 0.03443328550932568
19 0.9276018099547512 0.6047345767575323 0.10407239819004525 0.08177905308464849
13 0.29298642533936653 0.5451936872309899 0.083710407239819 0.06312769010043041
17 0.49660633484162897 0.4497847919655667 0.07013574660633484 0.04447632711621234
7 0.49095022624434387 0.7288378766140603 0.13574660633484162 0.0975609756097561
10 0.8156108597285068 0.6018651362984218 0.07918552036199095 0.06743185078909612
4 0.6006787330316742 0.4813486370157819 0.11990950226244344 0.09038737446197992
0 0.5938914027149321 0.4949784791965567 0.07013574660633484 0.04591104734576758
14 0.6074660633484162 0.32639885222381637 0.09728506787330317 0.06743185078909612
12 0.38122171945701355 0.663558106169297 0.1334841628959276 0.0703012912482066
22 0.8190045248868778 0.48206599713055953 0.13122171945701358 0.12338593974175036
16 0.18212669683257918 0.445480631276901 0.04751131221719457 0.035868005738880916
18 0.668552036199095 0.5803443328550932 0.09728506787330317 0.06456241032998565
15 0.027149321266968326 0.07604017216642754 0.05429864253393665 0.08608321377331421
2 0.08484162895927602 0.533715925394548 0.0746606334841629 0.08321377331420372
3 0.5305429864253394 0.573170731707317 0.05203619909502263 0.05021520803443329
8 0.08710407239819004 0.050932568149210905 0.04751131221719457 0.04447632711621234
1 0.3778280542986425 0.4813486370157819 0.09049773755656108 0.06169296987087518
14 0.47850678733031676 0.6176470588235294 0.09728506787330317 0.06743185078909612
12 0.36764705882352944 0.4612625538020086 0.1334841628959276 0.0703012912482066
19 0.2239819004524887 0.6434720229555236 0.10407239819004525 0.08177905308464849
16 0.14479638009049775 0.5581061692969871 0.04072398190045249 0.028694404591104734
13 0.5542986425339367 0.22812051649928264 0.09502262443438914 0.04591104734576758
22 0.18778280542986425 0.4748923959827834 0.13122171945701358 0.12338593974175036
10 0.5339366515837104 0.4913916786226686 0.10407239819004525 0.0703012912482066
24 0.9230769230769231 0.599713055954089 0.12217194570135746 0.08895265423242468
0 0.4581447963800905 0.6700143472022956 0.07013574660633484 0.04591104734576758
17 0.6606334841628959 0.2776183644189383 0.06787330316742081 0.047345767575322814
7 0.8687782805429864 0.6355810616929699 0.16289592760180996 0.09469153515064563
28 0.747737556561086 0.7008608321377331 0.06108597285067873 0.05021520803443329
30 0.2839366515837104 0.5753228120516499 0.1244343891402715 0.02295552367288379
32 0.01809954751131222 0.3637015781922525 0.03167420814479638 0.021520803443328552
26 0.7330316742081447 0.8715925394548063 0.13122171945701358 0.09038737446197992
29 0.4762443438914027 0.7984218077474893 0.10180995475113122 0.05021520803443329
27 0.19004524886877827 0.6212338593974175 0.10407239819004525 0.06599713055954089
25 0.25904977375565613 0.15351506456241032 0.07918552036199095 0.03156384505021521
26 0.8868778280542986 0.7453371592539455 0.13122171945701358 0.09038737446197992
32 0.7420814479638009 0.8170731707317073 0.03167420814479638 0.021520803443328552
30 0.9287330316742082 0.09612625538020086 0.1244343891402715 0.02295552367288379
28 0.6990950226244343 0.24318507890961263 0.058823529411764705 0.047345767575322814
31 0.582579185520362 0.4031563845050215 0.06561085972850679 0.02295552367288379
29 0.2669683257918552 0.6162123385939742 0.1085972850678733 0.07604017216642754
25 0.8484162895927602 0.7259684361549498 0.03167420814479638 0.028694404591104734
27 0.1832579185520362 0.3235294117647059 0.09954751131221719 0.06169296987087518
26 0.6289592760180995 0.8012912482065997 0.13122171945701358 0.09038737446197992
28 0.9264705882352942 0.14131994261119082 0.06108597285067873 0.05021520803443329
25 0.3597285067873303 0.1872309899569584 0.08597285067873303 0.04160688665710186
31 0.6640271493212669 0.09540889526542325 0.1244343891402715 0.021520803443328552
27 0.6832579185520362 0.930416068866571 0.10407239819004525 0.06743185078909612
32 0.9072398190045249 0.18149210903873744 0.03167420814479638 0.021520803443328552
30 0.36312217194570134 0.8012912482065997 0.06561085972850679 0.024390243902439025
