33 0.18778280542986425 0.7661406025824964 0.1493212669683258 0.12338593974175036
33 0.7873303167420814 0.7661406025824964 0.1493212669683258 0.12338593974175036
33 0.19796380090497737 0.20588235294117646 0.14705882352941177 0.10760401721664276
33 0.7975113122171946 0.20588235294117646 0.14705882352941177 0.10760401721664276
33 0.498868778280543 0.10760401721664276 0.1832579185520362 0.1492109038737446
33 0.49095022624434387 0.8708751793400287 0.167420814479638 0.13199426111908177
4 0.5124434389140271 0.693687230989957 0.11990950226244344 0.08751793400286945
8 0.5294117647058824 0.32926829268292684 0.06334841628959276 0.05021520803443329
25 0.7601809954751131 0.2855093256814921 0.03167420814479638 0.028694404591104734
29 0.8235294117647058 0.8113342898134863 0.1085972850678733 0.07604017216642754
25 0.39819004524886875 0.3084648493543759 0.03167420814479638 0.028694404591104734
