29 0.19683257918552036 0.7714723926380368 0.167420814479638 0.13190184049079753
29 0.7963800904977375 0.7714723926380368 0.167420814479638 0.13190184049079753
29 0.18665158371040724 0.21088957055214724 0.1244343891402715 0.11503067484662577
29 0.7861990950226244 0.21088957055214724 0.1244343891402715 0.11503067484662577
29 0.501131221719457 0.11503067484662577 0.18778280542986425 0.1687116564417178
29 0.48868778280542985 0.8788343558282209 0.16289592760180996 0.147239263803681
0 0.4830316742081448 0.7254601226993865 0.07013574660633484 0.049079754601226995
0 0.6538461538461539 0.6633435582822086 0.049773755656108594 0.04754601226993865
15 0.07013574660633484 0.3075153374233129 0.05429864253393665 0.0352760736196319
1 0.916289592760181 0.8535276073619632 0.07692307692307693 0.0598159509202454
2 0.6968325791855203 0.2929447852760736 0.07692307692307693 0.0950920245398773
5 0.2228506787330317 0.9095092024539877 0.0746606334841629 0.03680981595092025
7 0.2907239819004525 0.7661042944785276 0.04751131221719457 0.04754601226993865
28 0.4490950226244344 0.9279141104294478 0.08823529411764706 0.06441717791411043
28 0.8676470588235294 0.18098159509202455 0.08823529411764706 0.06441717791411043
12 0.45248868778280543 0.6073619631901841 0.10407239819004525 0.0705521472392638
