28 0.19014084507042253 0.76953125 0.15492957746478872 0.12834821428571427
28 0.7887323943661971 0.76953125 0.15492957746478872 0.12834821428571427
28 0.198943661971831 0.20870535714285715 0.15140845070422534 0.11160714285714286
28 0.7992957746478874 0.20870535714285715 0.15140845070422534 0.11160714285714286
28 0.5017605633802817 0.11049107142857142 0.19014084507042253 0.15401785714285715
28 0.49295774647887325 0.8733258928571429 0.17253521126760563 0.13727678571428573
11 0.5070422535211268 0.5212053571428571 0.11619718309859155 0.09598214285714286
9 0.22007042253521128 0.4642857142857143 0.13732394366197184 0.09598214285714286
14 0.7429577464788732 0.546875 0.06690140845070422 0.06696428571428571
19 0.4841549295774648 0.6227678571428571 0.09154929577464789 0.0625
0 0.05985915492957746 0.6796875 0.08450704225352113 0.05133928571428571
5 0.09683098591549295 0.6049107142857143 0.1267605633802817 0.09375
7 0.17253521126760563 0.07254464285714286 0.14084507042253522 0.09821428571428571
3 0.06690140845070422 0.8549107142857143 0.05985915492957746 0.0625
8 0.6566901408450704 0.40736607142857145 0.07746478873239436 0.046875
