33 0.18778280542986425 0.7661406025824964 0.1493212669683258 0.12338593974175036
33 0.7873303167420814 0.7661406025824964 0.1493212669683258 0.12338593974175036
33 0.19796380090497737 0.20588235294117646 0.14705882352941177 0.10760401721664276
33 0.7975113122171946 0.20588235294117646 0.14705882352941177 0.10760401721664276
33 0.498868778280543 0.10760401721664276 0.1832579185520362 0.1492109038737446
33 0.49095022624434387 0.8708751793400287 0.167420814479638 0.13199426111908177
7 0.5203619909502263 0.3428981348637016 0.17647058823529413 0.10329985652797705
3 0.9638009049773756 0.4648493543758967 0.049773755656108594 0.05164992826398852
17 0.9434389140271493 0.5760401721664276 0.06787330316742081 0.047345767575322814
6 0.06787330316742081 0.21377331420373027 0.058823529411764705 0.028694404591104734
2 0.47737556561085975 0.6370157819225251 0.07692307692307693 0.08895265423242468
24 0.8438914027149321 0.6513629842180775 0.12217194570135746 0.08895265423242468
20 0.8404977375565611 0.6477761836441894 0.042986425339366516 0.05308464849354376
22 0.7669683257918553 0.6413199426111909 0.13122171945701358 0.12338593974175036
13 0.0916289592760181 0.48923959827833574 0.083710407239819 0.06312769010043041
0 0.3891402714932127 0.5616929698708751 0.05429864253393665 0.05021520803443329
23 0.7330316742081447 0.6025824964131994 0.1493212669683258 0.08321377331420372
18 0.5916289592760181 0.6276901004304161 0.09728506787330317 0.06456241032998565
8 0.3597285067873303 0.10258249641319943 0.06334841628959276 0.05021520803443329
29 0.5067873303167421 0.05954088952654232 0.1085972850678733 0.07604017216642754
31 0.3042986425339366 0.04160688665710186 0.06561085972850679 0.02295552367288379
25 0.22737556561085973 0.5954088952654233 0.07918552036199095 0.03156384505021521
27 0.3190045248868778 0.8694404591104734 0.10407239819004525 0.06599713055954089
29 0.33597285067873306 0.7682926829268293 0.10180995475113122 0.05021520803443329
28 0.49434389140271495 0.8579626972740315 0.07013574660633484 0.05164992826398852
31 0.670814479638009 0.26255380200860834 0.06561085972850679 0.02295552367288379
32 0.8461538461538461 0.28766140602582496 0.03167420814479638 0.021520803443328552
30 0.8925339366515838 0.9218077474892395 0.06561085972850679 0.024390243902439025
