33 0.19014084507042253 0.76953125 0.15492957746478872 0.12834821428571427
33 0.7887323943661971 0.76953125 0.15492957746478872 0.12834821428571427
33 0.198943661971831 0.20870535714285715 0.15140845070422534 0.11160714285714286
33 0.7992957746478874 0.20870535714285715 0.15140845070422534 0.11160714285714286
33 0.5017605633802817 0.11049107142857142 0.19014084507042253 0.15401785714285715
33 0.49295774647887325 0.8733258928571429 0.17253521126760563 0.13727678571428573
13 0.5052816901408451 0.2578125 0.15140845070422534 0.07142857142857142
16 0.06866197183098592 0.16741071428571427 0.09859154929577464 0.05133928571428571
18 0.5492957746478874 0.6953125 0.09154929577464789 0.06473214285714286
27 0.7033450704225352 0.30189732142857145 0.09683098591549295 0.016741071428571428
32 0.7640845070422535 0.3627232142857143 0.10211267605633803 0.08705357142857142
29 0.6408450704225352 0.0625 0.16901408450704225 0.10044642857142858
28 0.13028169014084506 0.7193080357142857 0.02464788732394366 0.016741071428571428
