28 0.19014084507042253 0.76953125 0.15492957746478872 0.12834821428571427
28 0.7887323943661971 0.76953125 0.15492957746478872 0.12834821428571427
28 0.198943661971831 0.20870535714285715 0.15140845070422534 0.11160714285714286
28 0.7992957746478874 0.20870535714285715 0.15140845070422534 0.11160714285714286
28 0.5017605633802817 0.11049107142857142 0.19014084507042253 0.15401785714285715
28 0.49295774647887325 0.8733258928571429 0.17253521126760563 0.13727678571428573
6 0.1426056338028169 0.5446428571428571 0.09154929577464789 0.060267857142857144
5 0.25704225352112675 0.6473214285714286 0.1267605633802817 0.09375
17 0.9454225352112676 0.625 0.09859154929577464 0.060267857142857144
8 0.9102112676056338 0.5658482142857143 0.06690140845070422 0.05357142857142857
14 0.25 0.4765625 0.08450704225352113 0.06919642857142858
27 0.15492957746478872 0.7399553571428571 0.12323943661971831 0.09151785714285714
23 0.7852112676056338 0.008370535714285714 0.02464788732394366 0.016741071428571428
21 0.22535211267605634 0.4799107142857143 0.045774647887323945 0.033482142857142856
20 0.21038732394366197 0.21763392857142858 0.09683098591549295 0.017857142857142856
