29 0.19683257918552036 0.7714723926380368 0.167420814479638 0.13190184049079753
29 0.7963800904977375 0.7714723926380368 0.167420814479638 0.13190184049079753
29 0.18665158371040724 0.21088957055214724 0.1244343891402715 0.11503067484662577
29 0.7861990950226244 0.21088957055214724 0.1244343891402715 0.11503067484662577
29 0.501131221719457 0.11503067484662577 0.18778280542986425 0.1687116564417178
29 0.48868778280542985 0.8788343558282209 0.16289592760180996 0.147239263803681
15 0.4264705882352941 0.11886503067484662 0.038461538461538464 0.029141104294478526
6 0.8891402714932126 0.25766871165644173 0.16289592760180996 0.10122699386503067
12 0.3891402714932127 0.03680981595092025 0.10407239819004525 0.0705521472392638
25 0.33144796380090497 0.11579754601226994 0.0746606334841629 0.029141104294478526
25 0.6210407239819005 0.054447852760736194 0.0746606334841629 0.029141104294478526
12 0.8800904977375565 0.7898773006134969 0.10407239819004525 0.0705521472392638
26 0.7183257918552036 0.8550613496932515 0.1425339366515837 0.07208588957055215
