33 0.18778280542986425 0.7661406025824964 0.1493212669683258 0.12338593974175036
33 0.7873303167420814 0.7661406025824964 0.1493212669683258 0.12338593974175036
33 0.19796380090497737 0.20588235294117646 0.14705882352941177 0.10760401721664276
33 0.7975113122171946 0.20588235294117646 0.14705882352941177 0.10760401721664276
33 0.498868778280543 0.10760401721664276 0.1832579185520362 0.1492109038737446
33 0.49095022624434387 0.8708751793400287 0.167420814479638 0.13199426111908177
16 0.9389140271493213 0.509325681492109 0.03167420814479638 0.028694404591104734
6 0.09954751131221719 0.45050215208034433 0.058823529411764705 0.028694404591104734
0 0.09389140271493213 0.593974175035868 0.06108597285067873 0.04878048780487805
7 0.6357466063348416 0.3328550932568149 0.17647058823529413 0.10329985652797705
4 0.582579185520362 0.6233859397417504 0.11990950226244344 0.08751793400286945
17 0.7036199095022625 0.5738880918220947 0.08144796380090498 0.043041606886657105
22 0.06561085972850679 0.3428981348637016 0.13122171945701358 0.12338593974175036
10 0.9355203619909502 0.6578192252510761 0.11085972850678733 0.0703012912482066
23 0.4117647058823529 0.6542324246771879 0.1493212669683258 0.08321377331420372
5 0.7171945701357466 0.5581061692969871 0.06787330316742081 0.04591104734576758
19 0.7352941176470589 0.5014347202295553 0.10407239819004525 0.08177905308464849
8 0.06447963800904978 0.24031563845050216 0.05203619909502263 0.03873744619799139
15 0.10180995475113122 0.7202295552367288 0.05429864253393665 0.08608321377331421
3 0.09841628959276018 0.7496413199426112 0.05203619909502263 0.05021520803443329
2 0.5769230769230769 0.5451936872309899 0.07692307692307693 0.08895265423242468
20 0.8190045248868778 0.4748923959827834 0.04072398190045249 0.054519368723098996
13 0.083710407239819 0.7690100430416069 0.09502262443438914 0.04591104734576758
14 0.5305429864253394 0.5832137733142038 0.09728506787330317 0.06743185078909612
31 0.26357466063348417 0.48421807747489237 0.1244343891402715 0.021520803443328552
29 0.09389140271493213 0.7489239598278336 0.08823529411764706 0.06025824964131994
32 0.7601809954751131 0.8256814921090387 0.03167420814479638 0.021520803443328552
31 0.5305429864253394 0.15925394548063126 0.06561085972850679 0.02295552367288379
27 0.2171945701357466 0.37374461979913914 0.10407239819004525 0.06743185078909612
26 0.10520361990950226 0.5860832137733142 0.1425339366515837 0.06743185078909612
25 0.6493212669683258 0.593974175035868 0.03167420814479638 0.028694404591104734
28 0.04524886877828054 0.9203730272596844 0.058823529411764705 0.047345767575322814
30 0.43778280542986425 0.7474892395982783 0.1244343891402715 0.02295552367288379
32 0.7194570135746606 0.19296987087517933 0.03167420814479638 0.021520803443328552
25 0.7058823529411765 0.8493543758967002 0.03167420814479638 0.028694404591104734
26 0.7669683257918553 0.8199426111908178 0.13122171945701358 0.09038737446197992
27 0.6380090497737556 0.3565279770444763 0.10407239819004525 0.06743185078909612
31 0.8540723981900452 0.48278335724533716 0.1244343891402715 0.021520803443328552
28 0.47398190045248867 0.38880918220946914 0.07013574660633484 0.05164992826398852
30 0.15723981900452488 0.7015781922525107 0.1244343891402715 0.02295552367288379
29 0.8246606334841629 0.7159253945480631 0.083710407239819 0.08321377331420372
26 0.8212669683257918 0.7510760401721664 0.13122171945701358 0.09038737446197992
32 0.4660633484162896 0.37230989956958394 0.03167420814479638 0.021520803443328552
27 0.7036199095022625 0.1836441893830703 0.10407239819004525 0.06599713055954089
29 0.7771493212669683 0.381635581061693 0.083710407239819 0.08321377331420372
