33 0.19014084507042253 0.76953125 0.15492957746478872 0.12834821428571427
33 0.7887323943661971 0.76953125 0.15492957746478872 0.12834821428571427
33 0.198943661971831 0.20870535714285715 0.15140845070422534 0.11160714285714286
33 0.7992957746478874 0.20870535714285715 0.15140845070422534 0.11160714285714286
33 0.5017605633802817 0.11049107142857142 0.19014084507042253 0.15401785714285715
33 0.49295774647887325 0.8733258928571429 0.17253521126760563 0.13727678571428573
16 0.6109154929577465 0.3359375 0.10211267605633803 0.07589285714285714
11 0.528169014084507 0.6339285714285714 0.14084507042253522 0.10491071428571429
14 0.6179577464788732 0.625 0.13732394366197184 0.14285714285714285
7 0.5404929577464789 0.45982142857142855 0.08450704225352113 0.05133928571428571
6 0.48327464788732394 0.5613839285714286 0.13556338028169015 0.09151785714285714
23 0.13556338028169015 0.08147321428571429 0.12323943661971831 0.0625
10 0.5528169014084507 0.49441964285714285 0.07042253521126761 0.04241071428571429
1 0.7676056338028169 0.6506696428571429 0.08450704225352113 0.044642857142857144
24 0.4630281690140845 0.45982142857142855 0.07394366197183098 0.06696428571428571
2 0.6232394366197183 0.6328125 0.08450704225352113 0.049107142857142856
30 0.5686619718309859 0.5178571428571429 0.09859154929577464 0.08035714285714286
31 0.4471830985915493 0.7444196428571429 0.07394366197183098 0.049107142857142856
28 0.551056338028169 0.05412946428571429 0.02464788732394366 0.016741071428571428
