29 0.19683257918552036 0.7714723926380368 0.167420814479638 0.13190184049079753
29 0.7963800904977375 0.7714723926380368 0.167420814479638 0.13190184049079753
29 0.18665158371040724 0.21088957055214724 0.1244343891402715 0.11503067484662577
29 0.7861990950226244 0.21088957055214724 0.1244343891402715 0.11503067484662577
29 0.501131221719457 0.11503067484662577 0.18778280542986425 0.1687116564417178
29 0.48868778280542985 0.8788343558282209 0.16289592760180996 0.147239263803681
9 0.5067873303167421 0.325920245398773 0.10407239819004525 0.07515337423312883
15 0.22737556561085973 0.9210122699386503 0.038461538461538464 0.029141104294478526
19 0.8529411764705882 0.2476993865030675 0.10407239819004525 0.09049079754601227
0 0.5984162895927602 0.4049079754601227 0.05656108597285068 0.05828220858895705
11 0.3190045248868778 0.9010736196319018 0.08144796380090498 0.1058282208588957
18 0.666289592760181 0.8182515337423313 0.083710407239819 0.05674846625766871
28 0.8653846153846154 0.7223926380368099 0.08823529411764706 0.06441717791411043
