33 0.18778280542986425 0.7661406025824964 0.1493212669683258 0.12338593974175036
33 0.7873303167420814 0.7661406025824964 0.1493212669683258 0.12338593974175036
33 0.19796380090497737 0.20588235294117646 0.14705882352941177 0.10760401721664276
33 0.7975113122171946 0.20588235294117646 0.14705882352941177 0.10760401721664276
33 0.498868778280543 0.10760401721664276 0.1832579185520362 0.1492109038737446
33 0.49095022624434387 0.8708751793400287 0.167420814479638 0.13199426111908177
6 0.32805429864253394 0.08106169296987087 0.04524886877828054 0.035868005738880916
13 0.6085972850678733 0.5265423242467718 0.09502262443438914 0.04591104734576758
4 0.6165158371040724 0.3988522238163558 0.11085972850678733 0.08321377331420372
15 0.6199095022624435 0.7446197991391679 0.05429864253393665 0.08608321377331421
24 0.39592760180995473 0.6197991391678622 0.12217194570135746 0.08895265423242468
18 0.49660633484162897 0.23888091822094693 0.09728506787330317 0.06456241032998565
1 0.8642533936651584 0.5344332855093257 0.09954751131221719 0.047345767575322814
10 0.10972850678733032 0.6649928263988523 0.11085972850678733 0.0703012912482066
23 0.47398190045248867 0.6764705882352942 0.1334841628959276 0.09612625538020086
11 0.3574660633484163 0.6362984218077475 0.12669683257918551 0.13629842180774748
21 0.6606334841628959 0.242467718794835 0.058823529411764705 0.05164992826398852
8 0.7579185520361991 0.6420373027259685 0.06334841628959276 0.05021520803443329
25 0.7601809954751131 0.8421807747489239 0.03167420814479638 0.028694404591104734
