28 0.19014084507042253 0.76953125 0.15492957746478872 0.12834821428571427
28 0.7887323943661971 0.76953125 0.15492957746478872 0.12834821428571427
28 0.198943661971831 0.20870535714285715 0.15140845070422534 0.11160714285714286
28 0.7992957746478874 0.20870535714285715 0.15140845070422534 0.11160714285714286
28 0.5017605633802817 0.11049107142857142 0.19014084507042253 0.15401785714285715
28 0.49295774647887325 0.8733258928571429 0.17253521126760563 0.13727678571428573
8 0.6144366197183099 0.6272321428571429 0.07394366197183098 0.04241071428571429
14 0.0528169014084507 0.9308035714285714 0.08450704225352113 0.06919642857142858
4 0.25264084507042256 0.5736607142857143 0.14964788732394366 0.13616071428571427
10 0.5387323943661971 0.42745535714285715 0.16549295774647887 0.10044642857142858
27 0.15316901408450703 0.75 0.13380281690140844 0.08035714285714286
