28 0.19014084507042253 0.76953125 0.15492957746478872 0.12834821428571427
28 0.7887323943661971 0.76953125 0.15492957746478872 0.12834821428571427
28 0.198943661971831 0.20870535714285715 0.15140845070422534 0.11160714285714286
28 0.7992957746478874 0.20870535714285715 0.15140845070422534 0.11160714285714286
28 0.5017605633802817 0.11049107142857142 0.19014084507042253 0.15401785714285715
28 0.49295774647887325 0.8733258928571429 0.17253521126760563 0.13727678571428573
4 0.8952464788732394 0.5323660714285714 0.14964788732394366 0.13616071428571427
17 0.07922535211267606 0.47879464285714285 0.07746478873239436 0.0625
13 0.6426056338028169 0.2924107142857143 0.10915492957746478 0.05357142857142857
15 0.9471830985915493 0.6707589285714286 0.05985915492957746 0.046875
0 0.058098591549295774 0.4185267857142857 0.09154929577464789 0.044642857142857144
9 0.3626760563380282 0.5011160714285714 0.14084507042253522 0.10491071428571429
10 0.8327464788732394 0.6261160714285714 0.1795774647887324 0.10714285714285714
18 0.5651408450704225 0.7399553571428571 0.07394366197183098 0.05580357142857143
26 0.7341549295774648 0.09375 0.08098591549295775 0.05133928571428571
24 0.11267605633802817 0.4966517857142857 0.16549295774647887 0.09151785714285714
20 0.8248239436619719 0.62890625 0.051056338028169015 0.018973214285714284
