29 0.19683257918552036 0.7714723926380368 0.167420814479638 0.13190184049079753
29 0.7963800904977375 0.7714723926380368 0.167420814479638 0.13190184049079753
29 0.18665158371040724 0.21088957055214724 0.1244343891402715 0.11503067484662577
29 0.7861990950226244 0.21088957055214724 0.1244343891402715 0.11503067484662577
29 0.501131221719457 0.11503067484662577 0.18778280542986425 0.1687116564417178
29 0.48868778280542985 0.8788343558282209 0.16289592760180996 0.147239263803681
19 0.46153846153846156 0.21855828220858894 0.10407239819004525 0.08742331288343558
12 0.7398190045248869 0.7055214723926381 0.10407239819004525 0.0705521472392638
12 0.2330316742081448 0.4302147239263804 0.09954751131221719 0.06595092024539877
25 0.16063348416289594 0.6073619631901841 0.03167420814479638 0.03067484662576687
28 0.6572398190045249 0.7645705521472392 0.10180995475113122 0.05368098159509203
