33 0.18778280542986425 0.7661406025824964 0.1493212669683258 0.12338593974175036
33 0.7873303167420814 0.7661406025824964 0.1493212669683258 0.12338593974175036
33 0.19796380090497737 0.20588235294117646 0.14705882352941177 0.10760401721664276
33 0.7975113122171946 0.20588235294117646 0.14705882352941177 0.10760401721664276
33 0.498868778280543 0.10760401721664276 0.1832579185520362 0.1492109038737446
33 0.49095022624434387 0.8708751793400287 0.167420814479638 0.13199426111908177
23 0.4434389140271493 0.5652797704447633 0.1493212669683258 0.08321377331420372
22 0.6018099547511312 0.3328550932568149 0.13122171945701358 0.12338593974175036
9 0.6855203619909502 0.5860832137733142 0.167420814479638 0.11047345767575323
7 0.2669683257918552 0.8005738880918221 0.17647058823529413 0.10329985652797705
19 0.38009049773755654 0.6764705882352942 0.10407239819004525 0.08464849354375897
10 0.5361990950226244 0.578909612625538 0.10407239819004525 0.0703012912482066
12 0.2579185520361991 0.603299856527977 0.13574660633484162 0.0703012912482066
6 0.4411764705882353 0.5975609756097561 0.04524886877828054 0.035868005738880916
20 0.4287330316742081 0.6836441893830703 0.042986425339366516 0.05308464849354376
