33 0.18778280542986425 0.7661406025824964 0.1493212669683258 0.12338593974175036
33 0.7873303167420814 0.7661406025824964 0.1493212669683258 0.12338593974175036
33 0.19796380090497737 0.20588235294117646 0.14705882352941177 0.10760401721664276
33 0.7975113122171946 0.20588235294117646 0.14705882352941177 0.10760401721664276
33 0.498868778280543 0.10760401721664276 0.1832579185520362 0.1492109038737446
33 0.49095022624434387 0.8708751793400287 0.167420814479638 0.13199426111908177
16 0.25565610859728505 0.12410329985652797 0.05429864253393665 0.03299856527977044
12 0.6108597285067874 0.38091822094691535 0.08144796380090498 0.09899569583931134
0 0.9219457013574661 0.5624103299856528 0.06108597285067873 0.04878048780487805
7 0.417420814479638 0.5982783357245337 0.11085972850678733 0.10329985652797705
5 0.08484162895927602 0.09325681492109039 0.0746606334841629 0.03443328550932568
1 0.6368778280542986 0.7453371592539455 0.08823529411764706 0.05308464849354376
2 0.29638009049773756 0.6527977044476327 0.07692307692307693 0.08895265423242468
12 0.5576923076923077 0.44404591104734575 0.1334841628959276 0.0703012912482066
9 0.6402714932126696 0.6205164992826399 0.167420814479638 0.11047345767575323
3 0.1504524886877828 0.03299856527977044 0.05203619909502263 0.06025824964131994
24 0.504524886877828 0.4261119081779053 0.12217194570135746 0.08895265423242468
20 0.8947963800904978 0.5911047345767575 0.0746606334841629 0.05738880918220947
21 0.7205882352941176 0.5473457675753228 0.04751131221719457 0.05021520803443329
10 0.6255656108597285 0.7008608321377331 0.07918552036199095 0.06743185078909612
19 0.34615384615384615 0.6047345767575323 0.10407239819004525 0.08464849354375897
26 0.36538461538461536 0.8113342898134863 0.1425339366515837 0.06743185078909612
