33 0.18778280542986425 0.7661406025824964 0.1493212669683258 0.12338593974175036
33 0.7873303167420814 0.7661406025824964 0.1493212669683258 0.12338593974175036
33 0.19796380090497737 0.20588235294117646 0.14705882352941177 0.10760401721664276
33 0.7975113122171946 0.20588235294117646 0.14705882352941177 0.10760401721664276
33 0.498868778280543 0.10760401721664276 0.1832579185520362 0.1492109038737446
33 0.49095022624434387 0.8708751793400287 0.167420814479638 0.13199426111908177
14 0.8902714932126696 0.5014347202295553 0.09728506787330317 0.06743185078909612
9 0.49660633484162897 0.2568149210903874 0.16968325791855204 0.11190817790530846
6 0.7647058823529411 0.44045911047345765 0.058823529411764705 0.028694404591104734
15 0.19909502262443438 0.45552367288378764 0.09502262443438914 0.05595408895265423
29 0.2658371040723982 0.5014347202295553 0.10180995475113122 0.05021520803443329
28 0.8925339366515838 0.9117647058823529 0.06108597285067873 0.05021520803443329
30 0.38574660633484165 0.6226685796269728 0.1244343891402715 0.02295552367288379
