33 0.19014084507042253 0.76953125 0.15492957746478872 0.12834821428571427
33 0.7887323943661971 0.76953125 0.15492957746478872 0.12834821428571427
33 0.198943661971831 0.20870535714285715 0.15140845070422534 0.11160714285714286
33 0.7992957746478874 0.20870535714285715 0.15140845070422534 0.11160714285714286
33 0.5017605633802817 0.11049107142857142 0.19014084507042253 0.15401785714285715
33 0.49295774647887325 0.8733258928571429 0.17253521126760563 0.13727678571428573
20 0.9172535211267606 0.6629464285714286 0.07394366197183098 0.05580357142857143
30 0.596830985915493 0.044642857142857144 0.11619718309859155 0.060267857142857144
31 0.8397887323943662 0.8258928571428571 0.07746478873239436 0.05133928571428571
29 0.5211267605633803 0.7522321428571429 0.16549295774647887 0.09821428571428571
