33 0.18778280542986425 0.7661406025824964 0.1493212669683258 0.12338593974175036
33 0.7873303167420814 0.7661406025824964 0.1493212669683258 0.12338593974175036
33 0.19796380090497737 0.20588235294117646 0.14705882352941177 0.10760401721664276
33 0.7975113122171946 0.20588235294117646 0.14705882352941177 0.10760401721664276
33 0.498868778280543 0.10760401721664276 0.1832579185520362 0.1492109038737446
33 0.49095022624434387 0.8708751793400287 0.167420814479638 0.13199426111908177
23 0.4920814479638009 0.4139167862266858 0.1334841628959276 0.09612625538020086
9 0.17873303167420815 0.48278335724533716 0.167420814479638 0.11047345767575323
24 0.5520361990950227 0.5609756097560976 0.12217194570135746 0.08895265423242468
21 0.8518099547511312 0.6434720229555236 0.04751131221719457 0.05021520803443329
2 0.4490950226244344 0.5595408895265424 0.0746606334841629 0.08321377331420372
4 0.26357466063348417 0.5114777618364419 0.11990950226244344 0.09038737446197992
25 0.9242081447963801 0.09971305595408896 0.0746606334841629 0.027259684361549498
