33 0.18778280542986425 0.7661406025824964 0.1493212669683258 0.12338593974175036
33 0.7873303167420814 0.7661406025824964 0.1493212669683258 0.12338593974175036
33 0.19796380090497737 0.20588235294117646 0.14705882352941177 0.10760401721664276
33 0.7975113122171946 0.20588235294117646 0.14705882352941177 0.10760401721664276
33 0.498868778280543 0.10760401721664276 0.1832579185520362 0.1492109038737446
33 0.49095022624434387 0.8708751793400287 0.167420814479638 0.13199426111908177
20 0.5757918552036199 0.2934002869440459 0.042986425339366516 0.05308464849354376
1 0.5656108597285068 0.35365853658536583 0.09502262443438914 0.06169296987087518
22 0.30995475113122173 0.6499282639885222 0.13122171945701358 0.12338593974175036
32 0.7036199095022625 0.5129124820659972 0.03167420814479638 0.021520803443328552
27 0.39592760180995473 0.4017216642754663 0.10407239819004525 0.06599713055954089
28 0.06447963800904978 0.48278335724533716 0.06108597285067873 0.05021520803443329
