33 0.19014084507042253 0.76953125 0.15492957746478872 0.12834821428571427
33 0.7887323943661971 0.76953125 0.15492957746478872 0.12834821428571427
33 0.198943661971831 0.20870535714285715 0.15140845070422534 0.11160714285714286
33 0.7992957746478874 0.20870535714285715 0.15140845070422534 0.11160714285714286
33 0.5017605633802817 0.11049107142857142 0.19014084507042253 0.15401785714285715
33 0.49295774647887325 0.8733258928571429 0.17253521126760563 0.13727678571428573
22 0.06690140845070422 0.4174107142857143 0.12323943661971831 0.09598214285714286
15 0.8855633802816901 0.6216517857142857 0.09859154929577464 0.07589285714285714
17 0.727112676056338 0.6741071428571429 0.10915492957746478 0.07589285714285714
11 0.20598591549295775 0.060267857142857144 0.14084507042253522 0.10491071428571429
4 0.31161971830985913 0.6886160714285714 0.08098591549295775 0.046875
21 0.6901408450704225 0.5803571428571429 0.1056338028169014 0.060267857142857144
13 0.6038732394366197 0.7276785714285714 0.11971830985915492 0.07142857142857142
