33 0.18778280542986425 0.7661406025824964 0.1493212669683258 0.12338593974175036
33 0.7873303167420814 0.7661406025824964 0.1493212669683258 0.12338593974175036
33 0.19796380090497737 0.20588235294117646 0.14705882352941177 0.10760401721664276
33 0.7975113122171946 0.20588235294117646 0.14705882352941177 0.10760401721664276
33 0.498868778280543 0.10760401721664276 0.1832579185520362 0.1492109038737446
33 0.49095022624434387 0.8708751793400287 0.167420814479638 0.13199426111908177
8 0.1504524886877828 0.5746054519368723 0.04751131221719457 0.04447632711621234
18 0.8744343891402715 0.5875179340028694 0.09728506787330317 0.06456241032998565
5 0.4242081447963801 0.4619799139167862 0.0746606334841629 0.03443328550932568
20 0.7941176470588235 0.5746054519368723 0.04524886877828054 0.05021520803443329
9 0.5995475113122172 0.4383070301291248 0.167420814479638 0.11047345767575323
3 0.6481900452488688 0.4296987087517934 0.05203619909502263 0.05021520803443329
2 0.6255656108597285 0.2582496413199426 0.0746606334841629 0.08321377331420372
10 0.45701357466063347 0.5272596843615495 0.10407239819004525 0.0703012912482066
