33 0.18778280542986425 0.7661406025824964 0.1493212669683258 0.12338593974175036
33 0.7873303167420814 0.7661406025824964 0.1493212669683258 0.12338593974175036
33 0.19796380090497737 0.20588235294117646 0.14705882352941177 0.10760401721664276
33 0.7975113122171946 0.20588235294117646 0.14705882352941177 0.10760401721664276
33 0.498868778280543 0.10760401721664276 0.1832579185520362 0.1492109038737446
33 0.49095022624434387 0.8708751793400287 0.167420814479638 0.13199426111908177
3 0.6278280542986425 0.40100430416068866 0.05203619909502263 0.05021520803443329
14 0.2737556561085973 0.6362984218077475 0.09502262443438914 0.06456241032998565
12 0.8054298642533937 0.6470588235294118 0.09502262443438914 0.07173601147776183
18 0.25452488687782804 0.49569583931133426 0.083710407239819 0.05308464849354376
21 0.07352941176470588 0.8773314203730272 0.04751131221719457 0.05021520803443329
4 0.27262443438914025 0.05595408895265423 0.11085972850678733 0.08321377331420372
24 0.8642533936651584 0.6226685796269728 0.12217194570135746 0.08895265423242468
1 0.3597285067873303 0.6004304160688666 0.09502262443438914 0.06169296987087518
32 0.5475113122171946 0.7166427546628408 0.03167420814479638 0.021520803443328552
31 0.5893665158371041 0.8945480631276901 0.1244343891402715 0.021520803443328552
28 0.1753393665158371 0.9418938307030129 0.06108597285067873 0.05021520803443329
30 0.34502262443438914 0.7998565279770444 0.06561085972850679 0.024390243902439025
