33 0.18778280542986425 0.7661406025824964 0.1493212669683258 0.12338593974175036
33 0.7873303167420814 0.7661406025824964 0.1493212669683258 0.12338593974175036
33 0.19796380090497737 0.20588235294117646 0.14705882352941177 0.10760401721664276
33 0.7975113122171946 0.20588235294117646 0.14705882352941177 0.10760401721664276
33 0.498868778280543 0.10760401721664276 0.1832579185520362 0.1492109038737446
33 0.49095022624434387 0.8708751793400287 0.167420814479638 0.13199426111908177
22 0.6945701357466063 0.593974175035868 0.13122171945701358 0.12338593974175036
1 0.5871040723981901 0.2704447632711621 0.08823529411764706 0.05308464849354376
2 0.27149321266968324 0.054519368723098996 0.07692307692307693 0.08895265423242468
20 0.744343891402715 0.4713055954088953 0.07692307692307693 0.05021520803443329
5 0.6798642533936652 0.36585365853658536 0.0746606334841629 0.03443328550932568
6 0.3416289592760181 0.4418938307030129 0.058823529411764705 0.028694404591104734
15 0.2986425339366516 0.5172166427546628 0.05429864253393665 0.058823529411764705
10 0.3065610859728507 0.5875179340028694 0.11085972850678733 0.0703012912482066
4 0.5101809954751131 0.5172166427546628 0.11990950226244344 0.08751793400286945
14 0.43891402714932126 0.6133428981348638 0.09502262443438914 0.06456241032998565
24 0.2398190045248869 0.4878048780487805 0.12217194570135746 0.08895265423242468
9 0.7850678733031674 0.5430416068866571 0.167420814479638 0.11047345767575323
18 0.49434389140271495 0.7568149210903874 0.09728506787330317 0.06456241032998565
7 0.06221719457013575 0.5365853658536586 0.11085972850678733 0.10329985652797705
23 0.7861990950226244 0.4885222381635581 0.1334841628959276 0.09612625538020086
8 0.5 0.7568149210903874 0.06334841628959276 0.05021520803443329
17 0.083710407239819 0.43113342898134865 0.08144796380090498 0.05308464849354376
19 0.6493212669683258 0.26757532281205165 0.10407239819004525 0.08464849354375897
8 0.6278280542986425 0.6434720229555236 0.05203619909502263 0.03873744619799139
19 0.05203619909502263 0.24031563845050216 0.10407239819004525 0.08177905308464849
24 0.6153846153846154 0.5552367288378766 0.12217194570135746 0.08895265423242468
7 0.43891402714932126 0.6212338593974175 0.16289592760180996 0.09469153515064563
14 0.07126696832579185 0.7381635581061693 0.09728506787330317 0.06743185078909612
15 0.8914027149321267 0.4648493543758967 0.08144796380090498 0.05738880918220947
23 0.8201357466063348 0.6714490674318508 0.1425339366515837 0.0746054519368723
17 0.667420814479638 0.5021520803443329 0.08144796380090498 0.043041606886657105
3 0.8404977375565611 0.5100430416068866 0.05203619909502263 0.05021520803443329
0 0.049773755656108594 0.5007173601147776 0.07692307692307693 0.043041606886657105
2 0.8201357466063348 0.6743185078909613 0.0746606334841629 0.08321377331420372
9 0.36877828054298645 0.4727403156384505 0.167420814479638 0.11047345767575323
11 0.48642533936651583 0.5028694404591105 0.12669683257918551 0.13629842180774748
16 0.38461538461538464 0.48708751793400284 0.049773755656108594 0.04160688665710186
22 0.7330316742081447 0.533715925394548 0.13122171945701358 0.12338593974175036
18 0.5418552036199095 0.7381635581061693 0.10180995475113122 0.05595408895265423
29 0.8665158371040724 0.396700143472023 0.1085972850678733 0.07604017216642754
28 0.9106334841628959 0.7647058823529411 0.07013574660633484 0.05164992826398852
26 0.6357466063348416 0.49856527977044474 0.13122171945701358 0.09038737446197992
31 0.6595022624434389 0.5143472022955524 0.1244343891402715 0.021520803443328552
32 0.083710407239819 0.3134863701578192 0.03167420814479638 0.021520803443328552
25 0.20588235294117646 0.6147776183644189 0.08597285067873303 0.04160688665710186
28 0.3574660633484163 0.6319942611190817 0.058823529411764705 0.047345767575322814
30 0.10972850678733032 0.05595408895265423 0.1244343891402715 0.02295552367288379
26 0.25565610859728505 0.05810616929698709 0.13122171945701358 0.09038737446197992
31 0.4762443438914027 0.3285509325681492 0.06561085972850679 0.02295552367288379
