33 0.19014084507042253 0.76953125 0.15492957746478872 0.12834821428571427
33 0.7887323943661971 0.76953125 0.15492957746478872 0.12834821428571427
33 0.198943661971831 0.20870535714285715 0.15140845070422534 0.11160714285714286
33 0.7992957746478874 0.20870535714285715 0.15140845070422534 0.11160714285714286
33 0.5017605633802817 0.11049107142857142 0.19014084507042253 0.15401785714285715
33 0.49295774647887325 0.8733258928571429 0.17253521126760563 0.13727678571428573
7 0.7288732394366197 0.6104910714285714 0.08450704225352113 0.05803571428571429
14 0.5475352112676056 0.4642857142857143 0.13732394366197184 0.140625
23 0.4823943661971831 0.7544642857142857 0.0880281690140845 0.05580357142857143
8 0.801056338028169 0.6517857142857143 0.0528169014084507 0.03571428571428571
16 0.3503521126760563 0.0625 0.0880281690140845 0.060267857142857144
26 0.22711267605633803 0.2734375 0.056338028169014086 0.033482142857142856
27 0.2878521126760563 0.8649553571428571 0.051056338028169015 0.017857142857142856
32 0.9137323943661971 0.5948660714285714 0.14788732394366197 0.09375
