28 0.19014084507042253 0.76953125 0.15492957746478872 0.12834821428571427
28 0.7887323943661971 0.76953125 0.15492957746478872 0.12834821428571427
28 0.198943661971831 0.20870535714285715 0.15140845070422534 0.11160714285714286
28 0.7992957746478874 0.20870535714285715 0.15140845070422534 0.11160714285714286
28 0.5017605633802817 0.11049107142857142 0.19014084507042253 0.15401785714285715
28 0.49295774647887325 0.8733258928571429 0.17253521126760563 0.13727678571428573
15 0.08626760563380281 0.3091517857142857 0.056338028169014086 0.03571428571428571
3 0.2112676056338028 0.05915178571428571 0.07042253521126761 0.05357142857142857
2 0.26936619718309857 0.5323660714285714 0.08098591549295775 0.11607142857142858
10 0.903169014084507 0.515625 0.1795774647887324 0.10714285714285714
14 0.5316901408450704 0.43638392857142855 0.06690140845070422 0.109375
7 0.6954225352112676 0.6395089285714286 0.17253521126760563 0.11383928571428571
