28 0.19014084507042253 0.76953125 0.15492957746478872 0.12834821428571427
28 0.7887323943661971 0.76953125 0.15492957746478872 0.12834821428571427
28 0.198943661971831 0.20870535714285715 0.15140845070422534 0.11160714285714286
28 0.7992957746478874 0.20870535714285715 0.15140845070422534 0.11160714285714286
28 0.5017605633802817 0.11049107142857142 0.19014084507042253 0.15401785714285715
28 0.49295774647887325 0.8733258928571429 0.17253521126760563 0.13727678571428573
19 0.5334507042253521 0.6194196428571429 0.09154929577464789 0.05803571428571429
0 0.7235915492957746 0.6160714285714286 0.08098591549295775 0.05133928571428571
13 0.14788732394366197 0.5479910714285714 0.08098591549295775 0.05133928571428571
11 0.579225352112676 0.7042410714285714 0.10915492957746478 0.09151785714285714
22 0.17869718309859156 0.3247767857142857 0.051056338028169015 0.017857142857142856
24 0.6813380281690141 0.8772321428571429 0.16549295774647887 0.09151785714285714
23 0.9507042253521126 0.55078125 0.02464788732394366 0.016741071428571428
25 0.26936619718309857 0.049107142857142856 0.09859154929577464 0.08928571428571429
