33 0.18778280542986425 0.7661406025824964 0.1493212669683258 0.12338593974175036
33 0.7873303167420814 0.7661406025824964 0.1493212669683258 0.12338593974175036
33 0.19796380090497737 0.20588235294117646 0.14705882352941177 0.10760401721664276
33 0.7975113122171946 0.20588235294117646 0.14705882352941177 0.10760401721664276
33 0.498868778280543 0.10760401721664276 0.1832579185520362 0.1492109038737446
33 0.49095022624434387 0.8708751793400287 0.167420814479638 0.13199426111908177
4 0.8371040723981901 0.5487804878048781 0.12217194570135746 0.09325681492109039
3 0.8733031674208145 0.6929698708751794 0.049773755656108594 0.05164992826398852
2 0.7624434389140271 0.5624103299856528 0.07692307692307693 0.08895265423242468
21 0.6730769230769231 0.6176470588235294 0.04751131221719457 0.05021520803443329
18 0.5124434389140271 0.4770444763271162 0.083710407239819 0.05308464849354376
9 0.24773755656108598 0.6527977044476327 0.16968325791855204 0.11190817790530846
8 0.6266968325791855 0.5387374461979914 0.06334841628959276 0.05021520803443329
1 0.26244343891402716 0.5573888091822095 0.09049773755656108 0.06169296987087518
32 0.8619909502262444 0.7166427546628408 0.03167420814479638 0.021520803443328552
26 0.8223981900452488 0.960545193687231 0.1425339366515837 0.06743185078909612
29 0.06447963800904978 0.6843615494978479 0.083710407239819 0.08321377331420372
28 0.6640271493212669 0.7568149210903874 0.06108597285067873 0.05021520803443329
