33 0.18778280542986425 0.7661406025824964 0.1493212669683258 0.12338593974175036
33 0.7873303167420814 0.7661406025824964 0.1493212669683258 0.12338593974175036
33 0.19796380090497737 0.20588235294117646 0.14705882352941177 0.10760401721664276
33 0.7975113122171946 0.20588235294117646 0.14705882352941177 0.10760401721664276
33 0.498868778280543 0.10760401721664276 0.1832579185520362 0.1492109038737446
33 0.49095022624434387 0.8708751793400287 0.167420814479638 0.13199426111908177
23 0.4671945701357466 0.6657101865136298 0.1425339366515837 0.0746054519368723
13 0.7918552036199095 0.5050215208034433 0.09502262443438914 0.04591104734576758
30 0.582579185520362 0.20373027259684362 0.1244343891402715 0.02295552367288379
31 0.8631221719457014 0.45050215208034433 0.06561085972850679 0.02295552367288379
