33 0.18778280542986425 0.7661406025824964 0.1493212669683258 0.12338593974175036
33 0.7873303167420814 0.7661406025824964 0.1493212669683258 0.12338593974175036
33 0.19796380090497737 0.20588235294117646 0.14705882352941177 0.10760401721664276
33 0.7975113122171946 0.20588235294117646 0.14705882352941177 0.10760401721664276
33 0.498868778280543 0.10760401721664276 0.1832579185520362 0.1492109038737446
33 0.49095022624434387 0.8708751793400287 0.167420814479638 0.13199426111908177
17 0.12104072398190045 0.11621233859397417 0.07918552036199095 0.04878048780487805
11 0.8167420814479638 0.6492109038737446 0.12669683257918551 0.13629842180774748
8 0.75 0.4569583931133429 0.05203619909502263 0.03873744619799139
4 0.5735294117647058 0.4655667144906743 0.11990950226244344 0.09038737446197992
19 0.05203619909502263 0.8629842180774749 0.10407239819004525 0.08177905308464849
20 0.6606334841628959 0.3149210903873745 0.07692307692307693 0.05021520803443329
18 0.5486425339366516 0.5114777618364419 0.083710407239819 0.05308464849354376
9 0.21832579185520362 0.6068866571018652 0.16968325791855204 0.11190817790530846
30 0.7658371040723982 0.5746054519368723 0.06561085972850679 0.024390243902439025
29 0.7884615384615384 0.43543758967001434 0.10180995475113122 0.05021520803443329
26 0.8846153846153846 0.7352941176470589 0.13122171945701358 0.09038737446197992
28 0.30995475113122173 0.8012912482065997 0.058823529411764705 0.047345767575322814
25 0.7782805429864253 0.4655667144906743 0.08597285067873303 0.04160688665710186
32 0.5271493212669683 0.41248206599713055 0.03167420814479638 0.021520803443328552
31 0.8834841628959276 0.2682926829268293 0.06561085972850679 0.02295552367288379
32 0.4253393665158371 0.6592539454806313 0.03167420814479638 0.021520803443328552
30 0.18212669683257918 0.6434720229555236 0.06561085972850679 0.024390243902439025
27 0.6628959276018099 0.13558106169296988 0.10407239819004525 0.06743185078909612
28 0.7680995475113123 0.3357245337159254 0.07013574660633484 0.05164992826398852
26 0.5950226244343891 0.8486370157819225 0.13122171945701358 0.09038737446197992
29 0.753393665158371 0.766857962697274 0.1085972850678733 0.07604017216642754
31 0.3563348416289593 0.13055954088952654 0.06561085972850679 0.02295552367288379
