33 0.18778280542986425 0.7661406025824964 0.1493212669683258 0.12338593974175036
33 0.7873303167420814 0.7661406025824964 0.1493212669683258 0.12338593974175036
33 0.19796380090497737 0.20588235294117646 0.14705882352941177 0.10760401721664276
33 0.7975113122171946 0.20588235294117646 0.14705882352941177 0.10760401721664276
33 0.498868778280543 0.10760401721664276 0.1832579185520362 0.1492109038737446
33 0.49095022624434387 0.8708751793400287 0.167420814479638 0.13199426111908177
8 0.754524886877828 0.45408895265423244 0.05203619909502263 0.03873744619799139
20 0.6357466063348416 0.4612625538020086 0.07692307692307693 0.05021520803443329
23 0.2986425339366516 0.09612625538020086 0.1493212669683258 0.08321377331420372
16 0.9649321266968326 0.578909612625538 0.038461538461538464 0.027259684361549498
19 0.8597285067873304 0.5086083213773315 0.10407239819004525 0.08464849354375897
25 0.833710407239819 0.5616929698708751 0.0746606334841629 0.027259684361549498
27 0.12895927601809956 0.24461979913916787 0.10407239819004525 0.06743185078909612
29 0.6481900452488688 0.430416068866571 0.08823529411764706 0.06025824964131994
31 0.42194570135746606 0.09899569583931134 0.06561085972850679 0.02295552367288379
32 0.5723981900452488 0.4340028694404591 0.03167420814479638 0.021520803443328552
26 0.6278280542986425 0.5889526542324247 0.1425339366515837 0.06743185078909612
25 0.505656108597285 0.032281205164992825 0.0746606334841629 0.027259684361549498
28 0.37895927601809953 0.6951219512195121 0.06108597285067873 0.05021520803443329
30 0.4468325791855204 0.47919655667144906 0.1244343891402715 0.02295552367288379
29 0.7884615384615384 0.17862266857962697 0.10180995475113122 0.05021520803443329
28 0.2839366515837104 0.9691535150645624 0.06108597285067873 0.05021520803443329
31 0.5214932126696833 0.8263988522238164 0.06561085972850679 0.02295552367288379
30 0.08936651583710407 0.1750358680057389 0.1244343891402715 0.02295552367288379
32 0.45701357466063347 0.7769010043041606 0.03167420814479638 0.021520803443328552
27 0.20588235294117646 0.3866571018651363 0.09954751131221719 0.06169296987087518
25 0.40271493212669685 0.1406025824964132 0.03167420814479638 0.028694404591104734
26 0.7997737556561086 0.8888091822094691 0.1425339366515837 0.06743185078909612
28 0.6052036199095022 0.7130559540889526 0.07013574660633484 0.05164992826398852
31 0.6391402714932126 0.5365853658536586 0.06561085972850679 0.02295552367288379
32 0.21945701357466063 0.5659971305595409 0.03167420814479638 0.021520803443328552
29 0.4423076923076923 0.609038737446198 0.10180995475113122 0.05021520803443329
30 0.6934389140271493 0.4397417503586801 0.06561085972850679 0.024390243902439025
26 0.2420814479638009 0.505738880918221 0.13122171945701358 0.09038737446197992
25 0.5656108597285068 0.5265423242467718 0.03167420814479638 0.028694404591104734
