33 0.18778280542986425 0.7661406025824964 0.1493212669683258 0.12338593974175036
33 0.7873303167420814 0.7661406025824964 0.1493212669683258 0.12338593974175036
33 0.19796380090497737 0.20588235294117646 0.14705882352941177 0.10760401721664276
33 0.7975113122171946 0.20588235294117646 0.14705882352941177 0.10760401721664276
33 0.498868778280543 0.10760401721664276 0.1832579185520362 0.1492109038737446
33 0.49095022624434387 0.8708751793400287 0.167420814479638 0.13199426111908177
9 0.7613122171945701 0.5480631276901005 0.16968325791855204 0.11190817790530846
16 0.48755656108597284 0.40387374461979914 0.04751131221719457 0.035868005738880916
4 0.752262443438914 0.672883787661406 0.11085972850678733 0.08321377331420372
22 0.5429864253393665 0.5222381635581061 0.13122171945701358 0.12338593974175036
