33 0.18778280542986425 0.7661406025824964 0.1493212669683258 0.12338593974175036
33 0.7873303167420814 0.7661406025824964 0.1493212669683258 0.12338593974175036
33 0.19796380090497737 0.20588235294117646 0.14705882352941177 0.10760401721664276
33 0.7975113122171946 0.20588235294117646 0.14705882352941177 0.10760401721664276
33 0.498868778280543 0.10760401721664276 0.1832579185520362 0.1492109038737446
33 0.49095022624434387 0.8708751793400287 0.167420814479638 0.13199426111908177
7 0.17873303167420815 0.4878048780487805 0.167420814479638 0.09182209469153516
16 0.5554298642533937 0.4598278335724534 0.038461538461538464 0.027259684361549498
21 0.915158371040724 0.4483500717360115 0.07918552036199095 0.047345767575322814
5 0.6266968325791855 0.33428981348637016 0.06787330316742081 0.04591104734576758
15 0.47058823529411764 0.2647058823529412 0.05429864253393665 0.058823529411764705
6 0.7624434389140271 0.6814921090387375 0.058823529411764705 0.028694404591104734
18 0.6142533936651584 0.2934002869440459 0.10180995475113122 0.05595408895265423
25 0.8947963800904978 0.03084648493543759 0.0746606334841629 0.027259684361549498
