33 0.18778280542986425 0.7661406025824964 0.1493212669683258 0.12338593974175036
33 0.7873303167420814 0.7661406025824964 0.1493212669683258 0.12338593974175036
33 0.19796380090497737 0.20588235294117646 0.14705882352941177 0.10760401721664276
33 0.7975113122171946 0.20588235294117646 0.14705882352941177 0.10760401721664276
33 0.498868778280543 0.10760401721664276 0.1832579185520362 0.1492109038737446
33 0.49095022624434387 0.8708751793400287 0.167420814479638 0.13199426111908177
13 0.8076923076923077 0.5552367288378766 0.06787330316742081 0.04591104734576758
6 0.2239819004524887 0.03156384505021521 0.058823529411764705 0.028694404591104734
7 0.2081447963800905 0.5824964131994261 0.17647058823529413 0.10329985652797705
18 0.5395927601809954 0.4813486370157819 0.10180995475113122 0.05595408895265423
10 0.8597285067873304 0.4799139167862267 0.10407239819004525 0.0703012912482066
0 0.033936651583710405 0.5430416068866571 0.049773755656108594 0.04447632711621234
19 0.2918552036199095 0.11119081779053085 0.10407239819004525 0.08177905308464849
28 0.8178733031674208 0.7187948350071736 0.07013574660633484 0.05164992826398852
30 0.4083710407239819 0.03443328550932568 0.1244343891402715 0.02295552367288379
29 0.3597285067873303 0.49856527977044474 0.1085972850678733 0.07604017216642754
31 0.417420814479638 0.36944045911047346 0.1244343891402715 0.021520803443328552
27 0.8009049773755657 0.9031563845050216 0.09954751131221719 0.06169296987087518
32 0.5656108597285068 0.2187948350071736 0.03167420814479638 0.021520803443328552
25 0.7692307692307693 0.7130559540889526 0.03167420814479638 0.028694404591104734
26 0.4332579185520362 0.45408895265423244 0.1425339366515837 0.06743185078909612
28 0.6085972850678733 0.42395982783357244 0.058823529411764705 0.047345767575322814
30 0.4581447963800905 0.7259684361549498 0.1244343891402715 0.02295552367288379
26 0.4671945701357466 0.4067431850789096 0.1425339366515837 0.06743185078909612
32 0.5769230769230769 0.8486370157819225 0.03167420814479638 0.021520803443328552
31 0.7205882352941176 0.5365853658536586 0.06561085972850679 0.02295552367288379
25 0.8981900452488688 0.6893830703012912 0.08597285067873303 0.04160688665710186
29 0.8925339366515838 0.4619799139167862 0.08823529411764706 0.06025824964131994
27 0.25339366515837103 0.20014347202295552 0.10407239819004525 0.06743185078909612
28 0.8812217194570136 0.7187948350071736 0.07013574660633484 0.05164992826398852
32 0.9819004524886877 0.17288378766140602 0.03167420814479638 0.021520803443328552
28 0.36199095022624433 0.5473457675753228 0.058823529411764705 0.047345767575322814
31 0.6052036199095022 0.203012912482066 0.1244343891402715 0.021520803443328552
27 0.746606334841629 0.9562410329985653 0.09954751131221719 0.06169296987087518
26 0.667420814479638 0.27187948350071733 0.13122171945701358 0.09038737446197992
