28 0.19014084507042253 0.76953125 0.15492957746478872 0.12834821428571427
28 0.7887323943661971 0.76953125 0.15492957746478872 0.12834821428571427
28 0.198943661971831 0.20870535714285715 0.15140845070422534 0.11160714285714286
28 0.7992957746478874 0.20870535714285715 0.15140845070422534 0.11160714285714286
28 0.5017605633802817 0.11049107142857142 0.19014084507042253 0.15401785714285715
28 0.49295774647887325 0.8733258928571429 0.17253521126760563 0.13727678571428573
5 0.6426056338028169 0.29799107142857145 0.13732394366197184 0.08482142857142858
11 0.6619718309859155 0.65625 0.15140845070422534 0.07142857142857142
13 0.8767605633802817 0.6328125 0.07394366197183098 0.060267857142857144
25 0.11971830985915492 0.34486607142857145 0.10211267605633803 0.08705357142857142
23 0.5158450704225352 0.17354910714285715 0.02464788732394366 0.016741071428571428
21 0.19190140845070422 0.5145089285714286 0.045774647887323945 0.033482142857142856
27 0.3221830985915493 0.234375 0.13028169014084506 0.0625
