33 0.18778280542986425 0.7661406025824964 0.1493212669683258 0.12338593974175036
33 0.7873303167420814 0.7661406025824964 0.1493212669683258 0.12338593974175036
33 0.19796380090497737 0.20588235294117646 0.14705882352941177 0.10760401721664276
33 0.7975113122171946 0.20588235294117646 0.14705882352941177 0.10760401721664276
33 0.498868778280543 0.10760401721664276 0.1832579185520362 0.1492109038737446
33 0.49095022624434387 0.8708751793400287 0.167420814479638 0.13199426111908177
7 0.8382352941176471 0.5509325681492109 0.11085972850678733 0.10329985652797705
24 0.16515837104072398 0.5193687230989957 0.12217194570135746 0.08895265423242468
21 0.5079185520361991 0.3479196556671449 0.07918552036199095 0.047345767575322814
20 0.10067873303167421 0.34433285509325684 0.05203619909502263 0.05738880918220947
23 0.5599547511312217 0.7302725968436155 0.1425339366515837 0.0746054519368723
9 0.09049773755656108 0.06814921090387374 0.167420814479638 0.11047345767575323
11 0.6628959276018099 0.5358680057388809 0.12669683257918551 0.13629842180774748
13 0.6719457013574661 0.3472022955523673 0.06787330316742081 0.04591104734576758
26 0.47285067873303166 0.22309899569583932 0.13122171945701358 0.09038737446197992
28 0.8789592760180995 0.5667144906743186 0.07013574660633484 0.05164992826398852
27 0.4502262443438914 0.7295552367288379 0.10407239819004525 0.06743185078909612
25 0.3936651583710407 0.251793400286944 0.08597285067873303 0.04160688665710186
