33 0.19014084507042253 0.76953125 0.15492957746478872 0.12834821428571427
33 0.7887323943661971 0.76953125 0.15492957746478872 0.12834821428571427
33 0.198943661971831 0.20870535714285715 0.15140845070422534 0.11160714285714286
33 0.7992957746478874 0.20870535714285715 0.15140845070422534 0.11160714285714286
33 0.5017605633802817 0.11049107142857142 0.19014084507042253 0.15401785714285715
33 0.49295774647887325 0.8733258928571429 0.17253521126760563 0.13727678571428573
17 0.38380281690140844 0.5234375 0.1056338028169014 0.07142857142857142
4 0.7869718309859155 0.5256696428571429 0.06338028169014084 0.06473214285714286
14 0.6338028169014085 0.4955357142857143 0.13732394366197184 0.140625
6 0.5774647887323944 0.34598214285714285 0.13380281690140844 0.08928571428571429
8 0.05985915492957746 0.8381696428571429 0.0528169014084507 0.04017857142857143
0 0.6505281690140845 0.34765625 0.10387323943661972 0.07477678571428571
24 0.08450704225352113 0.046875 0.09154929577464789 0.05357142857142857
2 0.5035211267605634 0.26004464285714285 0.09859154929577464 0.049107142857142856
9 0.15140845070422534 0.6573660714285714 0.176056338028169 0.11607142857142858
28 0.5545774647887324 0.3364955357142857 0.02464788732394366 0.016741071428571428
29 0.11619718309859155 0.5044642857142857 0.13732394366197184 0.125
26 0.30633802816901406 0.29966517857142855 0.045774647887323945 0.021205357142857144
32 0.7130281690140845 0.9017857142857143 0.1056338028169014 0.078125
