33 0.18778280542986425 0.7661406025824964 0.1493212669683258 0.12338593974175036
33 0.7873303167420814 0.7661406025824964 0.1493212669683258 0.12338593974175036
33 0.19796380090497737 0.20588235294117646 0.14705882352941177 0.10760401721664276
33 0.7975113122171946 0.20588235294117646 0.14705882352941177 0.10760401721664276
33 0.498868778280543 0.10760401721664276 0.1832579185520362 0.1492109038737446
33 0.49095022624434387 0.8708751793400287 0.167420814479638 0.13199426111908177
4 0.5576923076923077 0.251793400286944 0.11990950226244344 0.09038737446197992
1 0.5486425339366516 0.43543758967001434 0.08823529411764706 0.05308464849354376
0 0.05090497737556561 0.18651362984218078 0.07013574660633484 0.04591104734576758
3 0.670814479638009 0.251793400286944 0.05203619909502263 0.07890961262553801
10 0.08710407239819004 0.312051649928264 0.07918552036199095 0.06743185078909612
20 0.9581447963800905 0.5007173601147776 0.0746606334841629 0.05738880918220947
19 0.36199095022624433 0.6004304160688666 0.10407239819004525 0.08464849354375897
18 0.5486425339366516 0.5229555236728838 0.09728506787330317 0.06456241032998565
22 0.22624434389140272 0.5667144906743186 0.13122171945701358 0.12338593974175036
14 0.19457013574660634 0.08823529411764706 0.09502262443438914 0.06456241032998565
27 0.6990950226244343 0.7166427546628408 0.10407239819004525 0.06743185078909612
25 0.2002262443438914 0.4727403156384505 0.0746606334841629 0.027259684361549498
26 0.3766968325791855 0.47560975609756095 0.1425339366515837 0.06743185078909612
30 0.754524886877828 0.5071736011477762 0.06561085972850679 0.024390243902439025
