28 0.19014084507042253 0.76953125 0.15492957746478872 0.12834821428571427
28 0.7887323943661971 0.76953125 0.15492957746478872 0.12834821428571427
28 0.198943661971831 0.20870535714285715 0.15140845070422534 0.11160714285714286
28 0.7992957746478874 0.20870535714285715 0.15140845070422534 0.11160714285714286
28 0.5017605633802817 0.11049107142857142 0.19014084507042253 0.15401785714285715
28 0.49295774647887325 0.8733258928571429 0.17253521126760563 0.13727678571428573
7 0.5422535211267606 0.4107142857142857 0.14084507042253522 0.09821428571428571
3 0.198943661971831 0.6238839285714286 0.08450704225352113 0.05580357142857143
3 0.061619718309859156 0.9185267857142857 0.07042253521126761 0.05357142857142857
22 0.6241197183098591 0.8487723214285714 0.09683098591549295 0.016741071428571428
26 0.8785211267605634 0.6685267857142857 0.07042253521126761 0.05580357142857143
27 0.5017605633802817 0.6986607142857143 0.11267605633802817 0.09151785714285714
