28 0.19014084507042253 0.76953125 0.15492957746478872 0.12834821428571427
28 0.7887323943661971 0.76953125 0.15492957746478872 0.12834821428571427
28 0.198943661971831 0.20870535714285715 0.15140845070422534 0.11160714285714286
28 0.7992957746478874 0.20870535714285715 0.15140845070422534 0.11160714285714286
28 0.5017605633802817 0.11049107142857142 0.19014084507042253 0.15401785714285715
28 0.49295774647887325 0.8733258928571429 0.17253521126760563 0.13727678571428573
10 0.602112676056338 0.6573660714285714 0.16549295774647887 0.10044642857142858
16 0.09507042253521127 0.9564732142857143 0.07394366197183098 0.05580357142857143
13 0.08098591549295775 0.04575892857142857 0.10915492957746478 0.05357142857142857
17 0.46830985915492956 0.3872767857142857 0.07746478873239436 0.0625
18 0.5035211267605634 0.5267857142857143 0.12323943661971831 0.0625
4 0.6214788732394366 0.27566964285714285 0.15140845070422534 0.13392857142857142
25 0.2658450704225352 0.3046875 0.09859154929577464 0.08035714285714286
25 0.3274647887323944 0.5412946428571429 0.11267605633802817 0.06919642857142858
21 0.16725352112676056 0.8404017857142857 0.09507042253521127 0.026785714285714284
22 0.12411971830985916 0.5954241071428571 0.09683098591549295 0.016741071428571428
