29 0.19683257918552036 0.7714723926380368 0.167420814479638 0.13190184049079753
29 0.7963800904977375 0.7714723926380368 0.167420814479638 0.13190184049079753
29 0.18665158371040724 0.21088957055214724 0.1244343891402715 0.11503067484662577
29 0.7861990950226244 0.21088957055214724 0.1244343891402715 0.11503067484662577
29 0.501131221719457 0.11503067484662577 0.18778280542986425 0.1687116564417178
29 0.48868778280542985 0.8788343558282209 0.16289592760180996 0.147239263803681
16 0.8823529411764706 0.23236196319018404 0.07239819004524888 0.04754601226993865
3 0.4264705882352941 0.6947852760736196 0.05203619909502263 0.06441717791411043
22 0.5113122171945701 0.9041411042944786 0.04524886877828054 0.03834355828220859
3 0.9287330316742082 0.6702453987730062 0.05203619909502263 0.06441717791411043
15 0.20701357466063347 0.3182515337423313 0.04751131221719457 0.03834355828220859
0 0.9219457013574661 0.3090490797546012 0.06561085972850679 0.05368098159509203
25 0.15384615384615385 0.1334355828220859 0.03167420814479638 0.03067484662576687
