33 0.19014084507042253 0.76953125 0.15492957746478872 0.12834821428571427
33 0.7887323943661971 0.76953125 0.15492957746478872 0.12834821428571427
33 0.198943661971831 0.20870535714285715 0.15140845070422534 0.11160714285714286
33 0.7992957746478874 0.20870535714285715 0.15140845070422534 0.11160714285714286
33 0.5017605633802817 0.11049107142857142 0.19014084507042253 0.15401785714285715
33 0.49295774647887325 0.8733258928571429 0.17253521126760563 0.13727678571428573
8 0.6619718309859155 0.6082589285714286 0.0528169014084507 0.03571428571428571
24 0.477112676056338 0.42299107142857145 0.0880281690140845 0.05580357142857143
2 0.738556338028169 0.4375 0.05457746478873239 0.049107142857142856
16 0.903169014084507 0.4888392857142857 0.1056338028169014 0.05580357142857143
12 0.4982394366197183 0.4263392857142857 0.1795774647887324 0.10714285714285714
3 0.5264084507042254 0.375 0.15492957746478872 0.08035714285714286
20 0.22535211267605634 0.46875 0.08098591549295775 0.05357142857142857
9 0.1602112676056338 0.5870535714285714 0.13028169014084506 0.12053571428571429
4 0.5915492957746479 0.43973214285714285 0.06690140845070422 0.0625
26 0.045774647887323945 0.7488839285714286 0.0528169014084507 0.026785714285714284
30 0.6584507042253521 0.3080357142857143 0.16901408450704225 0.078125
