29 0.19683257918552036 0.7714723926380368 0.167420814479638 0.13190184049079753
29 0.7963800904977375 0.7714723926380368 0.167420814479638 0.13190184049079753
29 0.18665158371040724 0.21088957055214724 0.1244343891402715 0.11503067484662577
29 0.7861990950226244 0.21088957055214724 0.1244343891402715 0.11503067484662577
29 0.501131221719457 0.11503067484662577 0.18778280542986425 0.1687116564417178
29 0.48868778280542985 0.8788343558282209 0.16289592760180996 0.147239263803681
0 0.16289592760180996 0.5099693251533742 0.049773755656108594 0.04754601226993865
19 0.7737556561085973 0.3197852760736196 0.10407239819004525 0.09049079754601227
0 0.4411764705882353 0.6357361963190185 0.05429864253393665 0.05368098159509203
17 0.04751131221719457 0.5774539877300614 0.06787330316742081 0.05061349693251534
22 0.744343891402715 0.625 0.04524886877828054 0.03834355828220859
4 0.13914027149321267 0.5283742331288344 0.11990950226244344 0.09662576687116564
0 0.3404977375565611 0.2737730061349693 0.06561085972850679 0.05368098159509203
28 0.6131221719457014 0.11273006134969325 0.1085972850678733 0.08128834355828221
27 0.2330316742081448 0.8980061349693251 0.058823529411764705 0.05061349693251534
12 0.14479638009049775 0.07822085889570553 0.10407239819004525 0.0705521472392638
26 0.6018099547511312 0.7676380368098159 0.13122171945701358 0.09662576687116564
26 0.503393665158371 0.47929447852760737 0.1425339366515837 0.07208588957055215
26 0.7104072398190046 0.3090490797546012 0.13122171945701358 0.09662576687116564
25 0.8088235294117647 0.037576687116564415 0.0746606334841629 0.029141104294478526
