29 0.19683257918552036 0.7714723926380368 0.167420814479638 0.13190184049079753
29 0.7963800904977375 0.7714723926380368 0.167420814479638 0.13190184049079753
29 0.18665158371040724 0.21088957055214724 0.1244343891402715 0.11503067484662577
29 0.7861990950226244 0.21088957055214724 0.1244343891402715 0.11503067484662577
29 0.501131221719457 0.11503067484662577 0.18778280542986425 0.1687116564417178
29 0.48868778280542985 0.8788343558282209 0.16289592760180996 0.147239263803681
0 0.9264705882352942 0.03680981595092025 0.05656108597285068 0.05828220858895705
5 0.3416289592760181 0.9723926380368099 0.06787330316742081 0.049079754601226995
21 0.4072398190045249 0.6993865030674846 0.13122171945701358 0.13190184049079753
19 0.6289592760180995 0.7262269938650306 0.10407239819004525 0.09049079754601227
0 0.45701357466063347 0.5283742331288344 0.05429864253393665 0.05368098159509203
28 0.4423076923076923 0.4539877300613497 0.08823529411764706 0.06441717791411043
28 0.6255656108597285 0.9501533742331288 0.10180995475113122 0.05368098159509203
28 0.14705882352941177 0.11273006134969325 0.1085972850678733 0.08128834355828221
