29 0.19683257918552036 0.7714723926380368 0.167420814479638 0.13190184049079753
29 0.7963800904977375 0.7714723926380368 0.167420814479638 0.13190184049079753
29 0.18665158371040724 0.21088957055214724 0.1244343891402715 0.11503067484662577
29 0.7861990950226244 0.21088957055214724 0.1244343891402715 0.11503067484662577
29 0.501131221719457 0.11503067484662577 0.18778280542986425 0.1687116564417178
29 0.48868778280542985 0.8788343558282209 0.16289592760180996 0.147239263803681
16 0.3031674208144796 0.6480061349693251 0.08144796380090498 0.05674846625766871
9 0.2986425339366516 0.5207055214723927 0.10407239819004525 0.07515337423312883
19 0.27149321266968324 0.8734662576687117 0.10407239819004525 0.08742331288343558
6 0.5316742081447964 0.8205521472392638 0.13574660633484162 0.10429447852760736
17 0.9117647058823529 0.8489263803680982 0.06787330316742081 0.05061349693251534
8 0.7692307692307693 0.7799079754601227 0.167420814479638 0.11809815950920245
17 0.038461538461538464 0.33819018404907975 0.06787330316742081 0.05061349693251534
28 0.4513574660633484 0.06901840490797546 0.08823529411764706 0.06441717791411043
