33 0.18778280542986425 0.7661406025824964 0.1493212669683258 0.12338593974175036
33 0.7873303167420814 0.7661406025824964 0.1493212669683258 0.12338593974175036
33 0.19796380090497737 0.20588235294117646 0.14705882352941177 0.10760401721664276
33 0.7975113122171946 0.20588235294117646 0.14705882352941177 0.10760401721664276
33 0.498868778280543 0.10760401721664276 0.1832579185520362 0.1492109038737446
33 0.49095022624434387 0.8708751793400287 0.167420814479638 0.13199426111908177
19 0.33031674208144796 0.10975609756097561 0.10407239819004525 0.08464849354375897
10 0.05995475113122172 0.18436154949784792 0.11085972850678733 0.0703012912482066
2 0.3167420814479638 0.5007173601147776 0.07692307692307693 0.08895265423242468
23 0.20135746606334842 0.6657101865136298 0.1493212669683258 0.08321377331420372
13 0.11990950226244344 0.667144906743185 0.09502262443438914 0.04591104734576758
10 0.7918552036199095 0.509325681492109 0.11312217194570136 0.06886657101865136
22 0.7081447963800905 0.6556671449067432 0.13122171945701358 0.12338593974175036
12 0.08823529411764706 0.2783357245337159 0.09502262443438914 0.07173601147776183
25 0.6176470588235294 0.5975609756097561 0.08597285067873303 0.04160688665710186
30 0.6504524886877828 0.8837876614060258 0.1244343891402715 0.02295552367288379
28 0.6866515837104072 0.47919655667144906 0.07013574660633484 0.05164992826398852
25 0.5735294117647058 0.12553802008608322 0.0746606334841629 0.027259684361549498
26 0.754524886877828 0.5559540889526542 0.1425339366515837 0.06743185078909612
