29 0.19683257918552036 0.7714723926380368 0.167420814479638 0.13190184049079753
29 0.7963800904977375 0.7714723926380368 0.167420814479638 0.13190184049079753
29 0.18665158371040724 0.21088957055214724 0.1244343891402715 0.11503067484662577
29 0.7861990950226244 0.21088957055214724 0.1244343891402715 0.11503067484662577
29 0.501131221719457 0.11503067484662577 0.18778280542986425 0.1687116564417178
29 0.48868778280542985 0.8788343558282209 0.16289592760180996 0.147239263803681
0 0.06108597285067873 0.8443251533742331 0.049773755656108594 0.04754601226993865
15 0.9264705882352942 0.5927914110429447 0.038461538461538464 0.029141104294478526
0 0.4253393665158371 0.35736196319018404 0.07692307692307693 0.046012269938650305
9 0.7737556561085973 0.7154907975460123 0.10407239819004525 0.07515337423312883
0 0.6809954751131222 0.5406441717791411 0.05429864253393665 0.05368098159509203
5 0.8088235294117647 0.8650306748466258 0.0746606334841629 0.03680981595092025
8 0.13687782805429866 0.6993865030674846 0.16968325791855204 0.1196319018404908
3 0.3902714932126697 0.2254601226993865 0.05203619909502263 0.06134969325153374
16 0.9389140271493213 0.9056748466257669 0.08144796380090498 0.0598159509202454
15 0.3744343891402715 0.37346625766871167 0.038461538461538464 0.029141104294478526
26 0.1346153846153846 0.13726993865030676 0.1425339366515837 0.07208588957055215
28 0.8868778280542986 0.4808282208588957 0.1085972850678733 0.08128834355828221
25 0.11990950226244344 0.8466257668711656 0.03167420814479638 0.03067484662576687
28 0.5938914027149321 0.42254601226993865 0.10180995475113122 0.05368098159509203
27 0.6764705882352942 0.7170245398773006 0.058823529411764705 0.05061349693251534
12 0.15610859728506787 0.6134969325153374 0.10407239819004525 0.0705521472392638
25 0.8744343891402715 0.49693251533742333 0.07918552036199095 0.03374233128834356
