33 0.18778280542986425 0.7661406025824964 0.1493212669683258 0.12338593974175036
33 0.7873303167420814 0.7661406025824964 0.1493212669683258 0.12338593974175036
33 0.19796380090497737 0.20588235294117646 0.14705882352941177 0.10760401721664276
33 0.7975113122171946 0.20588235294117646 0.14705882352941177 0.10760401721664276
33 0.498868778280543 0.10760401721664276 0.1832579185520362 0.1492109038737446
33 0.49095022624434387 0.8708751793400287 0.167420814479638 0.13199426111908177
9 0.7160633484162896 0.5609756097560976 0.16968325791855204 0.11190817790530846
3 0.049773755656108594 0.03730272596843615 0.049773755656108594 0.05164992826398852
20 0.6787330316742082 0.5523672883787661 0.04072398190045249 0.054519368723098996
14 0.4276018099547511 0.6291248206599713 0.09502262443438914 0.06456241032998565
2 0.6617647058823529 0.48493543758967 0.0746606334841629 0.08321377331420372
5 0.48981900452488686 0.36872309899569583 0.0746606334841629 0.03443328550932568
