29 0.19683257918552036 0.7714723926380368 0.167420814479638 0.13190184049079753
29 0.7963800904977375 0.7714723926380368 0.167420814479638 0.13190184049079753
29 0.18665158371040724 0.21088957055214724 0.1244343891402715 0.11503067484662577
29 0.7861990950226244 0.21088957055214724 0.1244343891402715 0.11503067484662577
29 0.501131221719457 0.11503067484662577 0.18778280542986425 0.1687116564417178
29 0.48868778280542985 0.8788343558282209 0.16289592760180996 0.147239263803681
23 0.6255656108597285 0.6618098159509203 0.1334841628959276 0.10276073619631902
15 0.2907239819004525 0.06978527607361963 0.038461538461538464 0.029141104294478526
4 0.14592760180995476 0.8918711656441718 0.11990950226244344 0.09662576687116564
4 0.17307692307692307 0.19095092024539878 0.11990950226244344 0.09355828220858896
16 0.3744343891402715 0.05521472392638037 0.07918552036199095 0.05214723926380368
12 0.8280542986425339 0.6579754601226994 0.10407239819004525 0.0705521472392638
27 0.7002262443438914 0.8803680981595092 0.07013574660633484 0.05521472392638037
28 0.6063348416289592 0.7783742331288344 0.1085972850678733 0.08128834355828221
27 0.3936651583710407 0.6633435582822086 0.058823529411764705 0.05061349693251534
12 0.2330316742081448 0.9256134969325154 0.09954751131221719 0.06595092024539877
