33 0.18778280542986425 0.7661406025824964 0.1493212669683258 0.12338593974175036
33 0.7873303167420814 0.7661406025824964 0.1493212669683258 0.12338593974175036
33 0.19796380090497737 0.20588235294117646 0.14705882352941177 0.10760401721664276
33 0.7975113122171946 0.20588235294117646 0.14705882352941177 0.10760401721664276
33 0.498868778280543 0.10760401721664276 0.1832579185520362 0.1492109038737446
33 0.49095022624434387 0.8708751793400287 0.167420814479638 0.13199426111908177
18 0.3088235294117647 0.6219512195121951 0.10180995475113122 0.05595408895265423
3 0.6730769230769231 0.4497847919655667 0.06561085972850679 0.05308464849354376
23 0.834841628959276 0.45767575322812054 0.1493212669683258 0.08321377331420372
6 0.5995475113122172 0.2302725968436155 0.04524886877828054 0.035868005738880916
7 0.5588235294117647 0.4634146341463415 0.13574660633484162 0.0975609756097561
6 0.5950226244343891 0.23529411764705882 0.058823529411764705 0.028694404591104734
18 0.17081447963800905 0.11836441893830703 0.09728506787330317 0.06456241032998565
3 0.06561085972850679 0.5423242467718795 0.049773755656108594 0.05164992826398852
8 0.06108597285067873 0.31922525107604016 0.06334841628959276 0.05021520803443329
19 0.5972850678733032 0.6147776183644189 0.10407239819004525 0.08464849354375897
22 0.502262443438914 0.5523672883787661 0.13122171945701358 0.12338593974175036
4 0.4649321266968326 0.2883787661406026 0.11085972850678733 0.08321377331420372
5 0.07239819004524888 0.38880918220946914 0.06787330316742081 0.04591104734576758
13 0.2149321266968326 0.44763271162123386 0.09502262443438914 0.04591104734576758
12 0.49095022624434387 0.6642754662840746 0.09502262443438914 0.07173601147776183
17 0.6131221719457014 0.46628407460545196 0.08597285067873303 0.04591104734576758
20 0.8246606334841629 0.5164992826398852 0.0746606334841629 0.05738880918220947
14 0.19570135746606335 0.08393113342898136 0.09728506787330317 0.06743185078909612
24 0.2647058823529412 0.6571018651362984 0.12217194570135746 0.08895265423242468
21 0.6006787330316742 0.5387374461979914 0.07918552036199095 0.047345767575322814
15 0.5701357466063348 0.4784791965566714 0.05429864253393665 0.058823529411764705
0 0.7692307692307693 0.6147776183644189 0.049773755656108594 0.04447632711621234
7 0.8778280542986425 0.5896700143472023 0.17647058823529413 0.10329985652797705
27 0.9298642533936652 0.18794835007173602 0.10407239819004525 0.06599713055954089
25 0.6414027149321267 0.06814921090387374 0.0746606334841629 0.027259684361549498
32 0.8914027149321267 0.9117647058823529 0.03167420814479638 0.021520803443328552
31 0.7432126696832579 0.027259684361549498 0.06561085972850679 0.02295552367288379
30 0.26357466063348417 0.08608321377331421 0.1244343891402715 0.02295552367288379
28 0.75 0.37374461979913914 0.06108597285067873 0.05021520803443329
30 0.45588235294117646 0.16571018651362984 0.06561085972850679 0.024390243902439025
28 0.1504524886877828 0.2812051649928264 0.07013574660633484 0.05164992826398852
25 0.4841628959276018 0.351506456241033 0.03167420814479638 0.028694404591104734
31 0.5961538461538461 0.4655667144906743 0.1244343891402715 0.021520803443328552
29 0.5938914027149321 0.02654232424677188 0.10180995475113122 0.05021520803443329
26 0.8484162895927602 0.742467718794835 0.13122171945701358 0.09038737446197992
32 0.9027149321266968 0.3593974175035868 0.03167420814479638 0.021520803443328552
27 0.07013574660633484 0.7546628407460545 0.10407239819004525 0.06599713055954089
30 0.6866515837104072 0.96987087517934 0.1244343891402715 0.02295552367288379
31 0.16855203619909503 0.6040172166427547 0.06561085972850679 0.02295552367288379
29 0.7726244343891403 0.4490674318507891 0.083710407239819 0.08321377331420372
26 0.08823529411764706 0.3522238163558106 0.13122171945701358 0.09038737446197992
28 0.23642533936651583 0.9067431850789096 0.07013574660633484 0.05164992826398852
25 0.36764705882352944 0.593974175035868 0.07918552036199095 0.03156384505021521
32 0.6402714932126696 0.3565279770444763 0.03167420814479638 0.021520803443328552
27 0.8665158371040724 0.6994261119081779 0.10407239819004525 0.06743185078909612
31 0.13914027149321267 0.639167862266858 0.1244343891402715 0.021520803443328552
28 0.6843891402714932 0.7137733142037302 0.06108597285067873 0.05021520803443329
