29 0.19683257918552036 0.7714723926380368 0.167420814479638 0.13190184049079753
29 0.7963800904977375 0.7714723926380368 0.167420814479638 0.13190184049079753
29 0.18665158371040724 0.21088957055214724 0.1244343891402715 0.11503067484662577
29 0.7861990950226244 0.21088957055214724 0.1244343891402715 0.11503067484662577
29 0.501131221719457 0.11503067484662577 0.18778280542986425 0.1687116564417178
29 0.48868778280542985 0.8788343558282209 0.16289592760180996 0.147239263803681
11 0.25452488687782804 0.7415644171779141 0.1334841628959276 0.07515337423312883
11 0.6018099547511312 0.46549079754601225 0.08144796380090498 0.1058282208588957
8 0.5248868778280543 0.24923312883435583 0.167420814479638 0.11809815950920245
28 0.31221719457013575 0.17254601226993865 0.1085972850678733 0.08128834355828221
25 0.7319004524886877 0.25766871165644173 0.07918552036199095 0.03374233128834356
26 0.5554298642533937 0.37346625766871167 0.1425339366515837 0.07208588957055215
