33 0.18778280542986425 0.7661406025824964 0.1493212669683258 0.12338593974175036
33 0.7873303167420814 0.7661406025824964 0.1493212669683258 0.12338593974175036
33 0.19796380090497737 0.20588235294117646 0.14705882352941177 0.10760401721664276
33 0.7975113122171946 0.20588235294117646 0.14705882352941177 0.10760401721664276
33 0.498868778280543 0.10760401721664276 0.1832579185520362 0.1492109038737446
33 0.49095022624434387 0.8708751793400287 0.167420814479638 0.13199426111908177
4 0.8981900452488688 0.6592539454806313 0.12217194570135746 0.09325681492109039
8 0.08823529411764706 0.9261119081779053 0.06334841628959276 0.05021520803443329
26 0.3190045248868778 0.5344332855093257 0.13122171945701358 0.09038737446197992
28 0.41968325791855204 0.06814921090387374 0.06108597285067873 0.05021520803443329
25 0.11085972850678733 0.2661406025824964 0.08597285067873303 0.04160688665710186
