33 0.18778280542986425 0.7661406025824964 0.1493212669683258 0.12338593974175036
33 0.7873303167420814 0.7661406025824964 0.1493212669683258 0.12338593974175036
33 0.19796380090497737 0.20588235294117646 0.14705882352941177 0.10760401721664276
33 0.7975113122171946 0.20588235294117646 0.14705882352941177 0.10760401721664276
33 0.498868778280543 0.10760401721664276 0.1832579185520362 0.1492109038737446
33 0.49095022624434387 0.8708751793400287 0.167420814479638 0.13199426111908177
21 0.7319004524886877 0.5200860832137734 0.04751131221719457 0.05021520803443329
19 0.18778280542986425 0.4813486370157819 0.10407239819004525 0.08177905308464849
13 0.5542986425339367 0.6800573888091822 0.06787330316742081 0.04591104734576758
8 0.1515837104072398 0.5286944045911047 0.06334841628959276 0.05021520803443329
24 0.47285067873303166 0.29555236728837875 0.12217194570135746 0.08895265423242468
17 0.08144796380090498 0.7195121951219512 0.07239819004524888 0.04447632711621234
6 0.14479638009049775 0.6133428981348638 0.04524886877828054 0.035868005738880916
14 0.04751131221719457 0.4081779053084649 0.09502262443438914 0.06456241032998565
31 0.7047511312217195 0.9017216642754663 0.1244343891402715 0.021520803443328552
30 0.48755656108597284 0.8644189383070301 0.06561085972850679 0.024390243902439025
32 0.5 0.7797704447632712 0.03167420814479638 0.021520803443328552
