33 0.18778280542986425 0.7661406025824964 0.1493212669683258 0.12338593974175036
33 0.7873303167420814 0.7661406025824964 0.1493212669683258 0.12338593974175036
33 0.19796380090497737 0.20588235294117646 0.14705882352941177 0.10760401721664276
33 0.7975113122171946 0.20588235294117646 0.14705882352941177 0.10760401721664276
33 0.498868778280543 0.10760401721664276 0.1832579185520362 0.1492109038737446
33 0.49095022624434387 0.8708751793400287 0.167420814479638 0.13199426111908177
3 0.5757918552036199 0.47058823529411764 0.05203619909502263 0.06025824964131994
0 0.17420814479638008 0.4490674318507891 0.07692307692307693 0.043041606886657105
24 0.5475113122171946 0.5466284074605452 0.12217194570135746 0.08895265423242468
25 0.3054298642533937 0.43256814921090386 0.08597285067873303 0.04160688665710186
