28 0.19014084507042253 0.76953125 0.15492957746478872 0.12834821428571427
28 0.7887323943661971 0.76953125 0.15492957746478872 0.12834821428571427
28 0.198943661971831 0.20870535714285715 0.15140845070422534 0.11160714285714286
28 0.7992957746478874 0.20870535714285715 0.15140845070422534 0.11160714285714286
28 0.5017605633802817 0.11049107142857142 0.19014084507042253 0.15401785714285715
28 0.49295774647887325 0.8733258928571429 0.17253521126760563 0.13727678571428573
2 0.6320422535211268 0.4341517857142857 0.1443661971830986 0.09375
13 0.6522887323943662 0.42801339285714285 0.058098591549295774 0.052455357142857144
14 0.25616197183098594 0.6529017857142857 0.06514084507042253 0.07142857142857142
0 0.34507042253521125 0.4609375 0.0528169014084507 0.049107142857142856
3 0.14084507042253522 0.6763392857142857 0.06338028169014084 0.060267857142857144
12 0.09330985915492958 0.078125 0.13028169014084506 0.06696428571428571
7 0.23415492957746478 0.5178571428571429 0.13028169014084506 0.12053571428571429
9 0.5528169014084507 0.5758928571428571 0.13732394366197184 0.09598214285714286
10 0.32922535211267606 0.5747767857142857 0.16549295774647887 0.10044642857142858
26 0.22535211267605634 0.7901785714285714 0.07042253521126761 0.046875
