28 0.19014084507042253 0.76953125 0.15492957746478872 0.12834821428571427
28 0.7887323943661971 0.76953125 0.15492957746478872 0.12834821428571427
28 0.198943661971831 0.20870535714285715 0.15140845070422534 0.11160714285714286
28 0.7992957746478874 0.20870535714285715 0.15140845070422534 0.11160714285714286
28 0.5017605633802817 0.11049107142857142 0.19014084507042253 0.15401785714285715
28 0.49295774647887325 0.8733258928571429 0.17253521126760563 0.13727678571428573
0 0.7693661971830986 0.46875 0.08098591549295775 0.05357142857142857
10 0.3573943661971831 0.5301339285714286 0.16549295774647887 0.10044642857142858
8 0.7077464788732394 0.6875 0.07394366197183098 0.046875
11 0.8450704225352113 0.6629464285714286 0.11619718309859155 0.078125
