33 0.18778280542986425 0.7661406025824964 0.1493212669683258 0.12338593974175036
33 0.7873303167420814 0.7661406025824964 0.1493212669683258 0.12338593974175036
33 0.19796380090497737 0.20588235294117646 0.14705882352941177 0.10760401721664276
33 0.7975113122171946 0.20588235294117646 0.14705882352941177 0.10760401721664276
33 0.498868778280543 0.10760401721664276 0.1832579185520362 0.1492109038737446
33 0.49095022624434387 0.8708751793400287 0.167420814479638 0.13199426111908177
3 0.9106334841628959 0.5451936872309899 0.05203619909502263 0.06025824964131994
11 0.29411764705882354 0.5157819225251076 0.12669683257918551 0.13629842180774748
27 0.18778280542986425 0.5365853658536586 0.10407239819004525 0.06599713055954089
26 0.8167420814479638 0.1556671449067432 0.13122171945701358 0.09038737446197992
29 0.6549773755656109 0.7187948350071736 0.08823529411764706 0.06025824964131994
