28 0.19014084507042253 0.76953125 0.15492957746478872 0.12834821428571427
28 0.7887323943661971 0.76953125 0.15492957746478872 0.12834821428571427
28 0.198943661971831 0.20870535714285715 0.15140845070422534 0.11160714285714286
28 0.7992957746478874 0.20870535714285715 0.15140845070422534 0.11160714285714286
28 0.5017605633802817 0.11049107142857142 0.19014084507042253 0.15401785714285715
28 0.49295774647887325 0.8733258928571429 0.17253521126760563 0.13727678571428573
16 0.8309859154929577 0.5680803571428571 0.07042253521126761 0.046875
15 0.18838028169014084 0.6640625 0.04225352112676056 0.033482142857142856
3 0.09330985915492958 0.921875 0.06690140845070422 0.0625
4 0.7209507042253521 0.6428571428571429 0.14964788732394366 0.13616071428571427
7 0.3890845070422535 0.46875 0.19014084507042253 0.10267857142857142
5 0.4894366197183099 0.6495535714285714 0.13028169014084506 0.09375
8 0.07570422535211267 0.8002232142857143 0.0880281690140845 0.05357142857142857
19 0.7658450704225352 0.6428571428571429 0.08450704225352113 0.05357142857142857
11 0.2904929577464789 0.5368303571428571 0.13028169014084506 0.07589285714285714
17 0.6179577464788732 0.6584821428571429 0.09859154929577464 0.06473214285714286
26 0.8433098591549296 0.7901785714285714 0.07042253521126761 0.04241071428571429
