33 0.18778280542986425 0.7661406025824964 0.1493212669683258 0.12338593974175036
33 0.7873303167420814 0.7661406025824964 0.1493212669683258 0.12338593974175036
33 0.19796380090497737 0.20588235294117646 0.14705882352941177 0.10760401721664276
33 0.7975113122171946 0.20588235294117646 0.14705882352941177 0.10760401721664276
33 0.498868778280543 0.10760401721664276 0.1832579185520362 0.1492109038737446
33 0.49095022624434387 0.8708751793400287 0.167420814479638 0.13199426111908177
19 0.5859728506787331 0.6248206599713056 0.10407239819004525 0.08177905308464849
22 0.13574660633484162 0.48206599713055953 0.13122171945701358 0.12338593974175036
23 0.6504524886877828 0.42395982783357244 0.1334841628959276 0.09612625538020086
31 0.8744343891402715 0.242467718794835 0.06561085972850679 0.02295552367288379
32 0.5701357466063348 0.38952654232424677 0.03167420814479638 0.021520803443328552
