28 0.19014084507042253 0.76953125 0.15492957746478872 0.12834821428571427
28 0.7887323943661971 0.76953125 0.15492957746478872 0.12834821428571427
28 0.198943661971831 0.20870535714285715 0.15140845070422534 0.11160714285714286
28 0.7992957746478874 0.20870535714285715 0.15140845070422534 0.11160714285714286
28 0.5017605633802817 0.11049107142857142 0.19014084507042253 0.15401785714285715
28 0.49295774647887325 0.8733258928571429 0.17253521126760563 0.13727678571428573
1 0.1073943661971831 0.6160714285714286 0.11267605633802817 0.05133928571428571
7 0.40492957746478875 0.5658482142857143 0.18661971830985916 0.109375
10 0.5422535211267606 0.3950892857142857 0.1795774647887324 0.10714285714285714
16 0.04401408450704225 0.625 0.08450704225352113 0.049107142857142856
3 0.31690140845070425 0.46986607142857145 0.07394366197183098 0.05803571428571429
26 0.1426056338028169 0.03236607142857143 0.07042253521126761 0.049107142857142856
