33 0.18778280542986425 0.7661406025824964 0.1493212669683258 0.12338593974175036
33 0.7873303167420814 0.7661406025824964 0.1493212669683258 0.12338593974175036
33 0.19796380090497737 0.20588235294117646 0.14705882352941177 0.10760401721664276
33 0.7975113122171946 0.20588235294117646 0.14705882352941177 0.10760401721664276
33 0.498868778280543 0.10760401721664276 0.1832579185520362 0.1492109038737446
33 0.49095022624434387 0.8708751793400287 0.167420814479638 0.13199426111908177
3 0.4242081447963801 0.47417503586800575 0.05203619909502263 0.07890961262553801
1 0.7330316742081447 0.639167862266858 0.08144796380090498 0.05308464849354376
16 0.2828054298642534 0.4713055954088953 0.05429864253393665 0.03299856527977044
14 0.920814479638009 0.6076040172166427 0.09502262443438914 0.06456241032998565
19 0.7352941176470589 0.6750358680057389 0.10407239819004525 0.08177905308464849
29 0.9038461538461539 0.9562410329985653 0.10180995475113122 0.05021520803443329
31 0.8201357466063348 0.015064562410329985 0.1244343891402715 0.021520803443328552
30 0.24321266968325791 0.3249641319942611 0.06561085972850679 0.024390243902439025
