33 0.18778280542986425 0.7661406025824964 0.1493212669683258 0.12338593974175036
33 0.7873303167420814 0.7661406025824964 0.1493212669683258 0.12338593974175036
33 0.19796380090497737 0.20588235294117646 0.14705882352941177 0.10760401721664276
33 0.7975113122171946 0.20588235294117646 0.14705882352941177 0.10760401721664276
33 0.498868778280543 0.10760401721664276 0.1832579185520362 0.1492109038737446
33 0.49095022624434387 0.8708751793400287 0.167420814479638 0.13199426111908177
13 0.6414027149321267 0.2309899569583931 0.083710407239819 0.06312769010043041
3 0.7884615384615384 0.6764705882352942 0.06561085972850679 0.05308464849354376
11 0.49547511312217196 0.4167862266857963 0.12669683257918551 0.13629842180774748
0 0.7251131221719457 0.648493543758967 0.05656108597285068 0.054519368723098996
21 0.3495475113122172 0.027977044476327116 0.04751131221719457 0.05021520803443329
5 0.583710407239819 0.40028694404591103 0.06787330316742081 0.04591104734576758
