33 0.18778280542986425 0.7661406025824964 0.1493212669683258 0.12338593974175036
33 0.7873303167420814 0.7661406025824964 0.1493212669683258 0.12338593974175036
33 0.19796380090497737 0.20588235294117646 0.14705882352941177 0.10760401721664276
33 0.7975113122171946 0.20588235294117646 0.14705882352941177 0.10760401721664276
33 0.498868778280543 0.10760401721664276 0.1832579185520362 0.1492109038737446
33 0.49095022624434387 0.8708751793400287 0.167420814479638 0.13199426111908177
31 0.9061085972850679 0.9146341463414634 0.1244343891402715 0.021520803443328552
27 0.6176470588235294 0.4117647058823529 0.10407239819004525 0.06599713055954089
32 0.4276018099547511 0.5028694404591105 0.03167420814479638 0.021520803443328552
25 0.31334841628959276 0.669296987087518 0.0746606334841629 0.027259684361549498
30 0.22963800904977374 0.3550932568149211 0.06561085972850679 0.024390243902439025
28 0.5214932126696833 0.3321377331420373 0.06108597285067873 0.05021520803443329
