28 0.19014084507042253 0.76953125 0.15492957746478872 0.12834821428571427
28 0.7887323943661971 0.76953125 0.15492957746478872 0.12834821428571427
28 0.198943661971831 0.20870535714285715 0.15140845070422534 0.11160714285714286
28 0.7992957746478874 0.20870535714285715 0.15140845070422534 0.11160714285714286
28 0.5017605633802817 0.11049107142857142 0.19014084507042253 0.15401785714285715
28 0.49295774647887325 0.8733258928571429 0.17253521126760563 0.13727678571428573
13 0.4823943661971831 0.44754464285714285 0.09859154929577464 0.0625
0 0.4242957746478873 0.45535714285714285 0.08098591549295775 0.049107142857142856
17 0.22535211267605634 0.6819196428571429 0.1056338028169014 0.060267857142857144
24 0.8573943661971831 0.9296875 0.17253521126760563 0.09151785714285714
21 0.18309859154929578 0.7723214285714286 0.10211267605633803 0.022321428571428572
