33 0.18778280542986425 0.7661406025824964 0.1493212669683258 0.12338593974175036
33 0.7873303167420814 0.7661406025824964 0.1493212669683258 0.12338593974175036
33 0.19796380090497737 0.20588235294117646 0.14705882352941177 0.10760401721664276
33 0.7975113122171946 0.20588235294117646 0.14705882352941177 0.10760401721664276
33 0.498868778280543 0.10760401721664276 0.1832579185520362 0.1492109038737446
33 0.49095022624434387 0.8708751793400287 0.167420814479638 0.13199426111908177
25 0.4072398190045249 0.22883787661406027 0.08597285067873303 0.04160688665710186
29 0.6798642533936652 0.7352941176470589 0.10180995475113122 0.05021520803443329
32 0.9140271493212669 0.34935437589670015 0.03167420814479638 0.021520803443328552
30 0.47850678733031676 0.6657101865136298 0.1244343891402715 0.02295552367288379
31 0.7409502262443439 0.22883787661406027 0.1244343891402715 0.021520803443328552
