33 0.18778280542986425 0.7661406025824964 0.1493212669683258 0.12338593974175036
33 0.7873303167420814 0.7661406025824964 0.1493212669683258 0.12338593974175036
33 0.19796380090497737 0.20588235294117646 0.14705882352941177 0.10760401721664276
33 0.7975113122171946 0.20588235294117646 0.14705882352941177 0.10760401721664276
33 0.498868778280543 0.10760401721664276 0.1832579185520362 0.1492109038737446
33 0.49095022624434387 0.8708751793400287 0.167420814479638 0.13199426111908177
22 0.22624434389140272 0.4748923959827834 0.13122171945701358 0.12338593974175036
2 0.6029411764705882 0.5208034433285509 0.0746606334841629 0.08321377331420372
14 0.753393665158371 0.6807747489239598 0.09502262443438914 0.06456241032998565
7 0.8936651583710408 0.6312769010043041 0.17647058823529413 0.10329985652797705
9 0.6832579185520362 0.5129124820659972 0.167420814479638 0.11047345767575323
17 0.501131221719457 0.5559540889526542 0.07013574660633484 0.04447632711621234
0 0.3416289592760181 0.4569583931133429 0.058823529411764705 0.05308464849354376
5 0.9355203619909502 0.4332855093256815 0.0746606334841629 0.03443328550932568
19 0.2398190045248869 0.062410329985652796 0.10407239819004525 0.08464849354375897
20 0.5237556561085973 0.6076040172166427 0.042986425339366516 0.05308464849354376
3 0.6617647058823529 0.3084648493543759 0.05203619909502263 0.06025824964131994
16 0.6199095022624435 0.7718794835007173 0.03167420814479638 0.028694404591104734
20 0.504524886877828 0.5968436154949784 0.04072398190045249 0.054519368723098996
19 0.6244343891402715 0.706599713055954 0.10407239819004525 0.08464849354375897
3 0.5350678733031674 0.5322812051649928 0.05203619909502263 0.05738880918220947
8 0.754524886877828 0.47417503586800575 0.05203619909502263 0.03873744619799139
28 0.21040723981900453 0.7783357245337159 0.058823529411764705 0.047345767575322814
30 0.7386877828054299 0.6814921090387375 0.1244343891402715 0.02295552367288379
27 0.06787330316742081 0.47560975609756095 0.09954751131221719 0.06169296987087518
32 0.17873303167420815 0.9318507890961263 0.03167420814479638 0.021520803443328552
25 0.5101809954751131 0.7704447632711621 0.07918552036199095 0.03156384505021521
26 0.2319004524886878 0.7510760401721664 0.1425339366515837 0.06743185078909612
29 0.5701357466063348 0.693687230989957 0.1085972850678733 0.07604017216642754
31 0.831447963800905 0.5989956958393113 0.1244343891402715 0.021520803443328552
