33 0.18778280542986425 0.7661406025824964 0.1493212669683258 0.12338593974175036
33 0.7873303167420814 0.7661406025824964 0.1493212669683258 0.12338593974175036
33 0.19796380090497737 0.20588235294117646 0.14705882352941177 0.10760401721664276
33 0.7975113122171946 0.20588235294117646 0.14705882352941177 0.10760401721664276
33 0.498868778280543 0.10760401721664276 0.1832579185520362 0.1492109038737446
33 0.49095022624434387 0.8708751793400287 0.167420814479638 0.13199426111908177
1 0.6821266968325792 0.37733142037302725 0.05656108597285068 0.05738880918220947
20 0.5859728506787331 0.5810616929698709 0.04072398190045249 0.054519368723098996
29 0.5169683257918553 0.6312769010043041 0.08823529411764706 0.06025824964131994
28 0.3167420814479638 0.7553802008608321 0.058823529411764705 0.047345767575322814
30 0.6889140271493213 0.4569583931133429 0.06561085972850679 0.024390243902439025
