33 0.18778280542986425 0.7661406025824964 0.1493212669683258 0.12338593974175036
33 0.7873303167420814 0.7661406025824964 0.1493212669683258 0.12338593974175036
33 0.19796380090497737 0.20588235294117646 0.14705882352941177 0.10760401721664276
33 0.7975113122171946 0.20588235294117646 0.14705882352941177 0.10760401721664276
33 0.498868778280543 0.10760401721664276 0.1832579185520362 0.1492109038737446
33 0.49095022624434387 0.8708751793400287 0.167420814479638 0.13199426111908177
12 0.7850678733031674 0.5538020086083214 0.09502262443438914 0.07173601147776183
9 0.8676470588235294 0.6542324246771879 0.16968325791855204 0.11190817790530846
16 0.48755656108597284 0.5645624103299857 0.038461538461538464 0.027259684361549498
1 0.24773755656108598 0.4806312769010043 0.05656108597285068 0.05738880918220947
5 0.39592760180995473 0.4634146341463415 0.06787330316742081 0.04591104734576758
19 0.19909502262443438 0.06097560975609756 0.10407239819004525 0.08464849354375897
14 0.07918552036199095 0.9634146341463414 0.09502262443438914 0.06456241032998565
21 0.4807692307692308 0.603299856527977 0.07918552036199095 0.047345767575322814
22 0.8461538461538461 0.5121951219512195 0.13122171945701358 0.12338593974175036
24 0.5859728506787331 0.2855093256814921 0.12217194570135746 0.08895265423242468
20 0.31108597285067874 0.6800573888091822 0.0746606334841629 0.05738880918220947
8 0.10972850678733032 0.19727403156384504 0.04751131221719457 0.04447632711621234
3 0.5995475113122172 0.7560975609756098 0.049773755656108594 0.05164992826398852
11 0.504524886877828 0.49426111908177905 0.12669683257918551 0.13629842180774748
4 0.3506787330316742 0.5186513629842181 0.12217194570135746 0.09325681492109039
10 0.1165158371040724 0.633428981348637 0.11085972850678733 0.0703012912482066
12 0.9298642533936652 0.639167862266858 0.13574660633484162 0.0703012912482066
7 0.23076923076923078 0.539454806312769 0.13574660633484162 0.0975609756097561
17 0.23529411764705882 0.5609756097560976 0.08144796380090498 0.043041606886657105
2 0.6018099547511312 0.5839311334289814 0.07692307692307693 0.08895265423242468
11 0.6380090497737556 0.5186513629842181 0.12669683257918551 0.13629842180774748
16 0.167420814479638 0.5703012912482066 0.049773755656108594 0.04160688665710186
14 0.048642533936651584 0.12410329985652797 0.09728506787330317 0.06743185078909612
1 0.20475113122171945 0.6908177905308465 0.08823529411764706 0.05308464849354376
21 0.6052036199095022 0.3952654232424677 0.07918552036199095 0.047345767575322814
9 0.5497737556561086 0.26901004304160686 0.167420814479638 0.11047345767575323
22 0.6131221719457014 0.36585365853658536 0.13122171945701358 0.12338593974175036
5 0.17647058823529413 0.1133428981348637 0.06787330316742081 0.04591104734576758
24 0.8371040723981901 0.49067431850789095 0.12217194570135746 0.08895265423242468
6 0.5746606334841629 0.7582496413199427 0.04524886877828054 0.035868005738880916
4 0.40384615384615385 0.5989956958393113 0.11990950226244344 0.08751793400286945
28 0.13687782805429866 0.8730272596843616 0.06108597285067873 0.05021520803443329
27 0.24434389140271492 0.5573888091822095 0.09954751131221719 0.06169296987087518
26 0.5520361990950227 0.20014347202295552 0.13122171945701358 0.09038737446197992
29 0.5531674208144797 0.7467718794835008 0.10180995475113122 0.05021520803443329
25 0.5407239819004525 0.046628407460545196 0.08597285067873303 0.04160688665710186
31 0.23642533936651583 0.38450502152080346 0.06561085972850679 0.02295552367288379
30 0.7024886877828054 0.34935437589670015 0.06561085972850679 0.024390243902439025
32 0.8846153846153846 0.42252510760401724 0.03167420814479638 0.021520803443328552
32 0.8665158371040724 0.04232424677187949 0.03167420814479638 0.021520803443328552
28 0.584841628959276 0.40746054519368724 0.07013574660633484 0.05164992826398852
31 0.08484162895927602 0.27403156384505023 0.06561085972850679 0.02295552367288379
25 0.6595022624434389 0.5416068866571019 0.0746606334841629 0.027259684361549498
27 0.4751131221719457 0.5172166427546628 0.09954751131221719 0.06169296987087518
29 0.7092760180995475 0.17073170731707318 0.08823529411764706 0.06025824964131994
30 0.09841628959276018 0.9770444763271162 0.1244343891402715 0.02295552367288379
26 0.6368778280542986 0.34074605451936874 0.1425339366515837 0.06743185078909612
31 0.919683257918552 0.9490674318507891 0.1244343891402715 0.021520803443328552
25 0.6018099547511312 0.8787661406025825 0.08597285067873303 0.04160688665710186
29 0.08257918552036199 0.20086083213773315 0.083710407239819 0.08321377331420372
30 0.0667420814479638 0.6814921090387375 0.1244343891402715 0.02295552367288379
28 0.3393665158371041 0.6664275466284074 0.058823529411764705 0.047345767575322814
