33 0.18778280542986425 0.7661406025824964 0.1493212669683258 0.12338593974175036
33 0.7873303167420814 0.7661406025824964 0.1493212669683258 0.12338593974175036
33 0.19796380090497737 0.20588235294117646 0.14705882352941177 0.10760401721664276
33 0.7975113122171946 0.20588235294117646 0.14705882352941177 0.10760401721664276
33 0.498868778280543 0.10760401721664276 0.1832579185520362 0.1492109038737446
33 0.49095022624434387 0.8708751793400287 0.167420814479638 0.13199426111908177
23 0.49434389140271495 0.5294117647058824 0.1425339366515837 0.0746054519368723
15 0.17873303167420815 0.5581061692969871 0.05429864253393665 0.08608321377331421
5 0.7782805429864253 0.5380200860832137 0.06787330316742081 0.04591104734576758
9 0.4762443438914027 0.6312769010043041 0.16968325791855204 0.11190817790530846
21 0.45361990950226244 0.5043041606886657 0.07918552036199095 0.047345767575322814
24 0.10407239819004525 0.5064562410329986 0.12217194570135746 0.08895265423242468
4 0.6074660633484162 0.5746054519368723 0.11990950226244344 0.08751793400286945
13 0.5486425339366516 0.24533715925394547 0.083710407239819 0.06312769010043041
5 0.5542986425339367 0.2797704447632712 0.06787330316742081 0.04591104734576758
17 0.45248868778280543 0.4583931133428981 0.06787330316742081 0.047345767575322814
0 0.11085972850678733 0.5659971305595409 0.05429864253393665 0.05021520803443329
10 0.5938914027149321 0.5028694404591105 0.11085972850678733 0.0703012912482066
18 0.5644796380090498 0.56025824964132 0.10180995475113122 0.05595408895265423
20 0.579185520361991 0.5774748923959828 0.07692307692307693 0.05021520803443329
12 0.23076923076923078 0.603299856527977 0.06787330316742081 0.07317073170731707
22 0.5927601809954751 0.503586800573888 0.13122171945701358 0.12338593974175036
23 0.6821266968325792 0.4562410329985653 0.1425339366515837 0.0746054519368723
11 0.8574660633484162 0.48708751793400284 0.12669683257918551 0.13629842180774748
9 0.7024886877828054 0.6025824964131994 0.16968325791855204 0.11190817790530846
1 0.11990950226244344 0.6305595408895266 0.09954751131221719 0.047345767575322814
3 0.29751131221719457 0.48637015781922527 0.05203619909502263 0.05738880918220947
7 0.20361990950226244 0.5595408895265424 0.13574660633484162 0.0975609756097561
15 0.8506787330316742 0.6441893830703013 0.06334841628959276 0.08034433285509325
14 0.04751131221719457 0.706599713055954 0.09502262443438914 0.06456241032998565
19 0.35294117647058826 0.5315638450502153 0.10407239819004525 0.08177905308464849
21 0.5950226244343891 0.6499282639885222 0.058823529411764705 0.05164992826398852
2 0.18778280542986425 0.5466284074605452 0.07692307692307693 0.08895265423242468
32 0.049773755656108594 0.4813486370157819 0.03167420814479638 0.021520803443328552
29 0.498868778280543 0.6779053084648493 0.10180995475113122 0.05021520803443329
