29 0.19683257918552036 0.7714723926380368 0.167420814479638 0.13190184049079753
29 0.7963800904977375 0.7714723926380368 0.167420814479638 0.13190184049079753
29 0.18665158371040724 0.21088957055214724 0.1244343891402715 0.11503067484662577
29 0.7861990950226244 0.21088957055214724 0.1244343891402715 0.11503067484662577
29 0.501131221719457 0.11503067484662577 0.18778280542986425 0.1687116564417178
29 0.48868778280542985 0.8788343558282209 0.16289592760180996 0.147239263803681
7 0.4581447963800905 0.88420245398773 0.04751131221719457 0.04754601226993865
9 0.7126696832579186 0.5958588957055214 0.10407239819004525 0.07515337423312883
11 0.8009049773755657 0.39800613496932513 0.08144796380090498 0.1058282208588957
17 0.5520361990950227 0.3174846625766871 0.08144796380090498 0.046012269938650305
0 0.5904977375565611 0.6878834355828221 0.049773755656108594 0.04754601226993865
3 0.831447963800905 0.9424846625766872 0.05203619909502263 0.0843558282208589
6 0.6583710407239819 0.40950920245398775 0.167420814479638 0.09815950920245399
23 0.5622171945701357 0.6142638036809815 0.1334841628959276 0.10276073619631902
15 0.16289592760180996 0.4378834355828221 0.049773755656108594 0.04447852760736196
15 0.21945701357466063 0.7262269938650306 0.05429864253393665 0.0352760736196319
12 0.19683257918552036 0.20015337423312884 0.09954751131221719 0.06595092024539877
12 0.9095022624434389 0.7300613496932515 0.10407239819004525 0.0705521472392638
12 0.2239819004524887 0.8197852760736196 0.09954751131221719 0.06595092024539877
12 0.39592760180995473 0.5168711656441718 0.10407239819004525 0.0705521472392638
28 0.19230769230769232 0.48849693251533743 0.1085972850678733 0.08128834355828221
28 0.4253393665158371 0.9470858895705522 0.1085972850678733 0.08128834355828221
28 0.19570135746606335 0.6886503067484663 0.08823529411764706 0.06441717791411043
