33 0.18778280542986425 0.7661406025824964 0.1493212669683258 0.12338593974175036
33 0.7873303167420814 0.7661406025824964 0.1493212669683258 0.12338593974175036
33 0.19796380090497737 0.20588235294117646 0.14705882352941177 0.10760401721664276
33 0.7975113122171946 0.20588235294117646 0.14705882352941177 0.10760401721664276
33 0.498868778280543 0.10760401721664276 0.1832579185520362 0.1492109038737446
33 0.49095022624434387 0.8708751793400287 0.167420814479638 0.13199426111908177
17 0.06787330316742081 0.578909612625538 0.08144796380090498 0.05595408895265423
8 0.5746606334841629 0.6233859397417504 0.06334841628959276 0.05021520803443329
21 0.3925339366515837 0.6492109038737446 0.04751131221719457 0.05021520803443329
24 0.5158371040723982 0.5050215208034433 0.12217194570135746 0.08895265423242468
5 0.9276018099547512 0.5767575322812052 0.06787330316742081 0.04591104734576758
30 0.6187782805429864 0.8830703012912482 0.06561085972850679 0.024390243902439025
28 0.503393665158371 0.5086083213773315 0.06108597285067873 0.05021520803443329
