28 0.19014084507042253 0.76953125 0.15492957746478872 0.12834821428571427
28 0.7887323943661971 0.76953125 0.15492957746478872 0.12834821428571427
28 0.198943661971831 0.20870535714285715 0.15140845070422534 0.11160714285714286
28 0.7992957746478874 0.20870535714285715 0.15140845070422534 0.11160714285714286
28 0.5017605633802817 0.11049107142857142 0.19014084507042253 0.15401785714285715
28 0.49295774647887325 0.8733258928571429 0.17253521126760563 0.13727678571428573
15 0.653169014084507 0.4095982142857143 0.0528169014084507 0.03571428571428571
19 0.3714788732394366 0.43973214285714285 0.06338028169014084 0.05133928571428571
3 0.75 0.5111607142857143 0.06338028169014084 0.06473214285714286
12 0.0880281690140845 0.6891741071428571 0.1056338028169014 0.056919642857142856
17 0.6320422535211268 0.671875 0.10211267605633803 0.060267857142857144
5 0.2605633802816901 0.5703125 0.1267605633802817 0.09375
27 0.49471830985915494 0.2109375 0.13732394366197184 0.06919642857142858
21 0.6461267605633803 0.4497767857142857 0.056338028169014086 0.033482142857142856
20 0.8970070422535211 0.7645089285714286 0.09683098591549295 0.017857142857142856
