33 0.18778280542986425 0.7661406025824964 0.1493212669683258 0.12338593974175036
33 0.7873303167420814 0.7661406025824964 0.1493212669683258 0.12338593974175036
33 0.19796380090497737 0.20588235294117646 0.14705882352941177 0.10760401721664276
33 0.7975113122171946 0.20588235294117646 0.14705882352941177 0.10760401721664276
33 0.498868778280543 0.10760401721664276 0.1832579185520362 0.1492109038737446
33 0.49095022624434387 0.8708751793400287 0.167420814479638 0.13199426111908177
17 0.669683257918552 0.42898134863701576 0.08144796380090498 0.043041606886657105
12 0.5339366515837104 0.3629842180774749 0.09502262443438914 0.07173601147776183
23 0.7409502262443439 0.6269727403156384 0.1425339366515837 0.0746054519368723
4 0.2703619909502262 0.6556671449067432 0.11085972850678733 0.08321377331420372
21 0.7907239819004525 0.5444763271162123 0.07918552036199095 0.047345767575322814
5 0.18552036199095023 0.5208034433285509 0.06787330316742081 0.04591104734576758
8 0.8755656108597285 0.6348637015781923 0.06334841628959276 0.05021520803443329
1 0.6470588235294118 0.2460545193687231 0.09502262443438914 0.06169296987087518
19 0.7375565610859729 0.45552367288378764 0.10407239819004525 0.08177905308464849
32 0.4751131221719457 0.26901004304160686 0.03167420814479638 0.021520803443328552
27 0.18778280542986425 0.9160688665710186 0.09954751131221719 0.06169296987087518
