29 0.19683257918552036 0.7714723926380368 0.167420814479638 0.13190184049079753
29 0.7963800904977375 0.7714723926380368 0.167420814479638 0.13190184049079753
29 0.18665158371040724 0.21088957055214724 0.1244343891402715 0.11503067484662577
29 0.7861990950226244 0.21088957055214724 0.1244343891402715 0.11503067484662577
29 0.501131221719457 0.11503067484662577 0.18778280542986425 0.1687116564417178
29 0.48868778280542985 0.8788343558282209 0.16289592760180996 0.147239263803681
16 0.058823529411764705 0.040644171779141106 0.08144796380090498 0.05674846625766871
0 0.754524886877828 0.2285276073619632 0.07013574660633484 0.049079754601226995
6 0.2737556561085973 0.4892638036809816 0.16289592760180996 0.10122699386503067
16 0.8122171945701357 0.5122699386503068 0.08597285067873303 0.049079754601226995
23 0.14705882352941177 0.5996932515337423 0.1493212669683258 0.08895705521472393
