33 0.19014084507042253 0.76953125 0.15492957746478872 0.12834821428571427
33 0.7887323943661971 0.76953125 0.15492957746478872 0.12834821428571427
33 0.198943661971831 0.20870535714285715 0.15140845070422534 0.11160714285714286
33 0.7992957746478874 0.20870535714285715 0.15140845070422534 0.11160714285714286
33 0.5017605633802817 0.11049107142857142 0.19014084507042253 0.15401785714285715
33 0.49295774647887325 0.8733258928571429 0.17253521126760563 0.13727678571428573
1 0.05985915492957746 0.19866071428571427 0.09507042253521127 0.049107142857142856
6 0.5369718309859155 0.5714285714285714 0.13380281690140844 0.09375
4 0.03169014084507042 0.9006696428571429 0.05985915492957746 0.0625
24 0.602112676056338 0.6238839285714286 0.0880281690140845 0.05580357142857143
8 0.823943661971831 0.6283482142857143 0.04929577464788732 0.03571428571428571
17 0.6602112676056338 0.5401785714285714 0.10915492957746478 0.07589285714285714
0 0.5695422535211268 0.6623883928571429 0.10387323943661972 0.07477678571428571
13 0.6003521126760564 0.43861607142857145 0.1443661971830986 0.08482142857142858
10 0.1954225352112676 0.46205357142857145 0.08450704225352113 0.049107142857142856
