28 0.19014084507042253 0.76953125 0.15492957746478872 0.12834821428571427
28 0.7887323943661971 0.76953125 0.15492957746478872 0.12834821428571427
28 0.198943661971831 0.20870535714285715 0.15140845070422534 0.11160714285714286
28 0.7992957746478874 0.20870535714285715 0.15140845070422534 0.11160714285714286
28 0.5017605633802817 0.11049107142857142 0.19014084507042253 0.15401785714285715
28 0.49295774647887325 0.8733258928571429 0.17253521126760563 0.13727678571428573
7 0.7376760563380281 0.5145089285714286 0.1795774647887324 0.11160714285714286
14 0.2992957746478873 0.6417410714285714 0.05985915492957746 0.08482142857142858
22 0.914612676056338 0.6635044642857143 0.09683098591549295 0.016741071428571428
23 0.8626760563380281 0.40234375 0.02464788732394366 0.016741071428571428
25 0.21654929577464788 0.7232142857142857 0.1056338028169014 0.08705357142857142
