33 0.18778280542986425 0.7661406025824964 0.1493212669683258 0.12338593974175036
33 0.7873303167420814 0.7661406025824964 0.1493212669683258 0.12338593974175036
33 0.19796380090497737 0.20588235294117646 0.14705882352941177 0.10760401721664276
33 0.7975113122171946 0.20588235294117646 0.14705882352941177 0.10760401721664276
33 0.498868778280543 0.10760401721664276 0.1832579185520362 0.1492109038737446
33 0.49095022624434387 0.8708751793400287 0.167420814479638 0.13199426111908177
17 0.11085972850678733 0.5129124820659972 0.08144796380090498 0.05308464849354376
6 0.5248868778280543 0.6542324246771879 0.058823529411764705 0.028694404591104734
24 0.07013574660633484 0.7647058823529411 0.12217194570135746 0.08895265423242468
2 0.4592760180995475 0.5308464849354376 0.07692307692307693 0.08895265423242468
15 0.49547511312217196 0.4784791965566714 0.05429864253393665 0.058823529411764705
16 0.09276018099547512 0.09397417503586801 0.049773755656108594 0.04160688665710186
8 0.07352941176470588 0.5932568149210904 0.04751131221719457 0.04447632711621234
12 0.5712669683257918 0.36226685796269725 0.1334841628959276 0.0703012912482066
23 0.16855203619909503 0.56025824964132 0.1334841628959276 0.09612625538020086
22 0.5927601809954751 0.6154949784791965 0.13122171945701358 0.12338593974175036
32 0.020361990950226245 0.7654232424677188 0.03167420814479638 0.021520803443328552
31 0.22058823529411764 0.8974175035868006 0.1244343891402715 0.021520803443328552
