33 0.19014084507042253 0.76953125 0.15492957746478872 0.12834821428571427
33 0.7887323943661971 0.76953125 0.15492957746478872 0.12834821428571427
33 0.198943661971831 0.20870535714285715 0.15140845070422534 0.11160714285714286
33 0.7992957746478874 0.20870535714285715 0.15140845070422534 0.11160714285714286
33 0.5017605633802817 0.11049107142857142 0.19014084507042253 0.15401785714285715
33 0.49295774647887325 0.8733258928571429 0.17253521126760563 0.13727678571428573
20 0.7658450704225352 0.6774553571428571 0.06690140845070422 0.05803571428571429
8 0.6954225352112676 0.734375 0.0528169014084507 0.03125
15 0.5669014084507042 0.49497767857142855 0.10211267605633803 0.0703125
11 0.15845070422535212 0.46651785714285715 0.14084507042253522 0.10491071428571429
22 0.06866197183098592 0.16741071428571427 0.12323943661971831 0.09598214285714286
7 0.2482394366197183 0.6875 0.07042253521126761 0.05580357142857143
6 0.6258802816901409 0.7265625 0.13556338028169015 0.09151785714285714
17 0.653169014084507 0.6372767857142857 0.10915492957746478 0.07589285714285714
19 0.27992957746478875 0.6685267857142857 0.0528169014084507 0.03571428571428571
0 0.6329225352112676 0.5546875 0.11091549295774648 0.05803571428571429
30 0.38380281690140844 0.15401785714285715 0.09859154929577464 0.08035714285714286
