29 0.19683257918552036 0.7714723926380368 0.167420814479638 0.13190184049079753
29 0.7963800904977375 0.7714723926380368 0.167420814479638 0.13190184049079753
29 0.18665158371040724 0.21088957055214724 0.1244343891402715 0.11503067484662577
29 0.7861990950226244 0.21088957055214724 0.1244343891402715 0.11503067484662577
29 0.501131221719457 0.11503067484662577 0.18778280542986425 0.1687116564417178
29 0.48868778280542985 0.8788343558282209 0.16289592760180996 0.147239263803681
15 0.5158371040723982 0.2776073619631902 0.03167420814479638 0.03067484662576687
22 0.09728506787330317 0.3535276073619632 0.04524886877828054 0.03834355828220859
16 0.18438914027149322 0.1058282208588957 0.07918552036199095 0.05214723926380368
23 0.584841628959276 0.9378834355828221 0.1334841628959276 0.10276073619631902
28 0.7601809954751131 0.7661042944785276 0.1085972850678733 0.08128834355828221
12 0.5090497737556561 0.8857361963190185 0.09954751131221719 0.06595092024539877
28 0.20927601809954752 0.5444785276073619 0.08823529411764706 0.06441717791411043
27 0.6617647058823529 0.2607361963190184 0.07013574660633484 0.05521472392638037
28 0.7171945701357466 0.37653374233128833 0.1085972850678733 0.08128834355828221
25 0.020361990950226245 0.6549079754601227 0.03167420814479638 0.03067484662576687
12 0.248868778280543 0.7569018404907976 0.09954751131221719 0.06595092024539877
