33 0.18778280542986425 0.7661406025824964 0.1493212669683258 0.12338593974175036
33 0.7873303167420814 0.7661406025824964 0.1493212669683258 0.12338593974175036
33 0.19796380090497737 0.20588235294117646 0.14705882352941177 0.10760401721664276
33 0.7975113122171946 0.20588235294117646 0.14705882352941177 0.10760401721664276
33 0.498868778280543 0.10760401721664276 0.1832579185520362 0.1492109038737446
33 0.49095022624434387 0.8708751793400287 0.167420814479638 0.13199426111908177
18 0.08710407239819004 0.4469153515064562 0.10180995475113122 0.05595408895265423
1 0.15610859728506787 0.05236728837876614 0.08144796380090498 0.05308464849354376
29 0.4807692307692308 0.8292682926829268 0.08823529411764706 0.06025824964131994
26 0.505656108597285 0.8644189383070301 0.1425339366515837 0.06743185078909612
32 0.6990950226244343 0.9490674318507891 0.03167420814479638 0.021520803443328552
