28 0.19014084507042253 0.76953125 0.15492957746478872 0.12834821428571427
28 0.7887323943661971 0.76953125 0.15492957746478872 0.12834821428571427
28 0.198943661971831 0.20870535714285715 0.15140845070422534 0.11160714285714286
28 0.7992957746478874 0.20870535714285715 0.15140845070422534 0.11160714285714286
28 0.5017605633802817 0.11049107142857142 0.19014084507042253 0.15401785714285715
28 0.49295774647887325 0.8733258928571429 0.17253521126760563 0.13727678571428573
14 0.22183098591549297 0.0703125 0.07042253521126761 0.0625
9 0.7869718309859155 0.5558035714285714 0.13732394366197184 0.09598214285714286
3 0.3644366197183099 0.46316964285714285 0.06338028169014084 0.05803571428571429
6 0.8820422535211268 0.4888392857142857 0.07394366197183098 0.05133928571428571
5 0.8890845070422535 0.6484375 0.1267605633802817 0.09151785714285714
15 0.0897887323943662 0.11830357142857142 0.06338028169014084 0.044642857142857144
10 0.7183098591549296 0.6205357142857143 0.1795774647887324 0.10714285714285714
4 0.5757042253521126 0.3872767857142857 0.15140845070422534 0.13392857142857142
