33 0.19014084507042253 0.76953125 0.15492957746478872 0.12834821428571427
33 0.7887323943661971 0.76953125 0.15492957746478872 0.12834821428571427
33 0.198943661971831 0.20870535714285715 0.15140845070422534 0.11160714285714286
33 0.7992957746478874 0.20870535714285715 0.15140845070422534 0.11160714285714286
33 0.5017605633802817 0.11049107142857142 0.19014084507042253 0.15401785714285715
33 0.49295774647887325 0.8733258928571429 0.17253521126760563 0.13727678571428573
19 0.10035211267605634 0.20535714285714285 0.0528169014084507 0.03794642857142857
11 0.7007042253521126 0.4810267857142857 0.13732394366197184 0.09821428571428571
6 0.5299295774647887 0.328125 0.13380281690140844 0.09375
0 0.585387323943662 0.38950892857142855 0.11091549295774648 0.05803571428571429
18 0.07042253521126761 0.34375 0.06338028169014084 0.06696428571428571
5 0.6223591549295775 0.2935267857142857 0.15316901408450703 0.15401785714285715
21 0.058098591549295774 0.7220982142857143 0.07746478873239436 0.0625
23 0.13732394366197184 0.078125 0.08450704225352113 0.05580357142857143
7 0.522887323943662 0.48995535714285715 0.09154929577464789 0.049107142857142856
27 0.7262323943661971 0.9592633928571429 0.09683098591549295 0.016741071428571428
31 0.0721830985915493 0.29129464285714285 0.07746478873239436 0.05133928571428571
