33 0.19014084507042253 0.76953125 0.15492957746478872 0.12834821428571427
33 0.7887323943661971 0.76953125 0.15492957746478872 0.12834821428571427
33 0.198943661971831 0.20870535714285715 0.15140845070422534 0.11160714285714286
33 0.7992957746478874 0.20870535714285715 0.15140845070422534 0.11160714285714286
33 0.5017605633802817 0.11049107142857142 0.19014084507042253 0.15401785714285715
33 0.49295774647887325 0.8733258928571429 0.17253521126760563 0.13727678571428573
18 0.4507042253521127 0.6004464285714286 0.1056338028169014 0.06696428571428571
11 0.6197183098591549 0.46316964285714285 0.13732394366197184 0.09821428571428571
2 0.4630281690140845 0.4603794642857143 0.07746478873239436 0.06138392857142857
5 0.641725352112676 0.7276785714285714 0.14964788732394366 0.13839285714285715
1 0.3274647887323944 0.11830357142857142 0.07042253521126761 0.05803571428571429
19 0.058098591549295774 0.8270089285714286 0.056338028169014086 0.04017857142857143
25 0.1487676056338028 0.9419642857142857 0.09683098591549295 0.017857142857142856
29 0.20774647887323944 0.9185267857142857 0.15845070422535212 0.09821428571428571
26 0.45422535211267606 0.8872767857142857 0.04225352112676056 0.026785714285714284
