29 0.19683257918552036 0.7714723926380368 0.167420814479638 0.13190184049079753
29 0.7963800904977375 0.7714723926380368 0.167420814479638 0.13190184049079753
29 0.18665158371040724 0.21088957055214724 0.1244343891402715 0.11503067484662577
29 0.7861990950226244 0.21088957055214724 0.1244343891402715 0.11503067484662577
29 0.501131221719457 0.11503067484662577 0.18778280542986425 0.1687116564417178
29 0.48868778280542985 0.8788343558282209 0.16289592760180996 0.147239263803681
16 0.5565610859728507 0.22699386503067484 0.08597285067873303 0.049079754601226995
3 0.25452488687782804 0.7645705521472392 0.06561085972850679 0.05674846625766871
0 0.04072398190045249 0.7975460122699386 0.07692307692307693 0.046012269938650305
26 0.579185520361991 0.5513803680981595 0.13122171945701358 0.09662576687116564
12 0.2239819004524887 0.7147239263803681 0.10407239819004525 0.0705521472392638
27 0.8721719457013575 0.49846625766871167 0.07013574660633484 0.05521472392638037
28 0.35294117647058826 0.18788343558282208 0.1085972850678733 0.08128834355828221
