33 0.19014084507042253 0.76953125 0.15492957746478872 0.12834821428571427
33 0.7887323943661971 0.76953125 0.15492957746478872 0.12834821428571427
33 0.198943661971831 0.20870535714285715 0.15140845070422534 0.11160714285714286
33 0.7992957746478874 0.20870535714285715 0.15140845070422534 0.11160714285714286
33 0.5017605633802817 0.11049107142857142 0.19014084507042253 0.15401785714285715
33 0.49295774647887325 0.8733258928571429 0.17253521126760563 0.13727678571428573
4 0.7658450704225352 0.47879464285714285 0.08450704225352113 0.05580357142857143
0 0.19278169014084506 0.5027901785714286 0.10387323943661972 0.07477678571428571
18 0.47007042253521125 0.5279017857142857 0.06690140845070422 0.06919642857142858
9 0.23591549295774647 0.5892857142857143 0.16549295774647887 0.11160714285714286
