28 0.19014084507042253 0.76953125 0.15492957746478872 0.12834821428571427
28 0.7887323943661971 0.76953125 0.15492957746478872 0.12834821428571427
28 0.198943661971831 0.20870535714285715 0.15140845070422534 0.11160714285714286
28 0.7992957746478874 0.20870535714285715 0.15140845070422534 0.11160714285714286
28 0.5017605633802817 0.11049107142857142 0.19014084507042253 0.15401785714285715
28 0.49295774647887325 0.8733258928571429 0.17253521126760563 0.13727678571428573
1 0.9401408450704225 0.5267857142857143 0.08450704225352113 0.049107142857142856
4 0.15492957746478872 0.5345982142857143 0.1443661971830986 0.11830357142857142
17 0.5528169014084507 0.3359375 0.08450704225352113 0.05803571428571429
23 0.6637323943661971 0.12109375 0.02464788732394366 0.016741071428571428
20 0.9463028169014085 0.9291294642857143 0.051056338028169015 0.018973214285714284
