29 0.19683257918552036 0.7714723926380368 0.167420814479638 0.13190184049079753
29 0.7963800904977375 0.7714723926380368 0.167420814479638 0.13190184049079753
29 0.18665158371040724 0.21088957055214724 0.1244343891402715 0.11503067484662577
29 0.7861990950226244 0.21088957055214724 0.1244343891402715 0.11503067484662577
29 0.501131221719457 0.11503067484662577 0.18778280542986425 0.1687116564417178
29 0.48868778280542985 0.8788343558282209 0.16289592760180996 0.147239263803681
0 0.5067873303167421 0.8680981595092024 0.07692307692307693 0.046012269938650305
3 0.7364253393665159 0.3473926380368098 0.05203619909502263 0.0843558282208589
15 0.4604072398190045 0.8734662576687117 0.038461538461538464 0.029141104294478526
9 0.7013574660633484 0.8903374233128835 0.10407239819004525 0.07515337423312883
8 0.8122171945701357 0.8044478527607362 0.167420814479638 0.11809815950920245
6 0.7239819004524887 0.147239263803681 0.17647058823529413 0.11042944785276074
1 0.18552036199095023 0.4455521472392638 0.07692307692307693 0.0598159509202454
17 0.665158371040724 0.450920245398773 0.08144796380090498 0.046012269938650305
20 0.9694570135746606 0.9325153374233128 0.05203619909502263 0.06134969325153374
11 0.11764705882352941 0.6035276073619632 0.08144796380090498 0.1058282208588957
26 0.498868778280543 0.3918711656441718 0.1425339366515837 0.07208588957055215
28 0.26357466063348417 0.9455521472392638 0.10180995475113122 0.05368098159509203
