29 0.19683257918552036 0.7714723926380368 0.167420814479638 0.13190184049079753
29 0.7963800904977375 0.7714723926380368 0.167420814479638 0.13190184049079753
29 0.18665158371040724 0.21088957055214724 0.1244343891402715 0.11503067484662577
29 0.7861990950226244 0.21088957055214724 0.1244343891402715 0.11503067484662577
29 0.501131221719457 0.11503067484662577 0.18778280542986425 0.1687116564417178
29 0.48868778280542985 0.8788343558282209 0.16289592760180996 0.147239263803681
11 0.7760180995475113 0.39570552147239263 0.09502262443438914 0.07668711656441718
9 0.10633484162895927 0.3581288343558282 0.10407239819004525 0.07515337423312883
6 0.504524886877828 0.5690184049079755 0.17647058823529413 0.11042944785276074
8 0.8766968325791855 0.9325153374233128 0.16968325791855204 0.1196319018404908
9 0.8212669683257918 0.7285276073619632 0.11312217194570136 0.0736196319018405
3 0.36764705882352944 0.6265337423312883 0.06561085972850679 0.05674846625766871
12 0.6040723981900452 0.5943251533742331 0.09954751131221719 0.06595092024539877
27 0.2850678733031674 0.9532208588957055 0.058823529411764705 0.05061349693251534
28 0.5248868778280543 0.3811349693251534 0.1085972850678733 0.08128834355828221
