29 0.19683257918552036 0.7714723926380368 0.167420814479638 0.13190184049079753
29 0.7963800904977375 0.7714723926380368 0.167420814479638 0.13190184049079753
29 0.18665158371040724 0.21088957055214724 0.1244343891402715 0.11503067484662577
29 0.7861990950226244 0.21088957055214724 0.1244343891402715 0.11503067484662577
29 0.501131221719457 0.11503067484662577 0.18778280542986425 0.1687116564417178
29 0.48868778280542985 0.8788343558282209 0.16289592760180996 0.147239263803681
6 0.6855203619909502 0.3067484662576687 0.16289592760180996 0.10122699386503067
9 0.5180995475113123 0.3565950920245399 0.10407239819004525 0.07515337423312883
9 0.45588235294117646 0.8328220858895705 0.10180995475113122 0.11042944785276074
11 0.2737556561085973 0.2737730061349693 0.08144796380090498 0.1058282208588957
6 0.5859728506787331 0.3374233128834356 0.16289592760180996 0.10122699386503067
3 0.6889140271493213 0.7338957055214724 0.05203619909502263 0.0843558282208589
0 0.34841628959276016 0.8588957055214724 0.07692307692307693 0.046012269938650305
25 0.06221719457013575 0.9003067484662577 0.07918552036199095 0.03374233128834356
