29 0.19683257918552036 0.7714723926380368 0.167420814479638 0.13190184049079753
29 0.7963800904977375 0.7714723926380368 0.167420814479638 0.13190184049079753
29 0.18665158371040724 0.21088957055214724 0.1244343891402715 0.11503067484662577
29 0.7861990950226244 0.21088957055214724 0.1244343891402715 0.11503067484662577
29 0.501131221719457 0.11503067484662577 0.18778280542986425 0.1687116564417178
29 0.48868778280542985 0.8788343558282209 0.16289592760180996 0.147239263803681
16 0.5701357466063348 0.21549079754601227 0.07239819004524888 0.04754601226993865
17 0.3212669683257919 0.1955521472392638 0.06787330316742081 0.05061349693251534
17 0.13800904977375567 0.8443251533742331 0.06787330316742081 0.05061349693251534
27 0.919683257918552 0.06748466257668712 0.07013574660633484 0.05521472392638037
25 0.9479638009049773 0.08742331288343558 0.03167420814479638 0.03067484662576687
25 0.6481900452488688 0.4762269938650307 0.0746606334841629 0.029141104294478526
