28 0.19014084507042253 0.76953125 0.15492957746478872 0.12834821428571427
28 0.7887323943661971 0.76953125 0.15492957746478872 0.12834821428571427
28 0.198943661971831 0.20870535714285715 0.15140845070422534 0.11160714285714286
28 0.7992957746478874 0.20870535714285715 0.15140845070422534 0.11160714285714286
28 0.5017605633802817 0.11049107142857142 0.19014084507042253 0.15401785714285715
28 0.49295774647887325 0.8733258928571429 0.17253521126760563 0.13727678571428573
16 0.9313380281690141 0.46316964285714285 0.06690140845070422 0.05580357142857143
7 0.4507042253521127 0.6071428571428571 0.1795774647887324 0.11160714285714286
17 0.3767605633802817 0.5837053571428571 0.09859154929577464 0.06473214285714286
3 0.1637323943661972 0.6294642857142857 0.06338028169014084 0.0625
14 0.45598591549295775 0.26674107142857145 0.08098591549295775 0.0625
24 0.5757042253521126 0.6953125 0.17253521126760563 0.09151785714285714
27 0.3045774647887324 0.703125 0.13380281690140844 0.06919642857142858
26 0.6320422535211268 0.7332589285714286 0.08098591549295775 0.05133928571428571
