33 0.19014084507042253 0.76953125 0.15492957746478872 0.12834821428571427
33 0.7887323943661971 0.76953125 0.15492957746478872 0.12834821428571427
33 0.198943661971831 0.20870535714285715 0.15140845070422534 0.11160714285714286
33 0.7992957746478874 0.20870535714285715 0.15140845070422534 0.11160714285714286
33 0.5017605633802817 0.11049107142857142 0.19014084507042253 0.15401785714285715
33 0.49295774647887325 0.8733258928571429 0.17253521126760563 0.13727678571428573
1 0.6443661971830986 0.3794642857142857 0.06690140845070422 0.05133928571428571
3 0.448943661971831 0.6997767857142857 0.08450704225352113 0.09151785714285714
11 0.4137323943661972 0.6372767857142857 0.13732394366197184 0.09821428571428571
20 0.9278169014084507 0.5133928571428571 0.08450704225352113 0.05580357142857143
12 0.5528169014084507 0.5412946428571429 0.16549295774647887 0.10044642857142858
21 0.4788732394366197 0.44642857142857145 0.1056338028169014 0.060267857142857144
25 0.33274647887323944 0.0625 0.16549295774647887 0.03125
29 0.2992957746478873 0.24776785714285715 0.16901408450704225 0.09151785714285714
27 0.9339788732394366 0.6383928571428571 0.051056338028169015 0.017857142857142856
31 0.7376760563380281 0.7220982142857143 0.08098591549295775 0.044642857142857144
