33 0.19014084507042253 0.76953125 0.15492957746478872 0.12834821428571427
33 0.7887323943661971 0.76953125 0.15492957746478872 0.12834821428571427
33 0.198943661971831 0.20870535714285715 0.15140845070422534 0.11160714285714286
33 0.7992957746478874 0.20870535714285715 0.15140845070422534 0.11160714285714286
33 0.5017605633802817 0.11049107142857142 0.19014084507042253 0.15401785714285715
33 0.49295774647887325 0.8733258928571429 0.17253521126760563 0.13727678571428573
14 0.24119718309859156 0.6171875 0.13732394366197184 0.14285714285714285
21 0.09683098591549295 0.6037946428571429 0.10915492957746478 0.0625
24 0.7112676056338029 0.6305803571428571 0.08098591549295775 0.060267857142857144
8 0.8485915492957746 0.6640625 0.056338028169014086 0.049107142857142856
19 0.10035211267605634 0.14397321428571427 0.04929577464788732 0.046875
29 0.5915492957746479 0.26785714285714285 0.16549295774647887 0.09151785714285714
27 0.49911971830985913 0.32310267857142855 0.09683098591549295 0.016741071428571428
