33 0.18778280542986425 0.7661406025824964 0.1493212669683258 0.12338593974175036
33 0.7873303167420814 0.7661406025824964 0.1493212669683258 0.12338593974175036
33 0.19796380090497737 0.20588235294117646 0.14705882352941177 0.10760401721664276
33 0.7975113122171946 0.20588235294117646 0.14705882352941177 0.10760401721664276
33 0.498868778280543 0.10760401721664276 0.1832579185520362 0.1492109038737446
33 0.49095022624434387 0.8708751793400287 0.167420814479638 0.13199426111908177
0 0.5180995475113123 0.23888091822094693 0.049773755656108594 0.04447632711621234
1 0.669683257918552 0.4913916786226686 0.07692307692307693 0.05595408895265423
9 0.5576923076923077 0.4562410329985653 0.16968325791855204 0.11190817790530846
13 0.053167420814479636 0.926829268292683 0.083710407239819 0.06312769010043041
24 0.7986425339366516 0.5853658536585366 0.12217194570135746 0.08895265423242468
21 0.5090497737556561 0.37302725968436157 0.058823529411764705 0.05164992826398852
22 0.5090497737556561 0.45050215208034433 0.13122171945701358 0.12338593974175036
18 0.2319004524886878 0.6822094691535151 0.10180995475113122 0.05595408895265423
17 0.3223981900452489 0.08751793400286945 0.07918552036199095 0.04878048780487805
11 0.27601809954751133 0.48421807747489237 0.12669683257918551 0.13629842180774748
26 0.8552036199095022 0.7998565279770444 0.13122171945701358 0.09038737446197992
32 0.4230769230769231 0.09827833572453372 0.03167420814479638 0.021520803443328552
27 0.7737556561085973 0.8629842180774749 0.09954751131221719 0.06169296987087518
30 0.9377828054298643 0.17001434720229555 0.06561085972850679 0.024390243902439025
29 0.4807692307692308 0.5681492109038737 0.083710407239819 0.08321377331420372
32 0.04751131221719457 0.6291248206599713 0.03167420814479638 0.021520803443328552
25 0.024886877828054297 0.4748923959827834 0.03167420814479638 0.028694404591104734
31 0.6595022624434389 0.37733142037302725 0.06561085972850679 0.02295552367288379
30 0.44004524886877827 0.8464849354375896 0.1244343891402715 0.02295552367288379
26 0.0746606334841629 0.7037302725968436 0.13122171945701358 0.09038737446197992
28 0.23755656108597284 0.9074605451936872 0.058823529411764705 0.047345767575322814
27 0.3235294117647059 0.41965566714490676 0.09954751131221719 0.06169296987087518
25 0.18212669683257918 0.8149210903873745 0.07918552036199095 0.03156384505021521
26 0.8167420814479638 0.17718794835007173 0.13122171945701358 0.09038737446197992
32 0.24660633484162897 0.8228120516499282 0.03167420814479638 0.021520803443328552
29 0.7228506787330317 0.2898134863701578 0.08823529411764706 0.06025824964131994
30 0.8608597285067874 0.5753228120516499 0.1244343891402715 0.02295552367288379
