33 0.18778280542986425 0.7661406025824964 0.1493212669683258 0.12338593974175036
33 0.7873303167420814 0.7661406025824964 0.1493212669683258 0.12338593974175036
33 0.19796380090497737 0.20588235294117646 0.14705882352941177 0.10760401721664276
33 0.7975113122171946 0.20588235294117646 0.14705882352941177 0.10760401721664276
33 0.498868778280543 0.10760401721664276 0.1832579185520362 0.1492109038737446
33 0.49095022624434387 0.8708751793400287 0.167420814479638 0.13199426111908177
7 0.25565610859728505 0.46915351506456243 0.17647058823529413 0.10329985652797705
23 0.5237556561085973 0.4835007173601148 0.1425339366515837 0.0746054519368723
17 0.4592760180995475 0.4799139167862267 0.08144796380090498 0.05595408895265423
21 0.5384615384615384 0.6355810616929699 0.058823529411764705 0.05164992826398852
1 0.1323529411764706 0.47058823529411764 0.05656108597285068 0.05738880918220947
6 0.5723981900452488 0.6506456241032998 0.04524886877828054 0.035868005738880916
27 0.3190045248868778 0.687948350071736 0.09954751131221719 0.06169296987087518
