29 0.19683257918552036 0.7714723926380368 0.167420814479638 0.13190184049079753
29 0.7963800904977375 0.7714723926380368 0.167420814479638 0.13190184049079753
29 0.18665158371040724 0.21088957055214724 0.1244343891402715 0.11503067484662577
29 0.7861990950226244 0.21088957055214724 0.1244343891402715 0.11503067484662577
29 0.501131221719457 0.11503067484662577 0.18778280542986425 0.1687116564417178
29 0.48868778280542985 0.8788343558282209 0.16289592760180996 0.147239263803681
19 0.7805429864253394 0.4210122699386503 0.10407239819004525 0.09049079754601227
17 0.9061085972850679 0.4409509202453988 0.07013574660633484 0.04754601226993865
0 0.6527149321266968 0.647239263803681 0.05656108597285068 0.05828220858895705
23 0.46153846153846156 0.09049079754601227 0.1493212669683258 0.08895705521472393
17 0.24773755656108598 0.3366564417177914 0.07013574660633484 0.04754601226993865
4 0.6221719457013575 0.20782208588957055 0.12217194570135746 0.09969325153374232
5 0.7895927601809954 0.5552147239263804 0.06787330316742081 0.049079754601226995
15 0.24773755656108598 0.8819018404907976 0.05656108597285068 0.049079754601226995
15 0.46945701357466063 0.39033742331288346 0.038461538461538464 0.029141104294478526
27 0.9355203619909502 0.7668711656441718 0.07013574660633484 0.05521472392638037
28 0.18099547511312217 0.12653374233128833 0.1085972850678733 0.08128834355828221
12 0.2239819004524887 0.9455521472392638 0.09954751131221719 0.06595092024539877
