33 0.18778280542986425 0.7661406025824964 0.1493212669683258 0.12338593974175036
33 0.7873303167420814 0.7661406025824964 0.1493212669683258 0.12338593974175036
33 0.19796380090497737 0.20588235294117646 0.14705882352941177 0.10760401721664276
33 0.7975113122171946 0.20588235294117646 0.14705882352941177 0.10760401721664276
33 0.498868778280543 0.10760401721664276 0.1832579185520362 0.1492109038737446
33 0.49095022624434387 0.8708751793400287 0.167420814479638 0.13199426111908177
24 0.49321266968325794 0.5839311334289814 0.12217194570135746 0.08895265423242468
6 0.08823529411764706 0.6750358680057389 0.04524886877828054 0.035868005738880916
20 0.5158371040723982 0.3464849354375897 0.07692307692307693 0.05021520803443329
4 0.45361990950226244 0.6362984218077475 0.11990950226244344 0.09038737446197992
15 0.8506787330316742 0.6076040172166427 0.05429864253393665 0.06743185078909612
8 0.9015837104072398 0.5114777618364419 0.05203619909502263 0.03873744619799139
11 0.3031674208144796 0.5645624103299857 0.12669683257918551 0.13629842180774748
17 0.049773755656108594 0.6348637015781923 0.08144796380090498 0.05595408895265423
23 0.4298642533936652 0.6642754662840746 0.1493212669683258 0.08321377331420372
2 0.05995475113122172 0.48206599713055953 0.0746606334841629 0.08321377331420372
12 0.6877828054298643 0.48708751793400284 0.06787330316742081 0.07317073170731707
13 0.19909502262443438 0.5595408895265424 0.09502262443438914 0.04591104734576758
15 0.16289592760180996 0.5451936872309899 0.06334841628959276 0.08034433285509325
11 0.5950226244343891 0.5559540889526542 0.12669683257918551 0.13629842180774748
18 0.5373303167420814 0.2661406025824964 0.083710407239819 0.05308464849354376
7 0.5180995475113123 0.37302725968436157 0.167420814479638 0.09182209469153516
22 0.43665158371040724 0.6140602582496413 0.13122171945701358 0.12338593974175036
0 0.5113122171945701 0.37302725968436157 0.07692307692307693 0.043041606886657105
5 0.2647058823529412 0.6786226685796269 0.06787330316742081 0.04591104734576758
12 0.13122171945701358 0.09612625538020086 0.09502262443438914 0.07173601147776183
17 0.4004524886877828 0.4332855093256815 0.08144796380090498 0.043041606886657105
14 0.5361990950226244 0.2546628407460545 0.09502262443438914 0.06456241032998565
25 0.8156108597285068 0.3715925394548063 0.07918552036199095 0.03156384505021521
29 0.41289592760180993 0.9469153515064562 0.08823529411764706 0.06025824964131994
31 0.8269230769230769 0.32926829268292684 0.1244343891402715 0.021520803443328552
