33 0.18778280542986425 0.7661406025824964 0.1493212669683258 0.12338593974175036
33 0.7873303167420814 0.7661406025824964 0.1493212669683258 0.12338593974175036
33 0.19796380090497737 0.20588235294117646 0.14705882352941177 0.10760401721664276
33 0.7975113122171946 0.20588235294117646 0.14705882352941177 0.10760401721664276
33 0.498868778280543 0.10760401721664276 0.1832579185520362 0.1492109038737446
33 0.49095022624434387 0.8708751793400287 0.167420814479638 0.13199426111908177
19 0.3778280542986425 0.48708751793400284 0.10407239819004525 0.08177905308464849
21 0.10067873303167421 0.7926829268292683 0.04751131221719457 0.05021520803443329
8 0.29524886877828055 0.6979913916786227 0.05203619909502263 0.03873744619799139
28 0.47398190045248867 0.16642754662840745 0.07013574660633484 0.05164992826398852
31 0.7658371040723982 0.24964131994261118 0.06561085972850679 0.02295552367288379
