33 0.18778280542986425 0.7661406025824964 0.1493212669683258 0.12338593974175036
33 0.7873303167420814 0.7661406025824964 0.1493212669683258 0.12338593974175036
33 0.19796380090497737 0.20588235294117646 0.14705882352941177 0.10760401721664276
33 0.7975113122171946 0.20588235294117646 0.14705882352941177 0.10760401721664276
33 0.498868778280543 0.10760401721664276 0.1832579185520362 0.1492109038737446
33 0.49095022624434387 0.8708751793400287 0.167420814479638 0.13199426111908177
12 0.06334841628959276 0.8213773314203731 0.06787330316742081 0.07317073170731707
15 0.33710407239819007 0.6284074605451937 0.06334841628959276 0.08034433285509325
9 0.8914027149321267 0.6061692969870875 0.167420814479638 0.11047345767575323
27 0.3755656108597285 0.6434720229555236 0.10407239819004525 0.06743185078909612
32 0.6312217194570136 0.03945480631276901 0.03167420814479638 0.021520803443328552
31 0.7228506787330317 0.906025824964132 0.1244343891402715 0.021520803443328552
29 0.8834841628959276 0.9024390243902439 0.08823529411764706 0.06025824964131994
