29 0.19683257918552036 0.7714723926380368 0.167420814479638 0.13190184049079753
29 0.7963800904977375 0.7714723926380368 0.167420814479638 0.13190184049079753
29 0.18665158371040724 0.21088957055214724 0.1244343891402715 0.11503067484662577
29 0.7861990950226244 0.21088957055214724 0.1244343891402715 0.11503067484662577
29 0.501131221719457 0.11503067484662577 0.18778280542986425 0.1687116564417178
29 0.48868778280542985 0.8788343558282209 0.16289592760180996 0.147239263803681
7 0.0667420814479638 0.3397239263803681 0.04751131221719457 0.04754601226993865
20 0.6085972850678733 0.3581288343558282 0.04524886877828054 0.05368098159509203
6 0.4638009049773756 0.22392638036809817 0.167420814479638 0.09815950920245399
10 0.5972850678733032 0.3044478527607362 0.12669683257918551 0.14570552147239263
21 0.4230769230769231 0.8757668711656442 0.13122171945701358 0.13190184049079753
8 0.3902714932126697 0.8266871165644172 0.16968325791855204 0.1196319018404908
0 0.5384615384615384 0.40644171779141103 0.07692307692307693 0.046012269938650305
18 0.6436651583710408 0.7615030674846626 0.083710407239819 0.05674846625766871
14 0.7929864253393665 0.6464723926380368 0.09728506787330317 0.07208588957055215
26 0.5690045248868778 0.7569018404907976 0.1425339366515837 0.07208588957055215
12 0.5633484162895928 0.057515337423312884 0.09954751131221719 0.06595092024539877
25 0.915158371040724 0.3964723926380368 0.0746606334841629 0.029141104294478526
28 0.2420814479638009 0.38880368098159507 0.1085972850678733 0.08128834355828221
