33 0.18778280542986425 0.7661406025824964 0.1493212669683258 0.12338593974175036
33 0.7873303167420814 0.7661406025824964 0.1493212669683258 0.12338593974175036
33 0.19796380090497737 0.20588235294117646 0.14705882352941177 0.10760401721664276
33 0.7975113122171946 0.20588235294117646 0.14705882352941177 0.10760401721664276
33 0.498868778280543 0.10760401721664276 0.1832579185520362 0.1492109038737446
33 0.49095022624434387 0.8708751793400287 0.167420814479638 0.13199426111908177
19 0.5588235294117647 0.7496413199426112 0.10407239819004525 0.08177905308464849
9 0.5667420814479638 0.6614060258249641 0.16968325791855204 0.11190817790530846
24 0.6968325791855203 0.4763271162123386 0.12217194570135746 0.08895265423242468
11 0.1583710407239819 0.5114777618364419 0.12669683257918551 0.13629842180774748
14 0.7409502262443439 0.6420373027259685 0.09728506787330317 0.06743185078909612
1 0.18778280542986425 0.4655667144906743 0.09954751131221719 0.047345767575322814
10 0.744343891402715 0.48923959827833574 0.11312217194570136 0.06886657101865136
15 0.07239819004524888 0.1872309899569584 0.05429864253393665 0.06743185078909612
5 0.9049773755656109 0.6599713055954088 0.06787330316742081 0.04591104734576758
19 0.43891402714932126 0.5229555236728838 0.10407239819004525 0.08464849354375897
8 0.45248868778280543 0.706599713055954 0.06334841628959276 0.05021520803443329
12 0.09276018099547512 0.6764705882352942 0.06787330316742081 0.07317073170731707
9 0.4072398190045249 0.4885222381635581 0.167420814479638 0.11047345767575323
23 0.3733031674208145 0.4935437589670014 0.1493212669683258 0.08321377331420372
7 0.7398190045248869 0.6312769010043041 0.167420814479638 0.09182209469153516
21 0.3733031674208145 0.4949784791965567 0.058823529411764705 0.05164992826398852
17 0.4592760180995475 0.24103299856527977 0.08597285067873303 0.04591104734576758
20 0.10633484162895927 0.6857962697274032 0.04072398190045249 0.054519368723098996
22 0.7918552036199095 0.4878048780487805 0.13122171945701358 0.12338593974175036
2 0.8461538461538461 0.6642754662840746 0.07692307692307693 0.08895265423242468
13 0.5486425339366516 0.39741750358680056 0.083710407239819 0.06312769010043041
0 0.3042986425339366 0.5494978479196556 0.05656108597285068 0.054519368723098996
4 0.06787330316742081 0.05667144906743185 0.12217194570135746 0.09325681492109039
18 0.9242081447963801 0.6119081779053085 0.09728506787330317 0.06456241032998565
6 0.08823529411764706 0.5989956958393113 0.04524886877828054 0.035868005738880916
16 0.666289592760181 0.6614060258249641 0.05656108597285068 0.04591104734576758
3 0.38235294117647056 0.48493543758967 0.049773755656108594 0.05164992826398852
27 0.7081447963800905 0.8400286944045912 0.09954751131221719 0.06169296987087518
26 0.2081447963800905 0.15423242467718795 0.13122171945701358 0.09038737446197992
29 0.4513574660633484 0.31850789096126253 0.083710407239819 0.08321377331420372
32 0.9072398190045249 0.8859397417503587 0.03167420814479638 0.021520803443328552
28 0.40158371040723984 0.38952654232424677 0.06108597285067873 0.05021520803443329
25 0.2907239819004525 0.629842180774749 0.07918552036199095 0.03156384505021521
31 0.8359728506787331 0.11908177905308465 0.06561085972850679 0.02295552367288379
29 0.20927601809954752 0.9576757532281205 0.10180995475113122 0.05021520803443329
26 0.19117647058823528 0.5803443328550932 0.1425339366515837 0.06743185078909612
25 0.6255656108597285 0.6470588235294118 0.07918552036199095 0.03156384505021521
28 0.38687782805429866 0.7266857962697274 0.058823529411764705 0.047345767575322814
31 0.6300904977375565 0.8020086083213773 0.06561085972850679 0.02295552367288379
32 0.7217194570135747 0.5114777618364419 0.03167420814479638 0.021520803443328552
30 0.4264705882352941 0.8895265423242468 0.1244343891402715 0.02295552367288379
