33 0.18778280542986425 0.7661406025824964 0.1493212669683258 0.12338593974175036
33 0.7873303167420814 0.7661406025824964 0.1493212669683258 0.12338593974175036
33 0.19796380090497737 0.20588235294117646 0.14705882352941177 0.10760401721664276
33 0.7975113122171946 0.20588235294117646 0.14705882352941177 0.10760401721664276
33 0.498868778280543 0.10760401721664276 0.1832579185520362 0.1492109038737446
33 0.49095022624434387 0.8708751793400287 0.167420814479638 0.13199426111908177
23 0.5180995475113123 0.2467718794835007 0.1493212669683258 0.08321377331420372
32 0.9230769230769231 0.9275466284074605 0.03167420814479638 0.021520803443328552
29 0.667420814479638 0.3680057388809182 0.1085972850678733 0.07604017216642754
27 0.5565610859728507 0.851506456241033 0.09954751131221719 0.06169296987087518
26 0.0757918552036199 0.30918220946915353 0.1425339366515837 0.06743185078909612
32 0.09728506787330317 0.29053084648493543 0.03167420814479638 0.021520803443328552
25 0.5463800904977375 0.8278335724533716 0.07918552036199095 0.03156384505021521
30 0.29751131221719457 0.39956958393113345 0.06561085972850679 0.024390243902439025
