28 0.19014084507042253 0.76953125 0.15492957746478872 0.12834821428571427
28 0.7887323943661971 0.76953125 0.15492957746478872 0.12834821428571427
28 0.198943661971831 0.20870535714285715 0.15140845070422534 0.11160714285714286
28 0.7992957746478874 0.20870535714285715 0.15140845070422534 0.11160714285714286
28 0.5017605633802817 0.11049107142857142 0.19014084507042253 0.15401785714285715
28 0.49295774647887325 0.8733258928571429 0.17253521126760563 0.13727678571428573
18 0.8204225352112676 0.4732142857142857 0.08450704225352113 0.05133928571428571
3 0.2904929577464789 0.6361607142857143 0.07042253521126761 0.05357142857142857
9 0.8116197183098591 0.49776785714285715 0.13732394366197184 0.09821428571428571
13 0.5580985915492958 0.49330357142857145 0.07042253521126761 0.05803571428571429
3 0.7922535211267606 0.6785714285714286 0.07394366197183098 0.05803571428571429
5 0.06514084507042253 0.23660714285714285 0.1267605633802817 0.08258928571428571
15 0.22183098591549297 0.6473214285714286 0.0528169014084507 0.04017857142857143
20 0.1875 0.24553571428571427 0.09683098591549295 0.017857142857142856
22 0.5308098591549296 0.14676339285714285 0.09683098591549295 0.016741071428571428
26 0.3961267605633803 0.5212053571428571 0.07394366197183098 0.044642857142857144
27 0.12852112676056338 0.44308035714285715 0.1267605633802817 0.09598214285714286
