33 0.18778280542986425 0.7661406025824964 0.1493212669683258 0.12338593974175036
33 0.7873303167420814 0.7661406025824964 0.1493212669683258 0.12338593974175036
33 0.19796380090497737 0.20588235294117646 0.14705882352941177 0.10760401721664276
33 0.7975113122171946 0.20588235294117646 0.14705882352941177 0.10760401721664276
33 0.498868778280543 0.10760401721664276 0.1832579185520362 0.1492109038737446
33 0.49095022624434387 0.8708751793400287 0.167420814479638 0.13199426111908177
21 0.18891402714932126 0.5875179340028694 0.04751131221719457 0.05021520803443329
0 0.9694570135746606 0.4519368723098996 0.06108597285067873 0.04878048780487805
14 0.049773755656108594 0.8199426111908178 0.09502262443438914 0.06456241032998565
3 0.7319004524886877 0.5839311334289814 0.05203619909502263 0.05738880918220947
7 0.24547511312217193 0.05738880918220947 0.11085972850678733 0.10329985652797705
22 0.5158371040723982 0.3012912482065997 0.13122171945701358 0.12338593974175036
32 0.8190045248868778 0.46700143472022954 0.03167420814479638 0.021520803443328552
30 0.3495475113122172 0.3020086083213773 0.06561085972850679 0.024390243902439025
31 0.8042986425339367 0.30918220946915353 0.1244343891402715 0.021520803443328552
28 0.8902714932126696 0.3931133428981349 0.07013574660633484 0.05164992826398852
