29 0.19683257918552036 0.7714723926380368 0.167420814479638 0.13190184049079753
29 0.7963800904977375 0.7714723926380368 0.167420814479638 0.13190184049079753
29 0.18665158371040724 0.21088957055214724 0.1244343891402715 0.11503067484662577
29 0.7861990950226244 0.21088957055214724 0.1244343891402715 0.11503067484662577
29 0.501131221719457 0.11503067484662577 0.18778280542986425 0.1687116564417178
29 0.48868778280542985 0.8788343558282209 0.16289592760180996 0.147239263803681
19 0.5746606334841629 0.6940184049079755 0.10407239819004525 0.08742331288343558
8 0.08710407239819004 0.5306748466257669 0.16968325791855204 0.1196319018404908
6 0.3190045248868778 0.05368098159509203 0.13574660633484162 0.10429447852760736
0 0.5214932126696833 0.821319018404908 0.06561085972850679 0.05368098159509203
25 0.751131221719457 0.09049079754601227 0.03167420814479638 0.03067484662576687
25 0.4920814479638009 0.7661042944785276 0.0746606334841629 0.029141104294478526
28 0.2002262443438914 0.575920245398773 0.10180995475113122 0.05368098159509203
27 0.11312217194570136 0.48849693251533743 0.058823529411764705 0.05061349693251534
12 0.2330316742081448 0.9455521472392638 0.09954751131221719 0.06595092024539877
12 0.6244343891402715 0.7745398773006135 0.10407239819004525 0.0705521472392638
