29 0.19683257918552036 0.7714723926380368 0.167420814479638 0.13190184049079753
29 0.7963800904977375 0.7714723926380368 0.167420814479638 0.13190184049079753
29 0.18665158371040724 0.21088957055214724 0.1244343891402715 0.11503067484662577
29 0.7861990950226244 0.21088957055214724 0.1244343891402715 0.11503067484662577
29 0.501131221719457 0.11503067484662577 0.18778280542986425 0.1687116564417178
29 0.48868778280542985 0.8788343558282209 0.16289592760180996 0.147239263803681
27 0.19343891402714933 0.348159509202454 0.07013574660633484 0.05521472392638037
26 0.16968325791855204 0.1388036809815951 0.13122171945701358 0.09662576687116564
25 0.753393665158371 0.147239263803681 0.03167420814479638 0.03067484662576687
28 0.8699095022624435 0.20552147239263804 0.08823529411764706 0.06441717791411043
12 0.2828054298642534 0.28297546012269936 0.09954751131221719 0.06595092024539877
