28 0.19014084507042253 0.76953125 0.15492957746478872 0.12834821428571427
28 0.7887323943661971 0.76953125 0.15492957746478872 0.12834821428571427
28 0.198943661971831 0.20870535714285715 0.15140845070422534 0.11160714285714286
28 0.7992957746478874 0.20870535714285715 0.15140845070422534 0.11160714285714286
28 0.5017605633802817 0.11049107142857142 0.19014084507042253 0.15401785714285715
28 0.49295774647887325 0.8733258928571429 0.17253521126760563 0.13727678571428573
7 0.13732394366197184 0.6037946428571429 0.17253521126760563 0.125
1 0.1795774647887324 0.6506696428571429 0.09507042253521127 0.05133928571428571
13 0.10387323943661972 0.6540178571428571 0.06338028169014084 0.060267857142857144
16 0.20246478873239437 0.6674107142857143 0.07746478873239436 0.060267857142857144
12 0.33274647887323944 0.5915178571428571 0.09154929577464789 0.08482142857142858
24 0.4612676056338028 0.8392857142857143 0.20774647887323944 0.09598214285714286
