33 0.19014084507042253 0.76953125 0.15492957746478872 0.12834821428571427
33 0.7887323943661971 0.76953125 0.15492957746478872 0.12834821428571427
33 0.198943661971831 0.20870535714285715 0.15140845070422534 0.11160714285714286
33 0.7992957746478874 0.20870535714285715 0.15140845070422534 0.11160714285714286
33 0.5017605633802817 0.11049107142857142 0.19014084507042253 0.15401785714285715
33 0.49295774647887325 0.8733258928571429 0.17253521126760563 0.13727678571428573
9 0.1443661971830986 0.060267857142857144 0.18309859154929578 0.11160714285714286
4 0.05457746478873239 0.24776785714285715 0.06338028169014084 0.05803571428571429
15 0.26936619718309857 0.06640625 0.08450704225352113 0.06808035714285714
18 0.5264084507042254 0.25669642857142855 0.08098591549295775 0.06473214285714286
20 0.3926056338028169 0.4877232142857143 0.07394366197183098 0.049107142857142856
23 0.8345070422535211 0.6875 0.09154929577464789 0.05803571428571429
4 0.15316901408450703 0.6573660714285714 0.06338028169014084 0.060267857142857144
1 0.4630281690140845 0.30691964285714285 0.06690140845070422 0.05133928571428571
16 0.2676056338028169 0.5881696428571429 0.07746478873239436 0.05357142857142857
25 0.7984154929577465 0.05357142857142857 0.09683098591549295 0.017857142857142856
28 0.10211267605633803 0.9012276785714286 0.02464788732394366 0.016741071428571428
29 0.8943661971830986 0.25111607142857145 0.11619718309859155 0.10044642857142858
30 0.8028169014084507 0.11383928571428571 0.11619718309859155 0.06696428571428571
