29 0.19683257918552036 0.7714723926380368 0.167420814479638 0.13190184049079753
29 0.7963800904977375 0.7714723926380368 0.167420814479638 0.13190184049079753
29 0.18665158371040724 0.21088957055214724 0.1244343891402715 0.11503067484662577
29 0.7861990950226244 0.21088957055214724 0.1244343891402715 0.11503067484662577
29 0.501131221719457 0.11503067484662577 0.18778280542986425 0.1687116564417178
29 0.48868778280542985 0.8788343558282209 0.16289592760180996 0.147239263803681
6 0.8733031674208145 0.49693251533742333 0.17647058823529413 0.11042944785276074
0 0.5079185520361991 0.38190184049079756 0.07013574660633484 0.049079754601226995
14 0.4671945701357466 0.8458588957055214 0.09728506787330317 0.07208588957055215
25 0.13009049773755657 0.22699386503067484 0.07918552036199095 0.03374233128834356
28 0.9038461538461539 0.24539877300613497 0.08823529411764706 0.06441717791411043
25 0.9015837104072398 0.7638036809815951 0.07918552036199095 0.03374233128834356
28 0.7036199095022625 0.8013803680981595 0.1085972850678733 0.08128834355828221
