28 0.19014084507042253 0.76953125 0.15492957746478872 0.12834821428571427
28 0.7887323943661971 0.76953125 0.15492957746478872 0.12834821428571427
28 0.198943661971831 0.20870535714285715 0.15140845070422534 0.11160714285714286
28 0.7992957746478874 0.20870535714285715 0.15140845070422534 0.11160714285714286
28 0.5017605633802817 0.11049107142857142 0.19014084507042253 0.15401785714285715
28 0.49295774647887325 0.8733258928571429 0.17253521126760563 0.13727678571428573
8 0.18838028169014084 0.5345982142857143 0.07394366197183098 0.049107142857142856
16 0.5598591549295775 0.2689732142857143 0.08098591549295775 0.05803571428571429
7 0.8538732394366197 0.5145089285714286 0.17253521126760563 0.11383928571428571
3 0.4894366197183099 0.4765625 0.06338028169014084 0.06473214285714286
4 0.7015845070422535 0.5926339285714286 0.15316901408450703 0.17633928571428573
5 0.4454225352112676 0.5446428571428571 0.13028169014084506 0.09598214285714286
13 0.16901408450704225 0.46986607142857145 0.07394366197183098 0.060267857142857144
19 0.051056338028169015 0.34263392857142855 0.09154929577464789 0.05580357142857143
17 0.07922535211267606 0.9564732142857143 0.09859154929577464 0.06696428571428571
19 0.0897887323943662 0.23214285714285715 0.09154929577464789 0.05357142857142857
25 0.4225352112676056 0.45535714285714285 0.11971830985915492 0.06919642857142858
