33 0.19014084507042253 0.76953125 0.15492957746478872 0.12834821428571427
33 0.7887323943661971 0.76953125 0.15492957746478872 0.12834821428571427
33 0.198943661971831 0.20870535714285715 0.15140845070422534 0.11160714285714286
33 0.7992957746478874 0.20870535714285715 0.15140845070422534 0.11160714285714286
33 0.5017605633802817 0.11049107142857142 0.19014084507042253 0.15401785714285715
33 0.49295774647887325 0.8733258928571429 0.17253521126760563 0.13727678571428573
4 0.0721830985915493 0.7142857142857143 0.06338028169014084 0.0625
23 0.653169014084507 0.23995535714285715 0.08450704225352113 0.06919642857142858
11 0.16901408450704225 0.609375 0.14084507042253522 0.10491071428571429
17 0.07394366197183098 0.21316964285714285 0.10915492957746478 0.07589285714285714
20 0.15669014084507044 0.09821428571428571 0.07394366197183098 0.05803571428571429
5 0.8019366197183099 0.6138392857142857 0.15316901408450703 0.15178571428571427
21 0.1637323943661972 0.53125 0.09859154929577464 0.06473214285714286
9 0.323943661971831 0.10825892857142858 0.13380281690140844 0.15625
28 0.5616197183098591 0.5306919642857143 0.02464788732394366 0.016741071428571428
26 0.13204225352112675 0.6796875 0.06338028169014084 0.03794642857142857
25 0.43221830985915494 0.71875 0.09683098591549295 0.017857142857142856
