33 0.19014084507042253 0.76953125 0.15492957746478872 0.12834821428571427
33 0.7887323943661971 0.76953125 0.15492957746478872 0.12834821428571427
33 0.198943661971831 0.20870535714285715 0.15140845070422534 0.11160714285714286
33 0.7992957746478874 0.20870535714285715 0.15140845070422534 0.11160714285714286
33 0.5017605633802817 0.11049107142857142 0.19014084507042253 0.15401785714285715
33 0.49295774647887325 0.8733258928571429 0.17253521126760563 0.13727678571428573
5 0.6091549295774648 0.4140625 0.15492957746478872 0.16071428571428573
16 0.4119718309859155 0.6428571428571429 0.1056338028169014 0.05133928571428571
13 0.2711267605633803 0.5111607142857143 0.11267605633802817 0.09598214285714286
24 0.7359154929577465 0.6875 0.06338028169014084 0.05357142857142857
21 0.7764084507042254 0.6618303571428571 0.10915492957746478 0.0625
14 0.20422535211267606 0.5680803571428571 0.13732394366197184 0.14285714285714285
22 0.6672535211267606 0.48549107142857145 0.12323943661971831 0.09598214285714286
22 0.09859154929577464 0.08147321428571429 0.12323943661971831 0.09598214285714286
