29 0.19683257918552036 0.7714723926380368 0.167420814479638 0.13190184049079753
29 0.7963800904977375 0.7714723926380368 0.167420814479638 0.13190184049079753
29 0.18665158371040724 0.21088957055214724 0.1244343891402715 0.11503067484662577
29 0.7861990950226244 0.21088957055214724 0.1244343891402715 0.11503067484662577
29 0.501131221719457 0.11503067484662577 0.18778280542986425 0.1687116564417178
29 0.48868778280542985 0.8788343558282209 0.16289592760180996 0.147239263803681
18 0.5328054298642534 0.5682515337423313 0.09728506787330317 0.06901840490797546
15 0.7273755656108597 0.1495398773006135 0.038461538461538464 0.029141104294478526
19 0.5384615384615384 0.49923312883435583 0.10407239819004525 0.08742331288343558
20 0.31334841628959276 0.6319018404907976 0.05203619909502263 0.06134969325153374
7 0.4423076923076923 0.21855828220858894 0.04751131221719457 0.04754601226993865
6 0.6764705882352942 0.5352760736196319 0.17647058823529413 0.11042944785276074
24 0.5633484162895928 0.7369631901840491 0.09502262443438914 0.0598159509202454
15 0.9072398190045249 0.330521472392638 0.05429864253393665 0.0352760736196319
12 0.6244343891402715 0.5237730061349694 0.10407239819004525 0.07208588957055215
6 0.581447963800905 0.43558282208588955 0.167420814479638 0.09815950920245399
27 0.4298642533936652 0.28911042944785276 0.058823529411764705 0.05061349693251534
12 0.42081447963800905 0.09049079754601227 0.10407239819004525 0.0705521472392638
27 0.8461538461538461 0.6326687116564417 0.058823529411764705 0.05061349693251534
28 0.6289592760180995 0.1526073619631902 0.1085972850678733 0.08128834355828221
27 0.07918552036199095 0.07285276073619631 0.058823529411764705 0.05061349693251534
