33 0.18778280542986425 0.7661406025824964 0.1493212669683258 0.12338593974175036
33 0.7873303167420814 0.7661406025824964 0.1493212669683258 0.12338593974175036
33 0.19796380090497737 0.20588235294117646 0.14705882352941177 0.10760401721664276
33 0.7975113122171946 0.20588235294117646 0.14705882352941177 0.10760401721664276
33 0.498868778280543 0.10760401721664276 0.1832579185520362 0.1492109038737446
33 0.49095022624434387 0.8708751793400287 0.167420814479638 0.13199426111908177
5 0.4287330316742081 0.6169296987087518 0.0746606334841629 0.03443328550932568
2 0.5916289592760181 0.6944045911047346 0.0746606334841629 0.08321377331420372
12 0.5497737556561086 0.6836441893830703 0.13574660633484162 0.0703012912482066
13 0.33144796380090497 0.6599713055954088 0.083710407239819 0.06312769010043041
22 0.5769230769230769 0.4103299856527977 0.13122171945701358 0.12338593974175036
8 0.10972850678733032 0.3278335724533716 0.05203619909502263 0.03873744619799139
15 0.47285067873303166 0.30703012912482064 0.06334841628959276 0.08034433285509325
24 0.07239819004524888 0.539454806312769 0.12217194570135746 0.08895265423242468
16 0.7409502262443439 0.578909612625538 0.04751131221719457 0.035868005738880916
30 0.7070135746606335 0.9497847919655668 0.1244343891402715 0.02295552367288379
29 0.6504524886877828 0.533715925394548 0.08823529411764706 0.06025824964131994
25 0.9038461538461539 0.1793400286944046 0.07918552036199095 0.03156384505021521
28 0.6640271493212669 0.3385939741750359 0.07013574660633484 0.05164992826398852
