33 0.19014084507042253 0.76953125 0.15492957746478872 0.12834821428571427
33 0.7887323943661971 0.76953125 0.15492957746478872 0.12834821428571427
33 0.198943661971831 0.20870535714285715 0.15140845070422534 0.11160714285714286
33 0.7992957746478874 0.20870535714285715 0.15140845070422534 0.11160714285714286
33 0.5017605633802817 0.11049107142857142 0.19014084507042253 0.15401785714285715
33 0.49295774647887325 0.8733258928571429 0.17253521126760563 0.13727678571428573
1 0.2852112676056338 0.5770089285714286 0.07394366197183098 0.049107142857142856
5 0.4498239436619718 0.609375 0.14964788732394366 0.13839285714285715
19 0.6725352112676056 0.6361607142857143 0.04929577464788732 0.03571428571428571
16 0.5123239436619719 0.5770089285714286 0.06690140845070422 0.05580357142857143
32 0.2746478873239437 0.6774553571428571 0.15140845070422534 0.0625
26 0.3204225352112676 0.18638392857142858 0.07042253521126761 0.03125
28 0.7904929577464789 0.6556919642857143 0.02464788732394366 0.016741071428571428
