29 0.19683257918552036 0.7714723926380368 0.167420814479638 0.13190184049079753
29 0.7963800904977375 0.7714723926380368 0.167420814479638 0.13190184049079753
29 0.18665158371040724 0.21088957055214724 0.1244343891402715 0.11503067484662577
29 0.7861990950226244 0.21088957055214724 0.1244343891402715 0.11503067484662577
29 0.501131221719457 0.11503067484662577 0.18778280542986425 0.1687116564417178
29 0.48868778280542985 0.8788343558282209 0.16289592760180996 0.147239263803681
0 0.24547511312217193 0.032208588957055216 0.05656108597285068 0.05828220858895705
7 0.7364253393665159 0.4026073619631902 0.04751131221719457 0.04754601226993865
15 0.35294117647058826 0.455521472392638 0.03167420814479638 0.03067484662576687
24 0.6040723981900452 0.38190184049079756 0.06334841628959276 0.08588957055214724
25 0.06334841628959276 0.1794478527607362 0.03167420814479638 0.03067484662576687
27 0.7952488687782805 0.8297546012269938 0.07013574660633484 0.05521472392638037
25 0.5497737556561086 0.6733128834355828 0.03167420814479638 0.03067484662576687
12 0.916289592760181 0.13650306748466257 0.10407239819004525 0.0705521472392638
28 0.6052036199095022 0.75920245398773 0.08823529411764706 0.06441717791411043
