33 0.18778280542986425 0.7661406025824964 0.1493212669683258 0.12338593974175036
33 0.7873303167420814 0.7661406025824964 0.1493212669683258 0.12338593974175036
33 0.19796380090497737 0.20588235294117646 0.14705882352941177 0.10760401721664276
33 0.7975113122171946 0.20588235294117646 0.14705882352941177 0.10760401721664276
33 0.498868778280543 0.10760401721664276 0.1832579185520362 0.1492109038737446
33 0.49095022624434387 0.8708751793400287 0.167420814479638 0.13199426111908177
11 0.6561085972850679 0.6233859397417504 0.12669683257918551 0.13629842180774748
23 0.6572398190045249 0.4139167862266858 0.1334841628959276 0.09612625538020086
24 0.6900452488687783 0.6054519368723099 0.12217194570135746 0.08895265423242468
3 0.6866515837104072 0.524390243902439 0.05203619909502263 0.07890961262553801
18 0.08710407239819004 0.4598278335724534 0.10180995475113122 0.05595408895265423
29 0.3088235294117647 0.16642754662840745 0.083710407239819 0.08321377331420372
