29 0.19683257918552036 0.7714723926380368 0.167420814479638 0.13190184049079753
29 0.7963800904977375 0.7714723926380368 0.167420814479638 0.13190184049079753
29 0.18665158371040724 0.21088957055214724 0.1244343891402715 0.11503067484662577
29 0.7861990950226244 0.21088957055214724 0.1244343891402715 0.11503067484662577
29 0.501131221719457 0.11503067484662577 0.18778280542986425 0.1687116564417178
29 0.48868778280542985 0.8788343558282209 0.16289592760180996 0.147239263803681
20 0.2330316742081448 0.22929447852760737 0.04524886877828054 0.05368098159509203
4 0.6029411764705882 0.1633435582822086 0.11990950226244344 0.09355828220858896
3 0.7613122171945701 0.34202453987730064 0.05203619909502263 0.06134969325153374
5 0.07013574660633484 0.7898773006134969 0.06787330316742081 0.049079754601226995
10 0.3416289592760181 0.37653374233128833 0.12669683257918551 0.14570552147239263
4 0.6312217194570136 0.4808282208588957 0.12217194570135746 0.09969325153374232
11 0.665158371040724 0.4348159509202454 0.13574660633484162 0.07515337423312883
0 0.25904977375565613 0.06288343558282208 0.05656108597285068 0.05828220858895705
27 0.17873303167420815 0.8504601226993865 0.058823529411764705 0.05061349693251534
25 0.49547511312217196 0.6395705521472392 0.03167420814479638 0.03067484662576687
27 0.8088235294117647 0.07668711656441718 0.07013574660633484 0.05521472392638037
12 0.7918552036199095 0.12039877300613497 0.09954751131221719 0.06595092024539877
26 0.22624434389140272 0.6587423312883436 0.13122171945701358 0.09662576687116564
25 0.498868778280543 0.2361963190184049 0.07918552036199095 0.03374233128834356
