28 0.19014084507042253 0.76953125 0.15492957746478872 0.12834821428571427
28 0.7887323943661971 0.76953125 0.15492957746478872 0.12834821428571427
28 0.198943661971831 0.20870535714285715 0.15140845070422534 0.11160714285714286
28 0.7992957746478874 0.20870535714285715 0.15140845070422534 0.11160714285714286
28 0.5017605633802817 0.11049107142857142 0.19014084507042253 0.15401785714285715
28 0.49295774647887325 0.8733258928571429 0.17253521126760563 0.13727678571428573
4 0.8556338028169014 0.640625 0.1443661971830986 0.11830357142857142
14 0.5176056338028169 0.7142857142857143 0.06690140845070422 0.08705357142857142
16 0.16725352112676056 0.6473214285714286 0.07042253521126761 0.05803571428571429
11 0.2746478873239437 0.09263392857142858 0.10211267605633803 0.08928571428571429
7 0.4788732394366197 0.5703125 0.13028169014084506 0.12053571428571429
5 0.20598591549295775 0.48214285714285715 0.13380281690140844 0.08928571428571429
1 0.32922535211267606 0.6104910714285714 0.09507042253521127 0.049107142857142856
3 0.6267605633802817 0.328125 0.07042253521126761 0.05357142857142857
13 0.5669014084507042 0.35825892857142855 0.1056338028169014 0.05580357142857143
21 0.08450704225352113 0.7220982142857143 0.05985915492957746 0.029017857142857144
23 0.8556338028169014 0.9168526785714286 0.02464788732394366 0.016741071428571428
20 0.30721830985915494 0.8459821428571429 0.09683098591549295 0.017857142857142856
25 0.09507042253521127 0.4575892857142857 0.11619718309859155 0.07589285714285714
