33 0.18778280542986425 0.7661406025824964 0.1493212669683258 0.12338593974175036
33 0.7873303167420814 0.7661406025824964 0.1493212669683258 0.12338593974175036
33 0.19796380090497737 0.20588235294117646 0.14705882352941177 0.10760401721664276
33 0.7975113122171946 0.20588235294117646 0.14705882352941177 0.10760401721664276
33 0.498868778280543 0.10760401721664276 0.1832579185520362 0.1492109038737446
33 0.49095022624434387 0.8708751793400287 0.167420814479638 0.13199426111908177
19 0.4457013574660634 0.45408895265423244 0.10407239819004525 0.08177905308464849
17 0.5 0.26901004304160686 0.08144796380090498 0.05308464849354376
12 0.16968325791855204 0.5164992826398852 0.09502262443438914 0.07173601147776183
14 0.18665158371040724 0.4913916786226686 0.09728506787330317 0.06743185078909612
8 0.8359728506787331 0.6061692969870875 0.04751131221719457 0.04447632711621234
23 0.11538461538461539 0.4935437589670014 0.1493212669683258 0.08321377331420372
2 0.6923076923076923 0.6269727403156384 0.07692307692307693 0.08895265423242468
15 0.6764705882352942 0.6140602582496413 0.08144796380090498 0.05738880918220947
9 0.3778280542986425 0.4971305595408895 0.167420814479638 0.11047345767575323
4 0.31108597285067874 0.08464849354375897 0.11085972850678733 0.08321377331420372
18 0.8789592760180995 0.639167862266858 0.10180995475113122 0.05595408895265423
11 0.5588235294117647 0.4684361549497848 0.12669683257918551 0.13629842180774748
16 0.5452488687782805 0.6248206599713056 0.049773755656108594 0.04160688665710186
22 0.4683257918552036 0.5279770444763271 0.13122171945701358 0.12338593974175036
20 0.4841628959276018 0.4928263988522238 0.04524886877828054 0.05021520803443329
6 0.9638009049773756 0.48278335724533716 0.04524886877828054 0.035868005738880916
5 0.5135746606334841 0.7661406025824964 0.06787330316742081 0.04591104734576758
12 0.6493212669683258 0.3134863701578192 0.06787330316742081 0.07317073170731707
3 0.05090497737556561 0.24892395982783358 0.06561085972850679 0.05308464849354376
13 0.9242081447963801 0.5523672883787661 0.083710407239819 0.06312769010043041
