29 0.19683257918552036 0.7714723926380368 0.167420814479638 0.13190184049079753
29 0.7963800904977375 0.7714723926380368 0.167420814479638 0.13190184049079753
29 0.18665158371040724 0.21088957055214724 0.1244343891402715 0.11503067484662577
29 0.7861990950226244 0.21088957055214724 0.1244343891402715 0.11503067484662577
29 0.501131221719457 0.11503067484662577 0.18778280542986425 0.1687116564417178
29 0.48868778280542985 0.8788343558282209 0.16289592760180996 0.147239263803681
6 0.3914027149321267 0.24386503067484663 0.167420814479638 0.09815950920245399
3 0.11425339366515837 0.3052147239263804 0.05203619909502263 0.06134969325153374
4 0.4479638009049774 0.5866564417177914 0.12217194570135746 0.09969325153374232
14 0.665158371040724 0.419478527607362 0.09502262443438914 0.06901840490797546
12 0.746606334841629 0.8611963190184049 0.09954751131221719 0.06595092024539877
