33 0.19014084507042253 0.76953125 0.15492957746478872 0.12834821428571427
33 0.7887323943661971 0.76953125 0.15492957746478872 0.12834821428571427
33 0.198943661971831 0.20870535714285715 0.15140845070422534 0.11160714285714286
33 0.7992957746478874 0.20870535714285715 0.15140845070422534 0.11160714285714286
33 0.5017605633802817 0.11049107142857142 0.19014084507042253 0.15401785714285715
33 0.49295774647887325 0.8733258928571429 0.17253521126760563 0.13727678571428573
18 0.051056338028169015 0.4877232142857143 0.07394366197183098 0.09821428571428571
10 0.42077464788732394 0.5625 0.06338028169014084 0.044642857142857144
12 0.22535211267605634 0.6127232142857143 0.1795774647887324 0.10714285714285714
32 0.1954225352112676 0.23995535714285715 0.13028169014084506 0.0625
30 0.6778169014084507 0.6696428571428571 0.16901408450704225 0.07366071428571429
