33 0.19014084507042253 0.76953125 0.15492957746478872 0.12834821428571427
33 0.7887323943661971 0.76953125 0.15492957746478872 0.12834821428571427
33 0.198943661971831 0.20870535714285715 0.15140845070422534 0.11160714285714286
33 0.7992957746478874 0.20870535714285715 0.15140845070422534 0.11160714285714286
33 0.5017605633802817 0.11049107142857142 0.19014084507042253 0.15401785714285715
33 0.49295774647887325 0.8733258928571429 0.17253521126760563 0.13727678571428573
22 0.6267605633802817 0.5446428571428571 0.12323943661971831 0.09598214285714286
23 0.9119718309859155 0.5658482142857143 0.1267605633802817 0.07589285714285714
15 0.29313380281690143 0.05133928571428571 0.0897887323943662 0.078125
11 0.2605633802816901 0.4921875 0.13732394366197184 0.09598214285714286
9 0.6461267605633803 0.5558035714285714 0.16549295774647887 0.11160714285714286
26 0.5387323943661971 0.5379464285714286 0.05985915492957746 0.03571428571428571
29 0.15845070422535212 0.5457589285714286 0.15845070422535212 0.09598214285714286
28 0.07922535211267606 0.87890625 0.02464788732394366 0.016741071428571428
25 0.8107394366197183 0.7684151785714286 0.051056338028169015 0.018973214285714284
