29 0.19683257918552036 0.7714723926380368 0.167420814479638 0.13190184049079753
29 0.7963800904977375 0.7714723926380368 0.167420814479638 0.13190184049079753
29 0.18665158371040724 0.21088957055214724 0.1244343891402715 0.11503067484662577
29 0.7861990950226244 0.21088957055214724 0.1244343891402715 0.11503067484662577
29 0.501131221719457 0.11503067484662577 0.18778280542986425 0.1687116564417178
29 0.48868778280542985 0.8788343558282209 0.16289592760180996 0.147239263803681
2 0.43891402714932126 0.42024539877300615 0.07692307692307693 0.0950920245398773
0 0.6459276018099548 0.6687116564417178 0.06108597285067873 0.05214723926380368
22 0.07692307692307693 0.26763803680981596 0.04524886877828054 0.03834355828220859
15 0.7296380090497737 0.504601226993865 0.05656108597285068 0.049079754601226995
25 0.2319004524886878 0.8826687116564417 0.0746606334841629 0.029141104294478526
25 0.3020361990950226 0.7921779141104295 0.0746606334841629 0.029141104294478526
28 0.6617647058823529 0.6679447852760736 0.10180995475113122 0.05368098159509203
25 0.5961538461538461 0.2883435582822086 0.07918552036199095 0.03374233128834356
25 0.47058823529411764 0.7607361963190185 0.03167420814479638 0.03067484662576687
