33 0.18778280542986425 0.7661406025824964 0.1493212669683258 0.12338593974175036
33 0.7873303167420814 0.7661406025824964 0.1493212669683258 0.12338593974175036
33 0.19796380090497737 0.20588235294117646 0.14705882352941177 0.10760401721664276
33 0.7975113122171946 0.20588235294117646 0.14705882352941177 0.10760401721664276
33 0.498868778280543 0.10760401721664276 0.1832579185520362 0.1492109038737446
33 0.49095022624434387 0.8708751793400287 0.167420814479638 0.13199426111908177
6 0.579185520361991 0.21736011477761835 0.04524886877828054 0.035868005738880916
19 0.2647058823529412 0.6119081779053085 0.10407239819004525 0.08464849354375897
11 0.5248868778280543 0.5143472022955524 0.12669683257918551 0.13629842180774748
12 0.04751131221719457 0.36441893830703015 0.09502262443438914 0.07173601147776183
9 0.19457013574660634 0.4813486370157819 0.167420814479638 0.11047345767575323
4 0.9309954751131222 0.5064562410329986 0.11085972850678733 0.08321377331420372
15 0.6719457013574661 0.34576757532281205 0.05429864253393665 0.08608321377331421
17 0.9049773755656109 0.609038737446198 0.08144796380090498 0.05595408895265423
3 0.7420814479638009 0.46915351506456243 0.058823529411764705 0.05738880918220947
11 0.8371040723981901 0.6305595408895266 0.12669683257918551 0.13629842180774748
24 0.8755656108597285 0.47058823529411764 0.12217194570135746 0.08895265423242468
7 0.5633484162895928 0.5423242467718795 0.167420814479638 0.09182209469153516
20 0.6029411764705882 0.5236728837876614 0.05203619909502263 0.05738880918220947
23 0.505656108597285 0.4347202295552367 0.1425339366515837 0.0746054519368723
10 0.5079185520361991 0.5114777618364419 0.07918552036199095 0.06743185078909612
1 0.5 0.6233859397417504 0.08144796380090498 0.05308464849354376
6 0.8868778280542986 0.5229555236728838 0.04524886877828054 0.035868005738880916
9 0.6210407239819005 0.3586800573888092 0.16968325791855204 0.11190817790530846
16 0.5463800904977375 0.6104734576757532 0.038461538461538464 0.027259684361549498
0 0.8563348416289592 0.6097560975609756 0.07013574660633484 0.04591104734576758
21 0.04638009049773756 0.669296987087518 0.04751131221719457 0.05021520803443329
5 0.6108597285067874 0.27259684361549497 0.06787330316742081 0.04591104734576758
14 0.2341628959276018 0.5616929698708751 0.09728506787330317 0.06743185078909612
8 0.2658371040723982 0.4583931133428981 0.04751131221719457 0.04447632711621234
4 0.6843891402714932 0.4928263988522238 0.11990950226244344 0.09038737446197992
19 0.5294117647058824 0.3637015781922525 0.10407239819004525 0.08177905308464849
17 0.5203619909502263 0.2417503586800574 0.08144796380090498 0.05308464849354376
15 0.6493212669683258 0.6657101865136298 0.06334841628959276 0.08034433285509325
22 0.28054298642533937 0.5279770444763271 0.13122171945701358 0.12338593974175036
18 0.6459276018099548 0.5444763271162123 0.083710407239819 0.05308464849354376
13 0.4819004524886878 0.7546628407460545 0.06787330316742081 0.04591104734576758
12 0.33710407239819007 0.03945480631276901 0.13574660633484162 0.0703012912482066
3 0.06221719457013575 0.9218077474892395 0.05203619909502263 0.05021520803443329
2 0.20475113122171945 0.04160688665710186 0.0746606334841629 0.08321377331420372
31 0.25904977375565613 0.10688665710186514 0.1244343891402715 0.021520803443328552
25 0.669683257918552 0.5150645624103299 0.03167420814479638 0.028694404591104734
25 0.48981900452488686 0.48923959827833574 0.07918552036199095 0.03156384505021521
32 0.13122171945701358 0.4397417503586801 0.03167420814479638 0.021520803443328552
30 0.43778280542986425 0.281922525107604 0.06561085972850679 0.024390243902439025
28 0.505656108597285 0.16140602582496413 0.06108597285067873 0.05021520803443329
29 0.9298642533936652 0.3479196556671449 0.1085972850678733 0.07604017216642754
27 0.08144796380090498 0.5652797704447633 0.10407239819004525 0.06599713055954089
26 0.08484162895927602 0.40387374461979914 0.1425339366515837 0.06743185078909612
31 0.6029411764705882 0.7180774748923959 0.1244343891402715 0.021520803443328552
27 0.834841628959276 0.8852223816355811 0.10407239819004525 0.06599713055954089
25 0.6402714932126696 0.45552367288378764 0.08597285067873303 0.04160688665710186
28 0.06447963800904978 0.6248206599713056 0.06108597285067873 0.05021520803443329
30 0.8834841628959276 0.15208034433285508 0.1244343891402715 0.02295552367288379
29 0.6459276018099548 0.6183644189383071 0.08823529411764706 0.06025824964131994
31 0.17307692307692307 0.14992826398852224 0.1244343891402715 0.021520803443328552
26 0.27828054298642535 0.09971305595408896 0.13122171945701358 0.09038737446197992
32 0.27601809954751133 0.20444763271162122 0.03167420814479638 0.021520803443328552
31 0.7703619909502263 0.8859397417503587 0.1244343891402715 0.021520803443328552
29 0.07352941176470588 0.7890961262553802 0.08823529411764706 0.06025824964131994
30 0.08484162895927602 0.8859397417503587 0.06561085972850679 0.024390243902439025
