33 0.18778280542986425 0.7661406025824964 0.1493212669683258 0.12338593974175036
33 0.7873303167420814 0.7661406025824964 0.1493212669683258 0.12338593974175036
33 0.19796380090497737 0.20588235294117646 0.14705882352941177 0.10760401721664276
33 0.7975113122171946 0.20588235294117646 0.14705882352941177 0.10760401721664276
33 0.498868778280543 0.10760401721664276 0.1832579185520362 0.1492109038737446
33 0.49095022624434387 0.8708751793400287 0.167420814479638 0.13199426111908177
15 0.7828054298642534 0.5932568149210904 0.05429864253393665 0.06743185078909612
19 0.06334841628959276 0.23888091822094693 0.10407239819004525 0.08177905308464849
23 0.4920814479638009 0.5982783357245337 0.1425339366515837 0.0746054519368723
9 0.36538461538461536 0.6513629842180775 0.16968325791855204 0.11190817790530846
14 0.08823529411764706 0.7022955523672884 0.09502262443438914 0.06456241032998565
20 0.6312217194570136 0.5043041606886657 0.07692307692307693 0.05021520803443329
12 0.19457013574660634 0.06025824964131994 0.09502262443438914 0.07173601147776183
16 0.0757918552036199 0.503586800573888 0.05656108597285068 0.04591104734576758
21 0.19457013574660634 0.6470588235294118 0.058823529411764705 0.05164992826398852
5 0.7205882352941176 0.5136298421807748 0.0746606334841629 0.03443328550932568
20 0.9581447963800905 0.6585365853658537 0.05203619909502263 0.05738880918220947
24 0.3506787330316742 0.6685796269727403 0.12217194570135746 0.08895265423242468
10 0.1425339366515837 0.06169296987087518 0.11312217194570136 0.06886657101865136
14 0.7432126696832579 0.47560975609756095 0.09728506787330317 0.06743185078909612
9 0.10180995475113122 0.49856527977044474 0.167420814479638 0.11047345767575323
23 0.7341628959276018 0.5043041606886657 0.1334841628959276 0.09612625538020086
12 0.8054298642533937 0.5387374461979914 0.08144796380090498 0.09899569583931134
28 0.40497737556561086 0.48565279770444764 0.058823529411764705 0.047345767575322814
32 0.9140271493212669 0.6979913916786227 0.03167420814479638 0.021520803443328552
30 0.75 0.040172166427546625 0.1244343891402715 0.02295552367288379
27 0.755656108597285 0.24820659971305595 0.10407239819004525 0.06599713055954089
25 0.40497737556561086 0.9641319942611191 0.03167420814479638 0.028694404591104734
29 0.7929864253393665 0.7525107604017217 0.10180995475113122 0.05021520803443329
27 0.8144796380090498 0.5444763271162123 0.10407239819004525 0.06743185078909612
28 0.6934389140271493 0.5975609756097561 0.06108597285067873 0.05021520803443329
25 0.5904977375565611 0.11979913916786226 0.08597285067873303 0.04160688665710186
29 0.5690045248868778 0.24390243902439024 0.083710407239819 0.08321377331420372
31 0.2251131221719457 0.9182209469153515 0.06561085972850679 0.02295552367288379
26 0.7386877828054299 0.4081779053084649 0.1425339366515837 0.06743185078909612
30 0.8359728506787331 0.2223816355810617 0.1244343891402715 0.02295552367288379
32 0.27149321266968324 0.2187948350071736 0.03167420814479638 0.021520803443328552
30 0.7658371040723982 0.06097560975609756 0.06561085972850679 0.024390243902439025
29 0.29524886877828055 0.3931133428981349 0.08823529411764706 0.06025824964131994
31 0.5260180995475113 0.4598278335724534 0.1244343891402715 0.021520803443328552
27 0.26244343891402716 0.7618364418938307 0.10407239819004525 0.06599713055954089
28 0.6266968325791855 0.2804878048780488 0.058823529411764705 0.047345767575322814
25 0.5588235294117647 0.48493543758967 0.03167420814479638 0.028694404591104734
32 0.581447963800905 0.6606886657101865 0.03167420814479638 0.021520803443328552
26 0.8540723981900452 0.366571018651363 0.1425339366515837 0.06743185078909612
