33 0.18778280542986425 0.7661406025824964 0.1493212669683258 0.12338593974175036
33 0.7873303167420814 0.7661406025824964 0.1493212669683258 0.12338593974175036
33 0.19796380090497737 0.20588235294117646 0.14705882352941177 0.10760401721664276
33 0.7975113122171946 0.20588235294117646 0.14705882352941177 0.10760401721664276
33 0.498868778280543 0.10760401721664276 0.1832579185520362 0.1492109038737446
33 0.49095022624434387 0.8708751793400287 0.167420814479638 0.13199426111908177
12 0.11764705882352941 0.10114777618364419 0.06787330316742081 0.07317073170731707
19 0.5882352941176471 0.6492109038737446 0.10407239819004525 0.08464849354375897
2 0.6131221719457014 0.4261119081779053 0.07692307692307693 0.08895265423242468
14 0.45475113122171945 0.6420373027259685 0.09502262443438914 0.06456241032998565
25 0.3552036199095023 0.5652797704447633 0.03167420814479638 0.028694404591104734
27 0.2986425339366516 0.4763271162123386 0.10407239819004525 0.06599713055954089
31 0.6029411764705882 0.8457675753228121 0.1244343891402715 0.021520803443328552
