28 0.19014084507042253 0.76953125 0.15492957746478872 0.12834821428571427
28 0.7887323943661971 0.76953125 0.15492957746478872 0.12834821428571427
28 0.198943661971831 0.20870535714285715 0.15140845070422534 0.11160714285714286
28 0.7992957746478874 0.20870535714285715 0.15140845070422534 0.11160714285714286
28 0.5017605633802817 0.11049107142857142 0.19014084507042253 0.15401785714285715
28 0.49295774647887325 0.8733258928571429 0.17253521126760563 0.13727678571428573
10 0.16901408450704225 0.09933035714285714 0.16549295774647887 0.10044642857142858
14 0.8890845070422535 0.5345982142857143 0.10211267605633803 0.06696428571428571
17 0.7640845070422535 0.6238839285714286 0.07746478873239436 0.0625
15 0.2007042253521127 0.6953125 0.05985915492957746 0.03794642857142857
8 0.5211267605633803 0.7120535714285714 0.07394366197183098 0.05357142857142857
24 0.11091549295774648 0.47879464285714285 0.15845070422535212 0.09598214285714286
