29 0.19683257918552036 0.7714723926380368 0.167420814479638 0.13190184049079753
29 0.7963800904977375 0.7714723926380368 0.167420814479638 0.13190184049079753
29 0.18665158371040724 0.21088957055214724 0.1244343891402715 0.11503067484662577
29 0.7861990950226244 0.21088957055214724 0.1244343891402715 0.11503067484662577
29 0.501131221719457 0.11503067484662577 0.18778280542986425 0.1687116564417178
29 0.48868778280542985 0.8788343558282209 0.16289592760180996 0.147239263803681
16 0.3665158371040724 0.6234662576687117 0.07239819004524888 0.04754601226993865
4 0.25904977375565613 0.5774539877300614 0.11990950226244344 0.09662576687116564
14 0.6742081447963801 0.21855828220858894 0.09502262443438914 0.06901840490797546
0 0.8201357466063348 0.2392638036809816 0.07013574660633484 0.049079754601226995
0 0.167420814479638 0.0843558282208589 0.07692307692307693 0.046012269938650305
5 0.252262443438914 0.04294478527607362 0.0746606334841629 0.03680981595092025
11 0.9106334841628959 0.46549079754601225 0.1334841628959276 0.07515337423312883
15 0.9581447963800905 0.727760736196319 0.04751131221719457 0.03834355828220859
26 0.45248868778280543 0.23236196319018404 0.13122171945701358 0.09662576687116564
12 0.43891402714932126 0.8765337423312883 0.09954751131221719 0.06595092024539877
28 0.5497737556561086 0.2476993865030675 0.1085972850678733 0.08128834355828221
