33 0.18778280542986425 0.7661406025824964 0.1493212669683258 0.12338593974175036
33 0.7873303167420814 0.7661406025824964 0.1493212669683258 0.12338593974175036
33 0.19796380090497737 0.20588235294117646 0.14705882352941177 0.10760401721664276
33 0.7975113122171946 0.20588235294117646 0.14705882352941177 0.10760401721664276
33 0.498868778280543 0.10760401721664276 0.1832579185520362 0.1492109038737446
33 0.49095022624434387 0.8708751793400287 0.167420814479638 0.13199426111908177
3 0.8744343891402715 0.5064562410329986 0.05203619909502263 0.05738880918220947
21 0.25452488687782804 0.6190817790530847 0.07918552036199095 0.047345767575322814
4 0.6447963800904978 0.46413199426111906 0.12217194570135746 0.09325681492109039
5 0.4095022624434389 0.4375896700143472 0.06787330316742081 0.04591104734576758
12 0.4457013574660634 0.6319942611190817 0.13574660633484162 0.0703012912482066
20 0.8676470588235294 0.6771879483500718 0.0746606334841629 0.05738880918220947
19 0.11312217194570136 0.07388809182209469 0.10407239819004525 0.08464849354375897
22 0.5203619909502263 0.43902439024390244 0.13122171945701358 0.12338593974175036
6 0.14479638009049775 0.6434720229555236 0.04524886877828054 0.035868005738880916
1 0.9502262443438914 0.5172166427546628 0.09049773755656108 0.06169296987087518
0 0.915158371040724 0.5724533715925395 0.07013574660633484 0.04591104734576758
11 0.2420814479638009 0.5918220946915351 0.12669683257918551 0.13629842180774748
15 0.2420814479638009 0.03371592539454806 0.09502262443438914 0.05595408895265423
10 0.2816742081447964 0.5071736011477762 0.11085972850678733 0.0703012912482066
9 0.083710407239819 0.4899569583931133 0.167420814479638 0.11047345767575323
12 0.07692307692307693 0.1915351506456241 0.06787330316742081 0.07317073170731707
17 0.24773755656108598 0.06456241032998565 0.07918552036199095 0.04878048780487805
21 0.5384615384615384 0.7216642754662841 0.058823529411764705 0.05164992826398852
6 0.1515837104072398 0.014347202295552367 0.058823529411764705 0.028694404591104734
5 0.4920814479638009 0.3931133428981349 0.0746606334841629 0.03443328550932568
10 0.15723981900452488 0.6764705882352942 0.07918552036199095 0.06743185078909612
14 0.5237556561085973 0.33787661406025826 0.09728506787330317 0.06743185078909612
8 0.9106334841628959 0.6979913916786227 0.04751131221719457 0.04447632711621234
4 0.5644796380090498 0.6779053084648493 0.11990950226244344 0.08751793400286945
16 0.07805429864253394 0.30416068866571017 0.05656108597285068 0.04591104734576758
9 0.916289592760181 0.5975609756097561 0.167420814479638 0.11047345767575323
1 0.2228506787330317 0.5265423242467718 0.05656108597285068 0.05738880918220947
7 0.3665158371040724 0.569583931133429 0.17647058823529413 0.10329985652797705
18 0.6346153846153846 0.6362984218077475 0.083710407239819 0.05308464849354376
11 0.834841628959276 0.6047345767575323 0.12669683257918551 0.13629842180774748
3 0.08257918552036199 0.21233859397417504 0.05203619909502263 0.05738880918220947
13 0.6640271493212669 0.5322812051649928 0.083710407239819 0.06312769010043041
15 0.47285067873303166 0.5272596843615495 0.05429864253393665 0.058823529411764705
0 0.7590497737556561 0.539454806312769 0.05656108597285068 0.054519368723098996
20 0.11199095022624435 0.5351506456241033 0.0746606334841629 0.05738880918220947
32 0.05429864253393665 0.3235294117647059 0.03167420814479638 0.021520803443328552
27 0.6719457013574661 0.5157819225251076 0.09954751131221719 0.06169296987087518
31 0.7635746606334841 0.22166427546628406 0.1244343891402715 0.021520803443328552
25 0.15384615384615385 0.5911047345767575 0.03167420814479638 0.028694404591104734
32 0.918552036199095 0.30631276901004306 0.03167420814479638 0.021520803443328552
26 0.5769230769230769 0.2804878048780488 0.13122171945701358 0.09038737446197992
