33 0.18778280542986425 0.7661406025824964 0.1493212669683258 0.12338593974175036
33 0.7873303167420814 0.7661406025824964 0.1493212669683258 0.12338593974175036
33 0.19796380090497737 0.20588235294117646 0.14705882352941177 0.10760401721664276
33 0.7975113122171946 0.20588235294117646 0.14705882352941177 0.10760401721664276
33 0.498868778280543 0.10760401721664276 0.1832579185520362 0.1492109038737446
33 0.49095022624434387 0.8708751793400287 0.167420814479638 0.13199426111908177
7 0.6221719457013575 0.7317073170731707 0.167420814479638 0.09182209469153516
9 0.497737556561086 0.6965566714490674 0.167420814479638 0.11047345767575323
23 0.6628959276018099 0.5423242467718795 0.1493212669683258 0.08321377331420372
3 0.20927601809954752 0.03443328550932568 0.05203619909502263 0.06025824964131994
21 0.5486425339366516 0.43113342898134865 0.07918552036199095 0.047345767575322814
10 0.40158371040723984 0.5358680057388809 0.07918552036199095 0.06743185078909612
13 0.8404977375565611 0.6499282639885222 0.083710407239819 0.06312769010043041
5 0.6742081447963801 0.4921090387374462 0.06787330316742081 0.04591104734576758
28 0.16855203619909503 0.31563845050215206 0.07013574660633484 0.05164992826398852
32 0.07692307692307693 0.17288378766140602 0.03167420814479638 0.021520803443328552
26 0.19796380090497737 0.06814921090387374 0.1425339366515837 0.06743185078909612
31 0.3721719457013575 0.3034433285509326 0.1244343891402715 0.021520803443328552
27 0.3574660633484163 0.7941176470588235 0.10407239819004525 0.06743185078909612
28 0.06447963800904978 0.6779053084648493 0.06108597285067873 0.05021520803443329
