33 0.18778280542986425 0.7661406025824964 0.1493212669683258 0.12338593974175036
33 0.7873303167420814 0.7661406025824964 0.1493212669683258 0.12338593974175036
33 0.19796380090497737 0.20588235294117646 0.14705882352941177 0.10760401721664276
33 0.7975113122171946 0.20588235294117646 0.14705882352941177 0.10760401721664276
33 0.498868778280543 0.10760401721664276 0.1832579185520362 0.1492109038737446
33 0.49095022624434387 0.8708751793400287 0.167420814479638 0.13199426111908177
21 0.33144796380090497 0.6492109038737446 0.07918552036199095 0.047345767575322814
20 0.053167420814479636 0.533715925394548 0.0746606334841629 0.05738880918220947
17 0.23076923076923078 0.6621233859397417 0.06787330316742081 0.047345767575322814
14 0.3031674208144796 0.040889526542324243 0.09502262443438914 0.06456241032998565
15 0.41855203619909503 0.5903873744619799 0.05429864253393665 0.058823529411764705
27 0.8280542986425339 0.7338593974175036 0.10407239819004525 0.06743185078909612
30 0.917420814479638 0.01721664275466284 0.1244343891402715 0.02295552367288379
26 0.35294117647058826 0.6893830703012912 0.13122171945701358 0.09038737446197992
