28 0.19014084507042253 0.76953125 0.15492957746478872 0.12834821428571427
28 0.7887323943661971 0.76953125 0.15492957746478872 0.12834821428571427
28 0.198943661971831 0.20870535714285715 0.15140845070422534 0.11160714285714286
28 0.7992957746478874 0.20870535714285715 0.15140845070422534 0.11160714285714286
28 0.5017605633802817 0.11049107142857142 0.19014084507042253 0.15401785714285715
28 0.49295774647887325 0.8733258928571429 0.17253521126760563 0.13727678571428573
12 0.20950704225352113 0.4760044642857143 0.07746478873239436 0.06138392857142857
4 0.5404929577464789 0.34933035714285715 0.1443661971830986 0.11830357142857142
11 0.7640845070422535 0.671875 0.11971830985915492 0.08035714285714286
13 0.5801056338028169 0.7505580357142857 0.058098591549295774 0.052455357142857144
17 0.06866197183098592 0.8002232142857143 0.1056338028169014 0.060267857142857144
6 0.07746478873239436 0.8169642857142857 0.08450704225352113 0.05133928571428571
14 0.03873239436619718 0.8325892857142857 0.07042253521126761 0.07142857142857142
5 0.5123239436619719 0.4095982142857143 0.13028169014084506 0.09375
16 0.14612676056338028 0.0625 0.07394366197183098 0.05133928571428571
22 0.7209507042253521 0.015625 0.051056338028169015 0.017857142857142856
