33 0.18778280542986425 0.7661406025824964 0.1493212669683258 0.12338593974175036
33 0.7873303167420814 0.7661406025824964 0.1493212669683258 0.12338593974175036
33 0.19796380090497737 0.20588235294117646 0.14705882352941177 0.10760401721664276
33 0.7975113122171946 0.20588235294117646 0.14705882352941177 0.10760401721664276
33 0.498868778280543 0.10760401721664276 0.1832579185520362 0.1492109038737446
33 0.49095022624434387 0.8708751793400287 0.167420814479638 0.13199426111908177
3 0.666289592760181 0.43185078909612623 0.05203619909502263 0.06025824964131994
22 0.5678733031674208 0.6269727403156384 0.13122171945701358 0.12338593974175036
14 0.251131221719457 0.5616929698708751 0.09502262443438914 0.06456241032998565
15 0.251131221719457 0.6865136298421808 0.05429864253393665 0.06743185078909612
13 0.09728506787330317 0.4218077474892396 0.06787330316742081 0.04591104734576758
11 0.42081447963800905 0.48278335724533716 0.12669683257918551 0.13629842180774748
16 0.5339366515837104 0.2381635581061693 0.04072398190045249 0.028694404591104734
18 0.8472850678733032 0.524390243902439 0.10180995475113122 0.05595408895265423
3 0.03733031674208145 0.281922525107604 0.05203619909502263 0.05021520803443329
8 0.4513574660633484 0.2632711621233859 0.04751131221719457 0.04447632711621234
22 0.18099547511312217 0.6054519368723099 0.13122171945701358 0.12338593974175036
6 0.916289592760181 0.5021520803443329 0.058823529411764705 0.028694404591104734
19 0.3665158371040724 0.4899569583931133 0.10407239819004525 0.08464849354375897
4 0.5395927601809954 0.336441893830703 0.11990950226244344 0.08751793400286945
24 0.5972850678733032 0.6599713055954088 0.12217194570135746 0.08895265423242468
14 0.3065610859728507 0.5444763271162123 0.09728506787330317 0.06743185078909612
7 0.38235294117647056 0.5265423242467718 0.13574660633484162 0.0975609756097561
13 0.32805429864253394 0.10186513629842181 0.09502262443438914 0.04591104734576758
10 0.6074660633484162 0.4340028694404591 0.07918552036199095 0.06743185078909612
2 0.5316742081447964 0.2984218077474892 0.07692307692307693 0.08895265423242468
20 0.05542986425339366 0.3098995695839311 0.0746606334841629 0.05738880918220947
12 0.8371040723981901 0.5975609756097561 0.13574660633484162 0.0703012912482066
17 0.6583710407239819 0.28622668579626975 0.06787330316742081 0.047345767575322814
1 0.47171945701357465 0.4971305595408895 0.08823529411764706 0.05308464849354376
0 0.13122171945701358 0.5351506456241033 0.07692307692307693 0.043041606886657105
30 0.2839366515837104 0.6642754662840746 0.1244343891402715 0.02295552367288379
31 0.5916289592760181 0.38450502152080346 0.06561085972850679 0.02295552367288379
25 0.7171945701357466 0.3098995695839311 0.03167420814479638 0.028694404591104734
29 0.7092760180995475 0.19655667144906744 0.083710407239819 0.08321377331420372
26 0.4230769230769231 0.30631276901004306 0.13122171945701358 0.09038737446197992
32 0.6312217194570136 0.8959827833572453 0.03167420814479638 0.021520803443328552
27 0.8076923076923077 0.7812051649928264 0.10407239819004525 0.06743185078909612
31 0.057692307692307696 0.266857962697274 0.06561085972850679 0.02295552367288379
25 0.5135746606334841 0.37589670014347204 0.03167420814479638 0.028694404591104734
28 0.6414027149321267 0.6829268292682927 0.07013574660633484 0.05164992826398852
27 0.43665158371040724 0.17288378766140602 0.09954751131221719 0.06169296987087518
26 0.1346153846153846 0.7625538020086083 0.1425339366515837 0.06743185078909612
