29 0.19683257918552036 0.7714723926380368 0.167420814479638 0.13190184049079753
29 0.7963800904977375 0.7714723926380368 0.167420814479638 0.13190184049079753
29 0.18665158371040724 0.21088957055214724 0.1244343891402715 0.11503067484662577
29 0.7861990950226244 0.21088957055214724 0.1244343891402715 0.11503067484662577
29 0.501131221719457 0.11503067484662577 0.18778280542986425 0.1687116564417178
29 0.48868778280542985 0.8788343558282209 0.16289592760180996 0.147239263803681
0 0.7047511312217195 0.799079754601227 0.05656108597285068 0.05828220858895705
0 0.6719457013574661 0.7323619631901841 0.058823529411764705 0.05674846625766871
2 0.4004524886877828 0.25306748466257667 0.07692307692307693 0.0950920245398773
16 0.6334841628959276 0.21625766871165644 0.08597285067873303 0.049079754601226995
11 0.34841628959276016 0.8489263803680982 0.08144796380090498 0.1058282208588957
0 0.5124434389140271 0.4371165644171779 0.05656108597285068 0.05828220858895705
5 0.15384615384615385 0.9708588957055214 0.06787330316742081 0.049079754601226995
16 0.2850678733031674 0.7369631901840491 0.07239819004524888 0.04754601226993865
18 0.7092760180995475 0.47162576687116564 0.09728506787330317 0.06901840490797546
25 0.13914027149321267 0.2607361963190184 0.07918552036199095 0.03374233128834356
27 0.3257918552036199 0.1142638036809816 0.058823529411764705 0.05061349693251534
28 0.48868778280542985 0.8596625766871165 0.1085972850678733 0.08128834355828221
12 0.7873303167420814 0.602760736196319 0.10407239819004525 0.0705521472392638
28 0.2341628959276018 0.8067484662576687 0.08823529411764706 0.06441717791411043
12 0.38235294117647056 0.7047546012269938 0.09954751131221719 0.06595092024539877
27 0.9355203619909502 0.6319018404907976 0.07013574660633484 0.05521472392638037
