29 0.19683257918552036 0.7714723926380368 0.167420814479638 0.13190184049079753
29 0.7963800904977375 0.7714723926380368 0.167420814479638 0.13190184049079753
29 0.18665158371040724 0.21088957055214724 0.1244343891402715 0.11503067484662577
29 0.7861990950226244 0.21088957055214724 0.1244343891402715 0.11503067484662577
29 0.501131221719457 0.11503067484662577 0.18778280542986425 0.1687116564417178
29 0.48868778280542985 0.8788343558282209 0.16289592760180996 0.147239263803681
6 0.1334841628959276 0.8819018404907976 0.167420814479638 0.09815950920245399
6 0.6425339366515838 0.5061349693251533 0.17647058823529413 0.11042944785276074
17 0.5180995475113123 0.35199386503067487 0.06787330316742081 0.05061349693251534
12 0.5384615384615384 0.5736196319018405 0.10407239819004525 0.0705521472392638
25 0.20475113122171945 0.059049079754601226 0.0746606334841629 0.029141104294478526
26 0.31334841628959276 0.8734662576687117 0.1425339366515837 0.07208588957055215
28 0.3246606334841629 0.2523006134969325 0.10180995475113122 0.05368098159509203
25 0.34615384615384615 0.4279141104294479 0.03167420814479638 0.03067484662576687
