28 0.19014084507042253 0.76953125 0.15492957746478872 0.12834821428571427
28 0.7887323943661971 0.76953125 0.15492957746478872 0.12834821428571427
28 0.198943661971831 0.20870535714285715 0.15140845070422534 0.11160714285714286
28 0.7992957746478874 0.20870535714285715 0.15140845070422534 0.11160714285714286
28 0.5017605633802817 0.11049107142857142 0.19014084507042253 0.15401785714285715
28 0.49295774647887325 0.8733258928571429 0.17253521126760563 0.13727678571428573
1 0.6848591549295775 0.6026785714285714 0.09507042253521127 0.05357142857142857
8 0.07922535211267606 0.8113839285714286 0.07746478873239436 0.046875
17 0.4788732394366197 0.7220982142857143 0.1056338028169014 0.0625
18 0.6461267605633803 0.4955357142857143 0.09507042253521127 0.06696428571428571
15 0.07570422535211267 0.43973214285714285 0.04929577464788732 0.03571428571428571
4 0.3653169014084507 0.5401785714285714 0.14964788732394366 0.13616071428571427
26 0.25704225352112675 0.109375 0.07394366197183098 0.04241071428571429
22 0.5924295774647887 0.8125 0.051056338028169015 0.017857142857142856
21 0.15669014084507044 0.6685267857142857 0.04225352112676056 0.03125
27 0.8820422535211268 0.5212053571428571 0.10211267605633803 0.08258928571428571
