29 0.19683257918552036 0.7714723926380368 0.167420814479638 0.13190184049079753
29 0.7963800904977375 0.7714723926380368 0.167420814479638 0.13190184049079753
29 0.18665158371040724 0.21088957055214724 0.1244343891402715 0.11503067484662577
29 0.7861990950226244 0.21088957055214724 0.1244343891402715 0.11503067484662577
29 0.501131221719457 0.11503067484662577 0.18778280542986425 0.1687116564417178
29 0.48868778280542985 0.8788343558282209 0.16289592760180996 0.147239263803681
6 0.8552036199095022 0.3726993865030675 0.167420814479638 0.09815950920245399
10 0.7941176470588235 0.42868098159509205 0.12669683257918551 0.14570552147239263
11 0.6481900452488688 0.2860429447852761 0.1334841628959276 0.07515337423312883
15 0.5927601809954751 0.5023006134969326 0.05429864253393665 0.0352760736196319
16 0.8484162895927602 0.19631901840490798 0.08597285067873303 0.049079754601226995
26 0.8608597285067874 0.6495398773006135 0.1425339366515837 0.07208588957055215
28 0.10520361990950226 0.5138036809815951 0.08823529411764706 0.06441717791411043
28 0.744343891402715 0.7400306748466258 0.1085972850678733 0.08128834355828221
25 0.7183257918552036 0.8473926380368099 0.0746606334841629 0.029141104294478526
12 0.2692307692307692 0.3312883435582822 0.10407239819004525 0.0705521472392638
28 0.4592760180995475 0.9302147239263804 0.1085972850678733 0.08128834355828221
28 0.333710407239819 0.22315950920245398 0.10180995475113122 0.05368098159509203
