33 0.18778280542986425 0.7661406025824964 0.1493212669683258 0.12338593974175036
33 0.7873303167420814 0.7661406025824964 0.1493212669683258 0.12338593974175036
33 0.19796380090497737 0.20588235294117646 0.14705882352941177 0.10760401721664276
33 0.7975113122171946 0.20588235294117646 0.14705882352941177 0.10760401721664276
33 0.498868778280543 0.10760401721664276 0.1832579185520362 0.1492109038737446
33 0.49095022624434387 0.8708751793400287 0.167420814479638 0.13199426111908177
24 0.13574660633484162 0.4734576757532281 0.12217194570135746 0.08895265423242468
22 0.7104072398190046 0.5581061692969871 0.13122171945701358 0.12338593974175036
20 0.9524886877828054 0.6362984218077475 0.04524886877828054 0.05021520803443329
8 0.7183257918552036 0.554519368723099 0.04751131221719457 0.04447632711621234
23 0.5158371040723982 0.5050215208034433 0.1493212669683258 0.08321377331420372
9 0.3755656108597285 0.505738880918221 0.167420814479638 0.11047345767575323
11 0.5158371040723982 0.6592539454806313 0.12669683257918551 0.13629842180774748
15 0.6063348416289592 0.6456241032998565 0.05429864253393665 0.08608321377331421
10 0.580316742081448 0.4784791965566714 0.07918552036199095 0.06743185078909612
16 0.43552036199095023 0.3672883787661406 0.05656108597285068 0.04591104734576758
2 0.505656108597285 0.5107604017216643 0.0746606334841629 0.08321377331420372
21 0.33597285067873306 0.06527977044476327 0.04751131221719457 0.05021520803443329
5 0.7579185520361991 0.47776183644189385 0.06787330316742081 0.04591104734576758
23 0.3235294117647059 0.49067431850789095 0.1493212669683258 0.08321377331420372
6 0.10180995475113122 0.2532281205164993 0.04524886877828054 0.035868005738880916
28 0.8789592760180995 0.16140602582496413 0.06108597285067873 0.05021520803443329
30 0.37895927601809953 0.21592539454806312 0.06561085972850679 0.024390243902439025
29 0.21153846153846154 0.896700143472023 0.083710407239819 0.08321377331420372
25 0.1436651583710407 0.5279770444763271 0.07918552036199095 0.03156384505021521
26 0.75 0.5746054519368723 0.1425339366515837 0.06743185078909612
27 0.5678733031674208 0.21592539454806312 0.09954751131221719 0.06169296987087518
32 0.6018099547511312 0.8127690100430416 0.03167420814479638 0.021520803443328552
31 0.5735294117647058 0.5803443328550932 0.1244343891402715 0.021520803443328552
27 0.5656108597285068 0.8285509325681492 0.10407239819004525 0.06743185078909612
30 0.08484162895927602 0.08608321377331421 0.1244343891402715 0.02295552367288379
29 0.7386877828054299 0.15064562410329985 0.083710407239819 0.08321377331420372
28 0.8269230769230769 0.9053084648493543 0.07013574660633484 0.05164992826398852
26 0.167420814479638 0.22740315638450503 0.13122171945701358 0.09038737446197992
32 0.7737556561085973 0.5588235294117647 0.03167420814479638 0.021520803443328552
31 0.7386877828054299 0.21449067431850788 0.1244343891402715 0.021520803443328552
25 0.9264705882352942 0.4261119081779053 0.07918552036199095 0.03156384505021521
