29 0.19683257918552036 0.7714723926380368 0.167420814479638 0.13190184049079753
29 0.7963800904977375 0.7714723926380368 0.167420814479638 0.13190184049079753
29 0.18665158371040724 0.21088957055214724 0.1244343891402715 0.11503067484662577
29 0.7861990950226244 0.21088957055214724 0.1244343891402715 0.11503067484662577
29 0.501131221719457 0.11503067484662577 0.18778280542986425 0.1687116564417178
29 0.48868778280542985 0.8788343558282209 0.16289592760180996 0.147239263803681
20 0.3755656108597285 0.06365030674846625 0.04524886877828054 0.05368098159509203
15 0.48868778280542985 0.3496932515337423 0.03167420814479638 0.03067484662576687
24 0.7420814479638009 0.12960122699386503 0.09502262443438914 0.0598159509202454
3 0.6391402714932126 0.7001533742331288 0.06561085972850679 0.05674846625766871
5 0.4321266968325792 0.5429447852760736 0.06787330316742081 0.049079754601226995
20 0.919683257918552 0.5950920245398773 0.05203619909502263 0.06134969325153374
27 0.3733031674208145 0.33358895705521474 0.058823529411764705 0.05061349693251534
12 0.17873303167420815 0.39800613496932513 0.09954751131221719 0.06595092024539877
26 0.7409502262443439 0.04677914110429448 0.1425339366515837 0.07208588957055215
25 0.07352941176470588 0.17484662576687116 0.07918552036199095 0.03374233128834356
26 0.666289592760181 0.46702453987730064 0.1425339366515837 0.07208588957055215
27 0.4095022624434389 0.816717791411043 0.058823529411764705 0.05061349693251534
25 0.829185520361991 0.7001533742331288 0.0746606334841629 0.029141104294478526
