33 0.19014084507042253 0.76953125 0.15492957746478872 0.12834821428571427
33 0.7887323943661971 0.76953125 0.15492957746478872 0.12834821428571427
33 0.198943661971831 0.20870535714285715 0.15140845070422534 0.11160714285714286
33 0.7992957746478874 0.20870535714285715 0.15140845070422534 0.11160714285714286
33 0.5017605633802817 0.11049107142857142 0.19014084507042253 0.15401785714285715
33 0.49295774647887325 0.8733258928571429 0.17253521126760563 0.13727678571428573
9 0.8573943661971831 0.65625 0.15492957746478872 0.109375
0 0.0625 0.8683035714285714 0.11091549295774648 0.05803571428571429
15 0.5686619718309859 0.5083705357142857 0.11619718309859155 0.06361607142857142
6 0.3573943661971831 0.6037946428571429 0.1267605633802817 0.08258928571428571
3 0.6373239436619719 0.5680803571428571 0.14084507042253522 0.08035714285714286
13 0.7799295774647887 0.5446428571428571 0.19014084507042253 0.07589285714285714
15 0.4876760563380282 0.32924107142857145 0.1056338028169014 0.06696428571428571
20 0.10035211267605634 0.5658482142857143 0.07394366197183098 0.05803571428571429
5 0.5484154929577465 0.4107142857142857 0.15316901408450703 0.15401785714285715
30 0.14964788732394366 0.4609375 0.10915492957746478 0.08705357142857142
26 0.7834507042253521 0.9196428571428571 0.04225352112676056 0.029017857142857144
