33 0.18778280542986425 0.7661406025824964 0.1493212669683258 0.12338593974175036
33 0.7873303167420814 0.7661406025824964 0.1493212669683258 0.12338593974175036
33 0.19796380090497737 0.20588235294117646 0.14705882352941177 0.10760401721664276
33 0.7975113122171946 0.20588235294117646 0.14705882352941177 0.10760401721664276
33 0.498868778280543 0.10760401721664276 0.1832579185520362 0.1492109038737446
33 0.49095022624434387 0.8708751793400287 0.167420814479638 0.13199426111908177
15 0.45475113122171945 0.4117647058823529 0.05429864253393665 0.08608321377331421
2 0.48755656108597284 0.4017216642754663 0.0746606334841629 0.08321377331420372
12 0.252262443438914 0.5803443328550932 0.1334841628959276 0.0703012912482066
3 0.4468325791855204 0.3464849354375897 0.05203619909502263 0.05021520803443329
32 0.9773755656108597 0.7252510760401721 0.03167420814479638 0.021520803443328552
30 0.6549773755656109 0.7948350071736011 0.1244343891402715 0.02295552367288379
25 0.4468325791855204 0.5588235294117647 0.0746606334841629 0.027259684361549498
