33 0.19014084507042253 0.76953125 0.15492957746478872 0.12834821428571427
33 0.7887323943661971 0.76953125 0.15492957746478872 0.12834821428571427
33 0.198943661971831 0.20870535714285715 0.15140845070422534 0.11160714285714286
33 0.7992957746478874 0.20870535714285715 0.15140845070422534 0.11160714285714286
33 0.5017605633802817 0.11049107142857142 0.19014084507042253 0.15401785714285715
33 0.49295774647887325 0.8733258928571429 0.17253521126760563 0.13727678571428573
15 0.34330985915492956 0.08872767857142858 0.10211267605633803 0.09263392857142858
23 0.448943661971831 0.7142857142857143 0.08450704225352113 0.060267857142857144
1 0.1073943661971831 0.4497767857142857 0.07394366197183098 0.049107142857142856
19 0.4612676056338028 0.6529017857142857 0.0528169014084507 0.04017857142857143
2 0.9295774647887324 0.6183035714285714 0.09859154929577464 0.05357142857142857
14 0.6355633802816901 0.28125 0.13732394366197184 0.14285714285714285
12 0.11091549295774648 0.6506696428571429 0.1795774647887324 0.10714285714285714
10 0.32922535211267606 0.5424107142857143 0.05985915492957746 0.049107142857142856
25 0.19102112676056338 0.4642857142857143 0.09683098591549295 0.017857142857142856
26 0.7482394366197183 0.9441964285714286 0.09154929577464789 0.024553571428571428
29 0.44190140845070425 0.59375 0.15845070422535212 0.09598214285714286
32 0.13204225352112675 0.6573660714285714 0.13028169014084506 0.07142857142857142
