33 0.18778280542986425 0.7661406025824964 0.1493212669683258 0.12338593974175036
33 0.7873303167420814 0.7661406025824964 0.1493212669683258 0.12338593974175036
33 0.19796380090497737 0.20588235294117646 0.14705882352941177 0.10760401721664276
33 0.7975113122171946 0.20588235294117646 0.14705882352941177 0.10760401721664276
33 0.498868778280543 0.10760401721664276 0.1832579185520362 0.1492109038737446
33 0.49095022624434387 0.8708751793400287 0.167420814479638 0.13199426111908177
13 0.22963800904977374 0.5839311334289814 0.083710407239819 0.06312769010043041
5 0.7126696832579186 0.5839311334289814 0.06787330316742081 0.04591104734576758
10 0.4434389140271493 0.5968436154949784 0.11312217194570136 0.06886657101865136
20 0.029411764705882353 0.6707317073170732 0.04524886877828054 0.05021520803443329
23 0.16176470588235295 0.5466284074605452 0.1425339366515837 0.0746054519368723
1 0.09276018099547512 0.06958393113342898 0.09954751131221719 0.047345767575322814
7 0.48642533936651583 0.6284074605451937 0.13574660633484162 0.0975609756097561
14 0.7432126696832579 0.5616929698708751 0.09728506787330317 0.06743185078909612
12 0.2828054298642534 0.46413199426111906 0.06787330316742081 0.07317073170731707
4 0.5441176470588235 0.30559540889526543 0.11085972850678733 0.08321377331420372
3 0.11538461538461539 0.5839311334289814 0.058823529411764705 0.05738880918220947
17 0.5542986425339367 0.7553802008608321 0.06787330316742081 0.047345767575322814
16 0.1085972850678733 0.40746054519368724 0.04072398190045249 0.028694404591104734
24 0.4841628959276018 0.3931133428981349 0.12217194570135746 0.08895265423242468
0 0.20135746606334842 0.5494978479196556 0.07692307692307693 0.043041606886657105
19 0.9253393665158371 0.554519368723099 0.10407239819004525 0.08464849354375897
9 0.6255656108597285 0.6413199426111909 0.16968325791855204 0.11190817790530846
6 0.8868778280542986 0.5681492109038737 0.058823529411764705 0.028694404591104734
18 0.9513574660633484 0.5286944045911047 0.083710407239819 0.05308464849354376
3 0.6866515837104072 0.3357245337159254 0.05203619909502263 0.05738880918220947
19 0.583710407239819 0.5229555236728838 0.10407239819004525 0.08177905308464849
6 0.5859728506787331 0.6929698708751794 0.058823529411764705 0.028694404591104734
23 0.8914027149321267 0.5222381635581061 0.1493212669683258 0.08321377331420372
0 0.746606334841629 0.4935437589670014 0.07692307692307693 0.043041606886657105
5 0.8857466063348416 0.6183644189383071 0.0746606334841629 0.03443328550932568
20 0.31221719457013575 0.5932568149210904 0.04524886877828054 0.05021520803443329
16 0.5701357466063348 0.5681492109038737 0.03167420814479638 0.028694404591104734
30 0.08710407239819004 0.9505021520803444 0.06561085972850679 0.024390243902439025
28 0.20135746606334842 0.30918220946915353 0.058823529411764705 0.047345767575322814
