33 0.18778280542986425 0.7661406025824964 0.1493212669683258 0.12338593974175036
33 0.7873303167420814 0.7661406025824964 0.1493212669683258 0.12338593974175036
33 0.19796380090497737 0.20588235294117646 0.14705882352941177 0.10760401721664276
33 0.7975113122171946 0.20588235294117646 0.14705882352941177 0.10760401721664276
33 0.498868778280543 0.10760401721664276 0.1832579185520362 0.1492109038737446
33 0.49095022624434387 0.8708751793400287 0.167420814479638 0.13199426111908177
15 0.09954751131221719 0.1714490674318508 0.05429864253393665 0.058823529411764705
11 0.8484162895927602 0.5086083213773315 0.12669683257918551 0.13629842180774748
6 0.5950226244343891 0.56025824964132 0.04524886877828054 0.035868005738880916
28 0.1334841628959276 0.21736011477761835 0.058823529411764705 0.047345767575322814
30 0.03506787330316742 0.9160688665710186 0.06561085972850679 0.024390243902439025
32 0.6312217194570136 0.10401721664275466 0.03167420814479638 0.021520803443328552
31 0.8472850678733032 0.796987087517934 0.1244343891402715 0.021520803443328552
