33 0.18778280542986425 0.7661406025824964 0.1493212669683258 0.12338593974175036
33 0.7873303167420814 0.7661406025824964 0.1493212669683258 0.12338593974175036
33 0.19796380090497737 0.20588235294117646 0.14705882352941177 0.10760401721664276
33 0.7975113122171946 0.20588235294117646 0.14705882352941177 0.10760401721664276
33 0.498868778280543 0.10760401721664276 0.1832579185520362 0.1492109038737446
33 0.49095022624434387 0.8708751793400287 0.167420814479638 0.13199426111908177
17 0.7760180995475113 0.4770444763271162 0.07239819004524888 0.04447632711621234
22 0.6176470588235294 0.2812051649928264 0.13122171945701358 0.12338593974175036
30 0.29524886877828055 0.38235294117647056 0.06561085972850679 0.024390243902439025
26 0.5916289592760181 0.366571018651363 0.1425339366515837 0.06743185078909612
29 0.9468325791855203 0.776183644189383 0.083710407239819 0.08321377331420372
