33 0.18778280542986425 0.7661406025824964 0.1493212669683258 0.12338593974175036
33 0.7873303167420814 0.7661406025824964 0.1493212669683258 0.12338593974175036
33 0.19796380090497737 0.20588235294117646 0.14705882352941177 0.10760401721664276
33 0.7975113122171946 0.20588235294117646 0.14705882352941177 0.10760401721664276
33 0.498868778280543 0.10760401721664276 0.1832579185520362 0.1492109038737446
33 0.49095022624434387 0.8708751793400287 0.167420814479638 0.13199426111908177
11 0.5180995475113123 0.4799139167862267 0.12669683257918551 0.13629842180774748
4 0.8042986425339367 0.4713055954088953 0.11990950226244344 0.09038737446197992
5 0.08823529411764706 0.32281205164992827 0.06787330316742081 0.04591104734576758
10 0.5124434389140271 0.5946915351506457 0.07918552036199095 0.06743185078909612
11 0.5429864253393665 0.38235294117647056 0.12669683257918551 0.13629842180774748
16 0.04072398190045249 0.07747489239598278 0.03167420814479638 0.028694404591104734
7 0.9004524886877828 0.5810616929698709 0.16289592760180996 0.09469153515064563
32 0.22850678733031674 0.9375896700143472 0.03167420814479638 0.021520803443328552
31 0.6210407239819005 0.505738880918221 0.1244343891402715 0.021520803443328552
28 0.2828054298642534 0.4053084648493544 0.058823529411764705 0.047345767575322814
30 0.40384615384615385 0.1284074605451937 0.06561085972850679 0.024390243902439025
26 0.920814479638009 0.29770444763271164 0.13122171945701358 0.09038737446197992
32 0.9276018099547512 0.8816355810616929 0.03167420814479638 0.021520803443328552
29 0.4083710407239819 0.2797704447632712 0.083710407239819 0.08321377331420372
27 0.9117647058823529 0.505738880918221 0.10407239819004525 0.06743185078909612
26 0.15610859728506787 0.4268292682926829 0.13122171945701358 0.09038737446197992
30 0.07352941176470588 0.7596843615494978 0.06561085972850679 0.024390243902439025
28 0.3246606334841629 0.0824964131994261 0.06108597285067873 0.05021520803443329
25 0.45361990950226244 0.7489239598278336 0.07918552036199095 0.03156384505021521
31 0.7047511312217195 0.02080344332855093 0.1244343891402715 0.021520803443328552
26 0.2828054298642534 0.870157819225251 0.13122171945701358 0.09038737446197992
27 0.3778280542986425 0.2374461979913917 0.09954751131221719 0.06169296987087518
31 0.6798642533936652 0.10329985652797705 0.06561085972850679 0.02295552367288379
32 0.01583710407239819 0.2776183644189383 0.03167420814479638 0.021520803443328552
