28 0.19014084507042253 0.76953125 0.15492957746478872 0.12834821428571427
28 0.7887323943661971 0.76953125 0.15492957746478872 0.12834821428571427
28 0.198943661971831 0.20870535714285715 0.15140845070422534 0.11160714285714286
28 0.7992957746478874 0.20870535714285715 0.15140845070422534 0.11160714285714286
28 0.5017605633802817 0.11049107142857142 0.19014084507042253 0.15401785714285715
28 0.49295774647887325 0.8733258928571429 0.17253521126760563 0.13727678571428573
12 0.06426056338028169 0.43191964285714285 0.1073943661971831 0.07142857142857142
14 0.6320422535211268 0.40736607142857145 0.08450704225352113 0.06919642857142858
11 0.5404929577464789 0.41964285714285715 0.13028169014084506 0.08035714285714286
5 0.7552816901408451 0.6662946428571429 0.1267605633802817 0.08258928571428571
1 0.1954225352112676 0.5022321428571429 0.08450704225352113 0.06919642857142858
18 0.23767605633802816 0.6674107142857143 0.09154929577464789 0.060267857142857144
6 0.6285211267605634 0.33705357142857145 0.0880281690140845 0.046875
9 0.49295774647887325 0.4921875 0.13732394366197184 0.09821428571428571
25 0.25528169014084506 0.6037946428571429 0.13028169014084506 0.07589285714285714
24 0.4225352112676056 0.32589285714285715 0.20774647887323944 0.09598214285714286
27 0.4278169014084507 0.7310267857142857 0.1443661971830986 0.060267857142857144
21 0.13908450704225353 0.8169642857142857 0.056338028169014086 0.03571428571428571
