33 0.18778280542986425 0.7661406025824964 0.1493212669683258 0.12338593974175036
33 0.7873303167420814 0.7661406025824964 0.1493212669683258 0.12338593974175036
33 0.19796380090497737 0.20588235294117646 0.14705882352941177 0.10760401721664276
33 0.7975113122171946 0.20588235294117646 0.14705882352941177 0.10760401721664276
33 0.498868778280543 0.10760401721664276 0.1832579185520362 0.1492109038737446
33 0.49095022624434387 0.8708751793400287 0.167420814479638 0.13199426111908177
22 0.8076923076923077 0.5423242467718795 0.13122171945701358 0.12338593974175036
8 0.47285067873303166 0.39239598278335724 0.06334841628959276 0.05021520803443329
3 0.4423076923076923 0.3357245337159254 0.05203619909502263 0.06025824964131994
15 0.3009049773755656 0.46269727403156385 0.05429864253393665 0.06743185078909612
16 0.6481900452488688 0.38522238163558103 0.038461538461538464 0.027259684361549498
0 0.417420814479638 0.6657101865136298 0.06108597285067873 0.04878048780487805
9 0.7160633484162896 0.4935437589670014 0.16968325791855204 0.11190817790530846
6 0.2873303167420814 0.539454806312769 0.058823529411764705 0.028694404591104734
17 0.33031674208144796 0.5014347202295553 0.07239819004524888 0.04447632711621234
21 0.4072398190045249 0.5868005738880918 0.058823529411764705 0.05164992826398852
19 0.8778280542986425 0.6736011477761836 0.10407239819004525 0.08177905308464849
23 0.5554298642533937 0.5839311334289814 0.1425339366515837 0.0746054519368723
24 0.14705882352941177 0.48206599713055953 0.12217194570135746 0.08895265423242468
4 0.48981900452488686 0.6348637015781923 0.11990950226244344 0.08751793400286945
12 0.4796380090497738 0.53012912482066 0.08144796380090498 0.09899569583931134
4 0.5169683257918553 0.5157819225251076 0.11990950226244344 0.08751793400286945
11 0.5067873303167421 0.39096126255380204 0.12669683257918551 0.13629842180774748
15 0.9615384615384616 0.6197991391678622 0.06334841628959276 0.08034433285509325
12 0.32918552036199095 0.6621233859397417 0.1334841628959276 0.0703012912482066
5 0.583710407239819 0.44045911047345765 0.06787330316742081 0.04591104734576758
7 0.1244343891402715 0.5423242467718795 0.16289592760180996 0.09469153515064563
16 0.8484162895927602 0.5451936872309899 0.04072398190045249 0.028694404591104734
3 0.07805429864253394 0.2618364418938307 0.06561085972850679 0.05308464849354376
24 0.755656108597285 0.5121951219512195 0.12217194570135746 0.08895265423242468
2 0.07126696832579185 0.3242467718794835 0.0746606334841629 0.08321377331420372
23 0.4502262443438914 0.46915351506456243 0.1493212669683258 0.08321377331420372
10 0.2737556561085973 0.047345767575322814 0.11312217194570136 0.06886657101865136
8 0.9717194570135747 0.6994261119081779 0.05203619909502263 0.03873744619799139
6 0.05429864253393665 0.6305595408895266 0.04524886877828054 0.035868005738880916
21 0.5101809954751131 0.3866571018651363 0.04751131221719457 0.05021520803443329
1 0.417420814479638 0.45480631276901007 0.05656108597285068 0.05738880918220947
27 0.3009049773755656 0.4748923959827834 0.10407239819004525 0.06599713055954089
32 0.07692307692307693 0.6664275466284074 0.03167420814479638 0.021520803443328552
31 0.8608597285067874 0.8780487804878049 0.06561085972850679 0.02295552367288379
29 0.6278280542986425 0.6685796269727403 0.083710407239819 0.08321377331420372
25 0.669683257918552 0.17216642754662842 0.03167420814479638 0.028694404591104734
30 0.40384615384615385 0.663558106169297 0.06561085972850679 0.024390243902439025
28 0.670814479638009 0.6664275466284074 0.06108597285067873 0.05021520803443329
29 0.7115384615384616 0.35581061692969873 0.08823529411764706 0.06025824964131994
26 0.5113122171945701 0.6865136298421808 0.13122171945701358 0.09038737446197992
32 0.083710407239819 0.7037302725968436 0.03167420814479638 0.021520803443328552
25 0.8880090497737556 0.7130559540889526 0.07918552036199095 0.03156384505021521
27 0.4276018099547511 0.8185078909612625 0.10407239819004525 0.06743185078909612
31 0.17081447963800905 0.7080344332855093 0.1244343891402715 0.021520803443328552
29 0.75 0.7489239598278336 0.08823529411764706 0.06025824964131994
32 0.8981900452488688 0.43113342898134865 0.03167420814479638 0.021520803443328552
31 0.6187782805429864 0.6908177905308465 0.1244343891402715 0.021520803443328552
28 0.8789592760180995 0.7101865136298422 0.07013574660633484 0.05164992826398852
26 0.5916289592760181 0.5459110473457676 0.1425339366515837 0.06743185078909612
30 0.25 0.9562410329985653 0.06561085972850679 0.024390243902439025
25 0.12104072398190045 0.7941176470588235 0.0746606334841629 0.027259684361549498
27 0.334841628959276 0.6362984218077475 0.09954751131221719 0.06169296987087518
