29 0.19683257918552036 0.7714723926380368 0.167420814479638 0.13190184049079753
29 0.7963800904977375 0.7714723926380368 0.167420814479638 0.13190184049079753
29 0.18665158371040724 0.21088957055214724 0.1244343891402715 0.11503067484662577
29 0.7861990950226244 0.21088957055214724 0.1244343891402715 0.11503067484662577
29 0.501131221719457 0.11503067484662577 0.18778280542986425 0.1687116564417178
29 0.48868778280542985 0.8788343558282209 0.16289592760180996 0.147239263803681
6 0.3235294117647059 0.30368098159509205 0.17647058823529413 0.11042944785276074
12 0.6945701357466063 0.17791411042944785 0.10407239819004525 0.0705521472392638
27 0.3993212669683258 0.8266871165644172 0.07013574660633484 0.05521472392638037
28 0.1323529411764706 0.379601226993865 0.10180995475113122 0.05368098159509203
12 0.27828054298642535 0.24539877300613497 0.10407239819004525 0.0705521472392638
25 0.2647058823529412 0.6733128834355828 0.03167420814479638 0.03067484662576687
25 0.13800904977375567 0.1549079754601227 0.03167420814479638 0.03067484662576687
25 0.7341628959276018 0.6088957055214724 0.07918552036199095 0.03374233128834356
