29 0.19683257918552036 0.7714723926380368 0.167420814479638 0.13190184049079753
29 0.7963800904977375 0.7714723926380368 0.167420814479638 0.13190184049079753
29 0.18665158371040724 0.21088957055214724 0.1244343891402715 0.11503067484662577
29 0.7861990950226244 0.21088957055214724 0.1244343891402715 0.11503067484662577
29 0.501131221719457 0.11503067484662577 0.18778280542986425 0.1687116564417178
29 0.48868778280542985 0.8788343558282209 0.16289592760180996 0.147239263803681
3 0.7251131221719457 0.4294478527607362 0.05203619909502263 0.06134969325153374
8 0.1595022624434389 0.07515337423312883 0.16968325791855204 0.1196319018404908
6 0.6221719457013575 0.7131901840490797 0.17647058823529413 0.11042944785276074
26 0.6278280542986425 0.3197852760736196 0.1425339366515837 0.07208588957055215
25 0.7398190045248869 0.9371165644171779 0.03167420814479638 0.03067484662576687
28 0.08257918552036199 0.11042944785276074 0.08823529411764706 0.06441717791411043
27 0.09276018099547512 0.8918711656441718 0.058823529411764705 0.05061349693251534
25 0.2748868778280543 0.5521472392638037 0.07918552036199095 0.03374233128834356
26 0.6776018099547512 0.3934049079754601 0.1425339366515837 0.07208588957055215
