33 0.18778280542986425 0.7661406025824964 0.1493212669683258 0.12338593974175036
33 0.7873303167420814 0.7661406025824964 0.1493212669683258 0.12338593974175036
33 0.19796380090497737 0.20588235294117646 0.14705882352941177 0.10760401721664276
33 0.7975113122171946 0.20588235294117646 0.14705882352941177 0.10760401721664276
33 0.498868778280543 0.10760401721664276 0.1832579185520362 0.1492109038737446
33 0.49095022624434387 0.8708751793400287 0.167420814479638 0.13199426111908177
18 0.6052036199095022 0.4799139167862267 0.083710407239819 0.05308464849354376
1 0.5938914027149321 0.29053084648493543 0.083710407239819 0.047345767575322814
6 0.083710407239819 0.5760401721664276 0.04524886877828054 0.035868005738880916
20 0.6074660633484162 0.7087517934002869 0.0746606334841629 0.05738880918220947
16 0.7782805429864253 0.4583931133428981 0.049773755656108594 0.04160688665710186
23 0.6029411764705882 0.6413199426111909 0.1425339366515837 0.0746054519368723
21 0.6108597285067874 0.4533715925394548 0.058823529411764705 0.05164992826398852
14 0.4343891402714932 0.6592539454806313 0.09502262443438914 0.06456241032998565
24 0.06561085972850679 0.28694404591104733 0.12217194570135746 0.08895265423242468
2 0.3269230769230769 0.6255380200860832 0.0746606334841629 0.08321377331420372
20 0.10633484162895927 0.11621233859397417 0.04072398190045249 0.054519368723098996
18 0.252262443438914 0.6434720229555236 0.09728506787330317 0.06456241032998565
16 0.6809954751131222 0.7324246771879483 0.049773755656108594 0.04160688665710186
0 0.45701357466063347 0.5329985652797704 0.049773755656108594 0.04447632711621234
4 0.08710407239819004 0.5853658536585366 0.11085972850678733 0.08321377331420372
12 0.3665158371040724 0.5186513629842181 0.08144796380090498 0.09899569583931134
21 0.1753393665158371 0.6205164992826399 0.07918552036199095 0.047345767575322814
17 0.49321266968325794 0.672883787661406 0.08597285067873303 0.04591104734576758
