33 0.18778280542986425 0.7661406025824964 0.1493212669683258 0.12338593974175036
33 0.7873303167420814 0.7661406025824964 0.1493212669683258 0.12338593974175036
33 0.19796380090497737 0.20588235294117646 0.14705882352941177 0.10760401721664276
33 0.7975113122171946 0.20588235294117646 0.14705882352941177 0.10760401721664276
33 0.498868778280543 0.10760401721664276 0.1832579185520362 0.1492109038737446
33 0.49095022624434387 0.8708751793400287 0.167420814479638 0.13199426111908177
20 0.24321266968325791 0.6829268292682927 0.0746606334841629 0.05738880918220947
21 0.44004524886877827 0.5903873744619799 0.07918552036199095 0.047345767575322814
24 0.2579185520361991 0.09469153515064563 0.12217194570135746 0.08895265423242468
9 0.3223981900452489 0.5322812051649928 0.16968325791855204 0.11190817790530846
11 0.5248868778280543 0.6377331420373027 0.12669683257918551 0.13629842180774748
5 0.13574660633484162 0.4533715925394548 0.06787330316742081 0.04591104734576758
22 0.918552036199095 0.48493543758967 0.13122171945701358 0.12338593974175036
10 0.47058823529411764 0.44619799139167865 0.11312217194570136 0.06886657101865136
3 0.7138009049773756 0.5150645624103299 0.05203619909502263 0.05738880918220947
12 0.9276018099547512 0.46987087517934 0.06787330316742081 0.07317073170731707
4 0.6300904977375565 0.4411764705882353 0.11990950226244344 0.09038737446197992
2 0.6436651583710408 0.3357245337159254 0.0746606334841629 0.08321377331420372
18 0.36764705882352944 0.5344332855093257 0.083710407239819 0.05308464849354376
14 0.04751131221719457 0.9375896700143472 0.09502262443438914 0.06456241032998565
15 0.5180995475113123 0.6779053084648493 0.05429864253393665 0.06743185078909612
19 0.5203619909502263 0.4282639885222382 0.10407239819004525 0.08464849354375897
1 0.45361990950226244 0.3593974175035868 0.083710407239819 0.047345767575322814
13 0.36425339366515835 0.45911047345767575 0.09502262443438914 0.04591104734576758
8 0.0667420814479638 0.34074605451936874 0.05203619909502263 0.03873744619799139
