33 0.18778280542986425 0.7661406025824964 0.1493212669683258 0.12338593974175036
33 0.7873303167420814 0.7661406025824964 0.1493212669683258 0.12338593974175036
33 0.19796380090497737 0.20588235294117646 0.14705882352941177 0.10760401721664276
33 0.7975113122171946 0.20588235294117646 0.14705882352941177 0.10760401721664276
33 0.498868778280543 0.10760401721664276 0.1832579185520362 0.1492109038737446
33 0.49095022624434387 0.8708751793400287 0.167420814479638 0.13199426111908177
8 0.829185520361991 0.6305595408895266 0.05203619909502263 0.03873744619799139
24 0.6628959276018099 0.44763271162123386 0.12217194570135746 0.08895265423242468
17 0.17420814479638008 0.035868005738880916 0.08597285067873303 0.04591104734576758
13 0.5135746606334841 0.4031563845050215 0.09502262443438914 0.04591104734576758
23 0.7386877828054299 0.48493543758967 0.1425339366515837 0.0746054519368723
7 0.1244343891402715 0.5164992826398852 0.167420814479638 0.09182209469153516
22 0.7737556561085973 0.5236728837876614 0.13122171945701358 0.12338593974175036
3 0.5 0.48206599713055953 0.058823529411764705 0.05738880918220947
6 0.09049773755656108 0.8845050215208035 0.04524886877828054 0.035868005738880916
16 0.47737556561085975 0.7101865136298422 0.04072398190045249 0.028694404591104734
21 0.023755656108597284 0.42395982783357244 0.04751131221719457 0.05021520803443329
12 0.11990950226244344 0.5401721664275466 0.08144796380090498 0.09899569583931134
11 0.5 0.5903873744619799 0.12669683257918551 0.13629842180774748
20 0.12782805429864252 0.4949784791965567 0.0746606334841629 0.05738880918220947
2 0.47058823529411764 0.4562410329985653 0.07692307692307693 0.08895265423242468
1 0.27828054298642535 0.5186513629842181 0.09049773755656108 0.06169296987087518
0 0.583710407239819 0.6449067431850789 0.058823529411764705 0.05308464849354376
5 0.6617647058823529 0.3802008608321377 0.0746606334841629 0.03443328550932568
9 0.5916289592760181 0.3672883787661406 0.16968325791855204 0.11190817790530846
10 0.6561085972850679 0.45480631276901007 0.11312217194570136 0.06886657101865136
14 0.6855203619909502 0.6176470588235294 0.09502262443438914 0.06456241032998565
19 0.2420814479638009 0.10258249641319943 0.10407239819004525 0.08177905308464849
4 0.46945701357466063 0.5401721664275466 0.11990950226244344 0.09038737446197992
10 0.503393665158371 0.46987087517934 0.07918552036199095 0.06743185078909612
24 0.3009049773755656 0.6212338593974175 0.12217194570135746 0.08895265423242468
7 0.7307692307692307 0.5868005738880918 0.16289592760180996 0.09469153515064563
23 0.48642533936651583 0.2783357245337159 0.1493212669683258 0.08321377331420372
3 0.4479638009049774 0.4146341463414634 0.049773755656108594 0.05164992826398852
8 0.9434389140271493 0.6420373027259685 0.06334841628959276 0.05021520803443329
16 0.20475113122171945 0.5681492109038737 0.05656108597285068 0.04591104734576758
11 0.497737556561086 0.38952654232424677 0.12669683257918551 0.13629842180774748
22 0.3031674208144796 0.5624103299856528 0.13122171945701358 0.12338593974175036
26 0.5113122171945701 0.1872309899569584 0.13122171945701358 0.09038737446197992
32 0.7194570135746606 0.27187948350071733 0.03167420814479638 0.021520803443328552
27 0.2737556561085973 0.5473457675753228 0.10407239819004525 0.06743185078909612
26 0.834841628959276 0.06958393113342898 0.13122171945701358 0.09038737446197992
30 0.7002262443438914 0.3550932568149211 0.06561085972850679 0.024390243902439025
29 0.48981900452488686 0.776183644189383 0.083710407239819 0.08321377331420372
31 0.3925339366515837 0.8127690100430416 0.1244343891402715 0.021520803443328552
