33 0.18778280542986425 0.7661406025824964 0.1493212669683258 0.12338593974175036
33 0.7873303167420814 0.7661406025824964 0.1493212669683258 0.12338593974175036
33 0.19796380090497737 0.20588235294117646 0.14705882352941177 0.10760401721664276
33 0.7975113122171946 0.20588235294117646 0.14705882352941177 0.10760401721664276
33 0.498868778280543 0.10760401721664276 0.1832579185520362 0.1492109038737446
33 0.49095022624434387 0.8708751793400287 0.167420814479638 0.13199426111908177
10 0.22850678733031674 0.6513629842180775 0.11312217194570136 0.06886657101865136
16 0.7714932126696833 0.6004304160688666 0.049773755656108594 0.04160688665710186
25 0.8800904977375565 0.5688665710186513 0.08597285067873303 0.04160688665710186
29 0.15497737556561086 0.6757532281205165 0.08823529411764706 0.06025824964131994
31 0.6414027149321267 0.08751793400286945 0.06561085972850679 0.02295552367288379
32 0.9298642533936652 0.23601147776183645 0.03167420814479638 0.021520803443328552
27 0.5995475113122172 0.40028694404591103 0.10407239819004525 0.06599713055954089
