29 0.19683257918552036 0.7714723926380368 0.167420814479638 0.13190184049079753
29 0.7963800904977375 0.7714723926380368 0.167420814479638 0.13190184049079753
29 0.18665158371040724 0.21088957055214724 0.1244343891402715 0.11503067484662577
29 0.7861990950226244 0.21088957055214724 0.1244343891402715 0.11503067484662577
29 0.501131221719457 0.11503067484662577 0.18778280542986425 0.1687116564417178
29 0.48868778280542985 0.8788343558282209 0.16289592760180996 0.147239263803681
15 0.6074660633484162 0.9677914110429447 0.05656108597285068 0.049079754601226995
0 0.49321266968325794 0.772239263803681 0.058823529411764705 0.05674846625766871
3 0.053167420814479636 0.32285276073619634 0.05203619909502263 0.0843558282208589
16 0.4095022624434389 0.09739263803680982 0.08144796380090498 0.0598159509202454
15 0.9604072398190046 0.602760736196319 0.05656108597285068 0.049079754601226995
16 0.32805429864253394 0.3013803680981595 0.08144796380090498 0.05674846625766871
10 0.4796380090497738 0.3581288343558282 0.12669683257918551 0.14570552147239263
11 0.9276018099547512 0.3006134969325153 0.09502262443438914 0.07668711656441718
5 0.4276018099547511 0.1656441717791411 0.06787330316742081 0.049079754601226995
25 0.26357466063348417 0.674079754601227 0.0746606334841629 0.029141104294478526
28 0.7828054298642534 0.6265337423312883 0.1085972850678733 0.08128834355828221
