33 0.18778280542986425 0.7661406025824964 0.1493212669683258 0.12338593974175036
33 0.7873303167420814 0.7661406025824964 0.1493212669683258 0.12338593974175036
33 0.19796380090497737 0.20588235294117646 0.14705882352941177 0.10760401721664276
33 0.7975113122171946 0.20588235294117646 0.14705882352941177 0.10760401721664276
33 0.498868778280543 0.10760401721664276 0.1832579185520362 0.1492109038737446
33 0.49095022624434387 0.8708751793400287 0.167420814479638 0.13199426111908177
0 0.7703619909502263 0.5251076040172167 0.05656108597285068 0.054519368723098996
14 0.7183257918552036 0.6262553802008608 0.09728506787330317 0.06743185078909612
6 0.26018099547511314 0.5315638450502153 0.04524886877828054 0.035868005738880916
20 0.5316742081447964 0.6312769010043041 0.04072398190045249 0.054519368723098996
12 0.5271493212669683 0.6341463414634146 0.09502262443438914 0.07173601147776183
