33 0.18778280542986425 0.7661406025824964 0.1493212669683258 0.12338593974175036
33 0.7873303167420814 0.7661406025824964 0.1493212669683258 0.12338593974175036
33 0.19796380090497737 0.20588235294117646 0.14705882352941177 0.10760401721664276
33 0.7975113122171946 0.20588235294117646 0.14705882352941177 0.10760401721664276
33 0.498868778280543 0.10760401721664276 0.1832579185520362 0.1492109038737446
33 0.49095022624434387 0.8708751793400287 0.167420814479638 0.13199426111908177
9 0.4592760180995475 0.48421807747489237 0.167420814479638 0.11047345767575323
3 0.44004524886877827 0.43185078909612623 0.05203619909502263 0.06025824964131994
27 0.23529411764705882 0.7919655667144907 0.10407239819004525 0.06599713055954089
25 0.7409502262443439 0.11621233859397417 0.07918552036199095 0.03156384505021521
31 0.5644796380090498 0.7345767575322812 0.06561085972850679 0.02295552367288379
32 0.6380090497737556 0.21592539454806312 0.03167420814479638 0.021520803443328552
26 0.7760180995475113 0.2503586800573888 0.13122171945701358 0.09038737446197992
30 0.8993212669683258 0.11119081779053085 0.06561085972850679 0.024390243902439025
28 0.18665158371040724 0.3134863701578192 0.06108597285067873 0.05021520803443329
