33 0.19014084507042253 0.76953125 0.15492957746478872 0.12834821428571427
33 0.7887323943661971 0.76953125 0.15492957746478872 0.12834821428571427
33 0.198943661971831 0.20870535714285715 0.15140845070422534 0.11160714285714286
33 0.7992957746478874 0.20870535714285715 0.15140845070422534 0.11160714285714286
33 0.5017605633802817 0.11049107142857142 0.19014084507042253 0.15401785714285715
33 0.49295774647887325 0.8733258928571429 0.17253521126760563 0.13727678571428573
11 0.4876760563380282 0.34598214285714285 0.13732394366197184 0.09821428571428571
10 0.6214788732394366 0.7042410714285714 0.07042253521126761 0.046875
30 0.13380281690140844 0.3002232142857143 0.1056338028169014 0.08705357142857142
32 0.41901408450704225 0.3080357142857143 0.10211267605633803 0.08035714285714286
31 0.579225352112676 0.16183035714285715 0.07746478873239436 0.05133928571428571
