28 0.19014084507042253 0.76953125 0.15492957746478872 0.12834821428571427
28 0.7887323943661971 0.76953125 0.15492957746478872 0.12834821428571427
28 0.198943661971831 0.20870535714285715 0.15140845070422534 0.11160714285714286
28 0.7992957746478874 0.20870535714285715 0.15140845070422534 0.11160714285714286
28 0.5017605633802817 0.11049107142857142 0.19014084507042253 0.15401785714285715
28 0.49295774647887325 0.8733258928571429 0.17253521126760563 0.13727678571428573
10 0.4524647887323944 0.5435267857142857 0.1795774647887324 0.10714285714285714
11 0.579225352112676 0.3984375 0.1267605633802817 0.078125
2 0.8309859154929577 0.6361607142857143 0.1443661971830986 0.09375
14 0.38204225352112675 0.5546875 0.10915492957746478 0.060267857142857144
5 0.2640845070422535 0.5223214285714286 0.13732394366197184 0.08482142857142858
18 0.5176056338028169 0.24553571428571427 0.08450704225352113 0.060267857142857144
0 0.5985915492957746 0.46875 0.07394366197183098 0.049107142857142856
26 0.4859154929577465 0.6238839285714286 0.10915492957746478 0.04241071428571429
25 0.2711267605633803 0.20089285714285715 0.09507042253521127 0.08035714285714286
